0.194513
0.005926
0.048216
0.123244
0.934212
0.013655
0.680243
0.728050
0.256638
0.367967
0.360688
1.589640
3.976665
3.474272
0.123228
0.051612
0.210942
0.064315
2.480153
0.104299
0.381067
0.720939
0.181140
0.354728
0.111577
0.808875
1.368711
0.165434
0.064238
0.049483
0.609991
2.868848
0.099978
0.980090
0.032781
0.047576
0.402263
0.753718
2.982736
0.152577
0.108587
0.077142
1.006369
0.102480
0.171165
0.558153
3.125997
4.558322
0.013470
0.038506
1.017154
0.152889
0.023759
0.021347
0.072684
0.375052
0.163753
0.225421
0.966243
0.121272
0.606033
0.424059
1.009847
0.084353
0.270096
1.831494
1.006037
0.263384
0.071562
6.184205
1.380489
0.442393
2.717674
0.601963
0.003599
0.060886
2.075799
0.126896
4.889650
0.994357
0.048566
0.128004
0.022623
0.822316
0.662157
0.370367
0.006528
1.636647
0.888372
0.036897
0.048839
0.386156
0.054651
6.059679
0.081682
0.023185
0.651056
1.040114
1.248252
2.457834
1.028705
0.090420
0.317952
10.479953
0.084395
0.498411
0.168912
0.983478
4.890058
0.454586
0.429211
0.022335
0.356694
2.549705
0.260733
0.998221
0.074579
0.196693
6.921588
1.849928
0.127688
0.279477
1.034702
1.000000
0.110513
0.346498
0.582022
0.067964
1.105491
0.131775
0.704236
0.176437
3.398959
0.322403
0.952054
1.056562
0.036438
1.019643
0.208515
0.218110
0.005953
0.679171
0.200442
0.125276
0.176309
0.904718
0.210623
0.065885
0.807513
0.701232
1.018011
1.155255
0.036553
0.118838
0.252525
0.012517
0.247436
0.927426
0.068609
0.586296
1.004634
0.054144
0.270160
1.208470
0.157053
0.887996
0.006929
0.172685
0.033126
0.632238
0.492959
0.043075
1.517027
1.172647
0.372438
10.583132
0.013790
1.642366
0.462106
0.689881
0.554375
0.393905
0.918217
0.019689
0.993311
0.095068
0.098607
0.277582
0.060243
1.000000
0.185239
0.019415
0.331385
0.057755
1.154965
0.227069
0.711537
0.998577
0.269833
6.216632
0.009591
0.121962
0.154296
0.048340
1.812118
2.005170
0.086333
1.179086
0.996772
0.133750
0.091546
1.000000
0.967465
1.243269
0.115291
0.533038
1.040482
0.064154
0.033501
0.950927
0.047984
0.182652
0.592791
1.155814
1.114335
1.086403
0.623201
0.240565
0.860117
0.300182
0.967652
1.161622
0.923459
0.129715
0.126247
0.269524
0.997201
1.000000
0.943052
2.726996
0.104703
0.031530
0.312203
0.206018
0.183181
0.201458
1.000000
0.053934
0.949654
1.000000
0.176729
1.507352
1.572027
0.152835
0.762277
2.061251
0.962495
1.806578
0.163774
0.829973
0.961730
0.783274
3.282097
0.014059
1.299526
0.992934
0.131073
0.951592
0.703815
0.889018
0.040976
0.878483
1.473084
1.099941
0.381811
0.990124
0.765740
2.519115
0.272838
1.100653
0.321729
0.946721
0.942503
0.889664
0.836216
0.363517
0.205269
0.033692
0.343365
0.502771
0.533227
0.715341
0.860357
0.186359
0.069659
1.243813
0.253019
2.666417
1.000000
0.104250
0.305290
0.662153
0.855447
0.808924
0.613717
0.421494
0.066342
0.783978
0.015208
0.444299
0.255744
0.870630
3.326346
0.921346
1.120626
0.085269
0.292382
1.097327
1.547906
1.000000
1.082105
0.243475
0.786262
0.051879
0.955115
0.079809
1.275938
0.088453
0.775129
1.019626
1.125185
0.330221
0.477096
0.090816
0.749656
5.884016
0.142923
1.962202
0.146628
0.642901
0.385515
0.084890
0.934847
0.928310
0.217369
0.049363
1.614987
0.081401
0.980511
0.022686
1.084301
0.786803
0.560985
0.928350
0.419758
0.143117
0.595817
0.499390
0.290227
0.206966
0.553719
0.095312
1.319252
0.399083
0.899776
0.445368
0.119935
1.181027
0.836768
0.621757
2.337491
1.984318
0.662246
0.961132
0.705030
1.000000
0.097034
0.806509
0.107731
0.531749
0.636322
0.032984
0.738058
1.183600
31.096584
1.936675
0.029870
1.146896
0.002455
1.161141
1.330069
0.124202
1.137262
2.397487
0.972281
0.158335
0.956326
0.067183
1.281682
0.801052
0.100765
0.393784
0.729064
0.071644
1.298942
0.879364
1.015005
0.539228
0.659261
2.985801
0.716244
0.110505
7.403940
0.809774
0.939411
0.059244
0.592095
1.007489
1.049415
0.160782
3.171870
0.917045
0.472949
1.866556
0.192130
1.593645
0.438295
0.003442
1.518711
0.100598
1.000000
0.211350
1.000000
1.275303
0.782149
1.860851
1.183152
0.575017
0.918340
1.060217
2.953725
0.583890
0.195839
0.024220
1.298969
1.055633
0.844636
0.162130
0.933559
0.788693
0.602657
1.182361
0.080708
1.512479
1.000000
0.635541
0.402313
0.953591
0.314473
0.912273
0.455896
0.054638
0.743386
1.007413
1.335027
0.066399
0.026584
0.200633
1.618496
9.088770
0.579142
0.040791
0.513122
0.245784
0.988051
0.803064
1.000000
0.710757
0.497317
0.083013
0.938441
0.276977
0.588167
0.118777
1.770830
0.517305
0.432730
1.400686
0.551822
1.542817
1.566468
0.020793
1.689067
1.522239
0.949729
0.282997
2.916371
0.509534
2.458246
0.098151
0.044281
0.864402
0.999999
0.317741
1.021796
0.206296
0.773306
0.302868
0.016521
0.149695
0.527921
1.841933
5.631111
0.138745
1.294081
0.312283
0.734778
0.651898
0.361576
0.579555
0.671475
0.407007
1.000000
1.400330
1.461459
0.349664
0.733586
1.186661
1.610325
0.547329
0.039572
0.037472
0.609449
0.822800
0.060511
1.000000
0.167518
0.506263
0.100014
0.490957
0.651101
0.566828
0.376985
0.114843
0.610786
0.993577
1.259393
1.000000
1.346864
2.949348
0.342457
0.204984
1.380072
0.143447
1.195981
0.721512
0.096258
1.475353
0.516367
1.000000
0.823760
0.069880
0.679970
1.388748
1.268295
0.140199
1.511423
1.314683
1.296744
0.949142
0.241924
3.183037
0.940780
0.040727
0.235024
0.590775
1.329914
0.518350
0.123666
1.109853
0.192154
2.843282
1.757912
0.279952
1.044034
0.575002
1.332373
1.003650
0.241130
0.041085
0.275385
0.951139
0.557532
0.166353
0.712909
0.987812
0.871168
0.657700
1.096230
0.500198
0.085587
0.454332
2.284021
0.086515
0.208646
0.961584
1.094347
3.544768
0.089868
1.000000
0.019155
0.485409
0.629007
0.794042
1.012731
0.540992
0.023571
1.086500
0.525753
0.726201
0.320721
0.251331
21.105684
0.118430
0.085164
0.680690
0.709146
0.692539
5.341669
1.157085
0.160439
1.000000
0.367405
0.019362
2.213988
0.271637
1.000000
0.274831
2.723351
0.620007
0.494091
0.525502
0.207328
0.849575
4.998204
0.185427
0.852850
1.456936
0.527064
2.021469
0.234463
2.085542
0.581403
0.223146
0.047173
0.436518
0.450652
2.165112
0.479013
0.572403
0.836211
1.870004
1.344171
0.116878
0.293078
0.234589
0.803030
0.456253
0.191616
0.084496
1.147973
0.545439
0.475491
0.212420
0.807797
2.236902
0.871305
0.630768
0.028213
1.164871
1.054002
0.690722
0.167330
0.265932
1.079947
0.384167
0.348069
0.089519
0.174013
1.214037
0.460047
0.142751
0.176409
0.632358
0.658879
0.193802
0.957906
0.296009
1.272491
0.649257
0.415321
0.429068
0.556828
0.150285
0.357726
0.197811
2.144763
0.969355
0.771447
0.007274
0.964176
0.254002
0.784038
1.692401
0.116742
1.000000
0.840838
0.194808
0.080871
0.872543
0.146662
0.148628
0.138528
0.178431
0.338571
0.349077
0.010370
0.010399
1.621117
0.621264
0.208059
0.310564
0.410952
0.048287
0.869434
0.344939
0.225353
0.130993
9.012965
0.004220
1.918377
0.214439
0.793655
0.676528
1.278643
1.287606
0.476271
0.241349
0.335588
1.441255
1.434826
1.189494
0.362969
0.421416
1.084016
0.118005
1.071150
1.246606
0.384187
0.821891
3.054641
1.173940
0.024940
0.480554
1.161469
0.986307
0.067692
1.000000
0.119399
0.926903
0.234809
7.293424
0.030278
1.142452
1.214866
0.148673
0.344131
1.000000
0.267086
0.595109
0.771854
2.084536
1.733445
3.949889
1.653865
0.339091
0.177764
0.084976
0.119502
1.434600
0.470230
3.847342
0.856876
0.799143
0.207871
0.550230
1.172583
0.369773
0.845972
0.030401
1.088083
2.556537
0.852747
1.466170
0.237993
0.615924
3.977445
0.543088
0.309335
1.445684
9.395351
0.687652
0.032490
0.004336
0.401622
0.060528
0.043438
5.670482
0.144365
1.179431
0.181816
1.118044
0.540487
0.300375
0.291707
0.020130
0.015440
1.495402
1.106061
0.515530
0.242806
1.222471
0.194857
0.428955
0.076945
4.799727
1.023823
0.066135
5.958287
0.028351
0.068485
0.619419
1.835395
0.969563
0.016456
0.659758
0.371647
0.015337
0.145689
0.882934
0.082686
0.933258
0.143322
3.918070
0.868747
0.037812
0.937783
0.025240
0.799042
0.525051
0.575314
0.712664
0.746125
0.974051
0.584036
0.257297
2.243479
0.885682
0.088647
0.566339
0.553405
0.198802
0.093212
2.307286
0.013713
0.686353
0.627849
0.035975
0.375145
0.940108
0.248169
0.779371
1.613976
1.264192
0.012252
1.015267
0.126307
0.290066
1.122179
1.038026
0.764219
2.161959
9.055232
0.966129
0.452058
1.068882
0.136462
0.472497
0.084132
0.952016
1.060853
0.157914
0.462018
0.212482
0.143783
0.963389
0.457658
0.344777
0.620357
1.094345
0.202557
0.651532
0.062545
1.220917
0.409154
0.856647
1.556546
0.696420
0.161369
0.048417
0.001919
1.040496
1.144996
1.535006
1.028004
0.521135
0.368847
0.363952
0.434801
0.769440
4.284791
0.220484
1.021123
1.422875
0.584153
0.047122
0.526846
1.088106
0.221246
0.006424
0.639606
0.655475
1.332516
1.891933
0.946114
4.732861
1.349728
0.666254
0.108502
0.133652
1.414632
0.148939
0.384355
0.749225
0.979207
1.001861
0.182409
2.543272
1.536756
1.347549
0.244684
0.110539
0.019171
2.341396
0.916797
0.335428
0.622937
0.007701
0.119557
1.086483
0.090669
0.001426
0.004218
0.898510
0.917361
0.484100
0.569615
0.638419
1.098239
0.505850
1.606135
0.126076
0.280162
1.382703
0.007950
0.401408
0.317469
0.824292
2.144887
1.688871
0.774511
0.145146
1.687842
0.002050
0.452167
1.794515
0.013692
0.318556
0.069374
0.369961
0.009332
9.176896
0.000761
0.424281
1.118898
1.181675
0.758289
0.057475
0.076698
0.648050
0.546317
0.202946
2.674952
0.138586
0.239642
0.130396
0.556886
80.917323
0.177829
7.983382
3.120902
0.922096
0.209142
0.100352
0.902667
1.030162
2.075232
0.966999
1.862352
0.325374
0.664746
0.243267
0.106023
0.062152
1.126084
1.093358
1.011082
0.870156
0.055242
0.013790
0.635259
1.732894
1.261858
0.487496
4.709609
0.180255
0.058854
0.753473
0.354125
0.037690
0.354118
0.088896
0.868221
0.863808
2.428035
0.653346
0.411901
2.319085
0.141794
0.378632
0.113410
0.147545
0.752558
0.282817
0.127664
0.027936
0.089567
0.119646
1.299080
0.015910
1.335790
0.492459
0.285646
0.741648
0.732240
0.813173
0.191708
0.580581
0.745397
0.849029
0.079948
0.130064
0.456563
5.100318
0.352741
0.046003
0.551927
1.000000
0.251584
0.342444
1.668494
1.007100
0.000649
0.316950
0.047245
0.049209
0.223768
0.032962
0.228389
2.531146
0.035087
0.588163
0.205823
0.653812
0.071430
0.315320
0.889367
0.208933
0.695271
0.196564
0.084684
3.506806
0.011158
0.201420
0.001490
1.975662
1.123063
0.508748
1.002068
0.997804
3.173325
1.963907
0.011336
0.225419
0.444902
4.826906
9.966011
3.625603
1.111775
0.329254
0.002345
0.235856
0.037799
5.737679
0.016522
0.890531
0.175209
0.306862
0.411663
1.819337
0.030230
0.221339
0.002138
0.662400
2.328098
0.940414
0.146310
0.040411
0.032747
0.342411
0.176175
1.000000
0.215433
0.493983
0.154690
7.693305
0.047583
0.838164
0.056060
0.001337
1.453368
1.068908
0.631525
0.000905
0.118023
0.384415
0.152354
0.119062
0.007170
1.026246
0.839692
0.467597
0.016436
0.822741
0.071198
0.018026
1.060646
0.182484
0.373294
3.577768
0.414972
1.063251
0.040468
0.039597
0.494147
0.939595
4.032682
0.000351
0.004793
1.026951
0.071067
0.072125
0.091726
0.013248
0.155515
0.003900
0.029189
0.332940
0.175314
0.058640
0.814126
0.197040
0.049574
2.968955
0.304395
0.058377
0.423677
0.020019
4.115471
0.054000
0.013054
1.031071
0.633262
0.858536
1.455912
0.317214
0.014304
0.030307
0.175657
1.567861
0.920450
0.000559
0.091052
0.004973
0.577700
0.004222
0.255712
0.150544
0.205819
0.076907
0.626075
0.374473
0.713360
1.491091
0.046234
0.057253
0.148967
0.018847
2.029423
0.347854
3.864792
0.001827
0.700237
0.768211
0.066135
21.560779
3.571049
0.013983
0.063832
0.797559
0.170799
0.271548
0.168152
0.036864
0.918914
0.678185
0.006273
0.053220
0.135680
0.924764
0.201100
0.353045
1.323062
0.300703
1.172849
0.150422
0.256286
0.814725
0.001879
0.932512
0.753730
0.076899
3.782029
0.190075
43.185641
0.009104
1.157747
0.659779
0.496699
0.728918
0.026371
0.109834
0.286169
0.079943
0.042871
0.012778
2.373293
0.066314
0.960768
0.977858
0.963791
0.588555
1.422824
0.007771
0.556027
0.014025
0.767252
2.434910
0.909171
0.410581
0.002225
0.771261
0.109786
0.692442
1.678564
1.224391
0.091019
0.029385
0.383322
0.051078
0.032820
0.279087
1.048507
0.209494
0.523679
0.825621
0.125710
4.448891
0.010489
0.033360
13.098418
0.720430
0.509030
0.056234
1.700541
0.006151
0.576833
0.224685
0.508548
1.743469
0.068194
0.343799
0.147264
0.057003
0.466363
0.476555
0.630308
0.242652
0.175703
0.122487
0.855225
0.138372
4.834395
0.587148
0.005046
0.141837
60.910558
0.733391
0.614662
0.017558
0.180039
0.007802
0.825987
0.853667
0.605073
0.030335
0.380561
0.001297
0.385590
0.088186
0.004212
2.077306
1.000000
0.051972
1.095545
0.087951
0.023759
0.298574
0.398669
1.369786
0.025186
0.353810
0.189953
0.005765
0.551101
0.328987
0.797122
0.101147
0.021850
0.139898
0.158383
0.026316
1.757085
0.019473
1.242999
0.001999
2.757855
1.618803
7.128799
0.018505
1.833684
0.000000
0.616856
0.117389
0.407562
1.052323
0.010189
1.884753
2.070335
0.877939
4.234566
0.063197
1.013640
0.169367
0.864066
0.036034
0.055183
0.025339
0.148715
0.613704
0.002345
0.238373
1.308875
0.098023
0.002105
0.077987
0.000084
0.084693
0.034416
0.422376
0.260951
0.912196
1.072348
0.077505
0.460499
0.190383
0.033274
1.627207
0.631524
0.009765
1.036942
0.005625
2.675977
0.034819
0.752121
2.287368
0.198535
0.176109
0.000786
0.333761
15.763944
0.126435
0.784269
0.037444
0.154424
1.523122
0.228795
0.180210
1.218589
0.576337
2.905912
1.220533
0.517382
0.166902
0.032279
0.847103
0.236587
0.318542
0.103068
0.121766
0.088529
4.486400
0.333020
0.011258
0.351332
0.026172
1.142689
0.037380
0.220948
0.021188
1.180065
0.484564
0.019688
2.088627
0.002903
0.053693
0.094624
0.966263
1.196760
0.007463
1.222083
0.052133
0.775602
0.625278
0.004132
0.168675
0.008405
0.325705
0.111570
0.016921
0.209919
0.155687
0.240960
0.004457
0.028884
0.081300
0.237911
0.508796
0.044187
1.147423
1.000473
1.507414
0.335701
0.120822
0.515460
0.842719
0.714261
0.801262
0.570005
0.536513
0.002890
0.247658
0.243680
1.299871
0.124439
0.112475
0.019565
0.073270
1.134326
0.179623
1.924463
0.265672
0.191016
0.015224
0.058498
0.005745
1.202407
0.767498
0.219786
0.385937
0.300553
0.217385
0.743871
0.022906
0.054207
1.011777
0.617243
0.526492
0.595025
0.077853
0.025096
1.089532
0.287957
0.341702
0.839483
0.599723
0.647314
0.030087
1.459224
0.005353
0.202759
0.014192
0.749793
0.703677
0.586913
2.872154
30.875757
0.421923
0.053307
0.498032
0.044705
1.004549
1.799310
0.062240
0.292436
0.032198
0.007430
0.268336
0.046077
1.295939
0.007190
0.000515
29.782561
0.060827
1.030870
0.358137
0.124569
1.273875
0.328025
0.142672
0.003858
0.026614
8.715506
0.002256
0.282975
0.928735
1.000000
0.267047
0.540483
0.901369
1.000000
0.356404
0.103465
0.001329
0.000348
0.404302
1.389422
0.116413
0.111753
0.015342
0.270038
0.715992
0.132237
0.243828
0.020526
0.113972
0.026113
0.237072
0.352199
1.036699
0.000027
0.390692
0.136879
0.044696
0.122995
0.006884
0.755173
0.777878
0.761244
1.270794
0.005978
5.946148
1.595170
0.007803
0.462150
0.016284
0.009127
0.446462
0.090872
0.037337
0.356352
0.250744
0.295865
1.728967
0.000048
1.536434
0.014193
0.907043
0.943785
0.017979
0.540401
0.026102
1.416823
0.001202
0.147483
0.029007
1.274018
0.109009
0.000415
0.250396
0.000739
4.208326
0.004364
0.000099
0.475840
0.001328
0.465993
0.363708
0.000466
1.806529
0.059411
0.001473
0.937737
0.179693
0.267532
0.001452
2.861107
0.055180
0.008687
1.690432
0.460892
0.217714
0.466842
0.020948
0.248626
0.004354
0.000167
1.043302
0.215781
0.788095
1.188692
0.103381
0.075772
0.769550
0.028604
0.024708
0.091726
0.927986
1.298742
1.350839
0.211178
0.072145
0.003532
1.078559
0.910011
0.028046
0.011745
18.575778
0.000448
0.000012
0.604314
0.009624
1.412991
0.053341
0.280353
15.164832
0.393487
0.387666
0.014745
0.103852
1.165165
0.133912
1.201471
0.019048
0.031266
4.795726
0.754621
0.012810
1.024046
2.018584
0.424818
0.482119
0.187574
0.019170
1.092161
0.066883
0.268292
12.531719
0.000334
0.065061
10.779638
0.036263
4.065423
0.752571
2.497122
1.002191
1.416930
0.090004
1.827908
0.608729
0.048702
0.106843
0.424393
0.330400
2.228858
0.057656
0.827221
0.391588
0.002016
0.002906
2.702994
0.051532
2.687385
0.171659
0.035779
0.000585
0.107552
0.004011
0.336584
0.673889
1.084079
0.465688
0.148589
0.001976
0.010845
0.637288
0.054007
0.003972
0.002885
0.030936
0.000775
0.002407
0.845701
0.893839
1.079842
0.954144
0.526170
14.853916
0.098764
0.383946
0.000053
0.473879
0.325352
0.162814
1.090564
0.028404
0.073309
0.000887
0.007511
0.745022
0.000535
1.115095
0.017374
0.000685
0.010230
0.265834
0.000616
1.035785
1.797616
0.081402
0.080581
0.004174
0.581099
0.006108
0.000214
0.025943
1.287155
0.273475
1.034279
0.898458
1.554001
0.073397
0.041517
0.549369
0.094521
6.279226
0.000725
0.450361
0.531167
0.513920
0.112133
0.110689
0.029649
0.034935
0.010663
0.516491
0.028603
0.086468
0.000412
0.289668
0.300419
0.222668
0.000005
1.081160
0.448926
0.246121
0.003236
0.000118
0.050107
0.007180
0.266153
0.480866
0.485540
0.094080
0.031863
0.008667
0.936504
0.068749
0.577564
0.023019
0.837401
0.888065
0.000159
0.000002
0.589744
0.023272
0.753309
0.708929
0.491792
1.194205
0.261222
1.000000
0.877982
0.022663
0.960502
1.153449
0.079850
0.507361
0.142846
0.593360
0.029746
0.026561
0.104325
0.504276
0.866480
0.002778
0.355658
0.086493
0.001661
0.978666
0.035532
0.754855
0.005286
0.003621
0.008018
0.003159
0.488694
0.859750
0.051619
0.383022
0.973482
0.079120
2.058009
0.102586
0.009153
0.858583
0.059317
0.203218
0.056652
1.098042
0.077314
0.079640
0.613054
0.000386
0.000654
0.013686
0.001346
1.028041
0.298310
0.034878
1.170769
2.248858
0.005485
0.000131
0.010564
0.024516
0.426365
0.030794
0.512148
0.416846
0.791474
0.004506
1.086133
0.000016
0.303990
0.122300
0.010848
4.594718
0.076800
0.404298
0.907662
1.244609
0.018848
0.016075
24.257887
1.444181
0.774323
0.452588
1.000000
1.413215
0.398022
1.000000
0.000573
1.119961
0.004977
0.903227
0.000517
0.002059
0.620491
0.001438
0.238868
0.502707
0.010862
0.028020
2.570660
0.570507
0.636360
0.164061
0.155355
0.732683
0.954410
0.059216
0.577548
0.939056
0.216859
0.110885
0.421069
0.003312
0.199692
0.956947
0.290020
0.201240
1.060740
1.825897
0.055441
0.021325
0.818521
8.082239
0.007600
0.000343
0.000184
0.132110
0.000087
0.070020
0.057406
0.040396
0.001544
0.000628
0.432756
0.000000
0.009357
0.117800
0.076228
0.003862
0.022803
0.082484
0.009588
1.000000
0.115089
1.000000
0.006054
0.010266
0.000409
0.894453
0.073205
0.482638
0.001188
0.541477
0.078898
0.003128
0.006773
1.209797
1.000000
0.524753
1.058804
0.371634
1.096901
0.011004
0.528933
0.033710
0.187585
0.003815
0.027401
1.547633
0.152070
0.761266
0.007556
0.783666
0.890001
0.925610
0.003620
0.000026
0.382508
0.003923
0.000003
0.003004
0.936439
0.204998
0.027357
0.000741
0.140287
0.037179
0.000681
0.285315
0.000205
5.598198
0.004419
1.994942
0.821129
0.014580
1.661868
0.000073
0.053663
1.052969
0.017921
0.074519
0.846728
0.108063
0.019626
0.238515
0.354044
2.998544
0.079412
1.094519
0.439157
0.000781
0.553777
0.719265
0.214600
0.131232
0.973140
0.654383
0.002601
0.588278
0.000287
0.013884
0.397033
0.042781
7.850136
0.242633
0.010926
0.008429
0.000038
0.002675
0.033315
0.027205
0.244958
0.053573
0.257478
0.070148
0.313795
0.406420
0.151320
1.200817
0.027519
0.360668
0.011116
0.231957
0.533694
0.009323
0.398021
0.010593
0.108947
1.838836
1.233433
0.759142
0.168235
0.658548
0.003710
0.003394
0.811274
0.067202
0.545212
0.100460
0.021009
0.884590
0.883832
0.273901
490.358703
0.318866
0.414864
0.561957
0.214461
0.883684
0.021606
0.044309
0.008094
0.007695
53.836576
0.003599
0.015960
0.151932
0.338172
0.112953
2.149393
0.655536
0.067719
1.105131
0.096257
0.008866
0.250463
0.678946
0.429539
0.016572
1.057137
0.035813
0.788923
0.124664
0.201879
0.000148
5.460015
0.005509
0.072029
0.000475
0.000193
0.001215
0.711843
0.292489
0.052895
0.455755
0.011829
0.001785
0.000046
1.034015
0.613448
3.629087
2.684405
0.008582
0.544851
0.096760
0.671382
28.245575
0.702370
0.138137
0.735881
0.006492
1.026514
0.020063
0.002509
0.079633
0.010863
0.000048
0.001353
0.000031
0.131512
1.879607
0.002537
0.158850
0.857265
1.038016
1.640884
0.570513
0.814323
0.000047
0.046939
0.321273
0.007058
0.018057
1.069034
0.739037
0.181558
0.792009
0.018029
0.024438
0.001265
0.914779
1.197930
0.009666
0.001302
0.017775
0.015546
0.002420
0.005433
0.948046
0.000001
0.664191
0.070209
0.103481
17.272016
1.565715
0.198584
0.370699
0.393728
0.025597
0.030578
0.007183
0.129662
4.388327
10.694483
1.593257
0.000057
0.205333
0.605208
0.001212
0.651330
0.274522
0.001538
1.042241
1.013073
0.183728
1.056196
0.024335
0.100284
1.712743
0.983703
0.573761
2.604300
0.012544
0.033049
1.405930
0.020743
1.071946
1.223605
2.756998
0.000147
0.008139
0.095833
6.618691
0.046490
0.059167
0.053265
0.001007
0.488301
0.003601
0.001724
11.119943
0.184950
0.012671
0.044257
1.065869
3.312817
4.819472
0.045332
1.185954
0.285722
0.067344
0.050820
0.588425
0.005020
3.074930
0.051459
0.050550
0.022113
1.653932
1.122878
0.195549
0.027780
0.977461
0.023129
0.117522
0.083977
0.843611
0.002489
1.458561
0.016452
8.435996
0.309969
0.011838
0.361874
1.144252
0.368096
0.013337
5.599781
1.513075
0.009723
0.032378
0.094954
0.066983
2.330927
0.889940
0.197801
0.000482
0.045023
0.012331
0.013629
3.860334
0.000037
1.217201
12.506124
0.196963
1.249831
2.663550
0.799506
0.000088
3.406586
0.190482
0.283080
0.005756
0.019823
0.001568
0.426535
1.000000
1.026099
0.116077
0.914767
0.027122
0.002440
0.001018
0.095471
0.000000
4.956910
0.354030
0.130011
0.865474
0.000022
0.037509
0.007948
4.470607
0.459200
0.821625
1.252875
0.502698
0.075829
0.641031
0.350951
0.006392
0.104605
0.000027
0.122706
0.008120
0.123995
0.127340
0.198584
2.097398
0.006903
0.313881
0.611779
0.096336
0.326320
0.182014
1.104226
0.294305
2.863082
0.205432
1.078505
1.000000
0.462472
0.122095
0.388238
0.581430
0.046266
0.538183
0.009027
0.039506
0.860765
0.015076
0.353685
0.072978
0.022684
1.297902
0.022605
0.098653
0.006361
5.333115
0.692939
1.149372
0.323402
0.348084
0.010946
0.014150
0.077979
0.001008
0.125051
1.042010
0.011080
56.508694
1.038794
0.003848
2.233770
0.231150
0.019291
0.203742
0.001557
0.000517
3.102314
0.034580
0.000557
0.320369
0.365280
0.010712
0.000244
5.608470
0.016986
0.006791
0.414497
3.412332
0.642621
0.797798
1.129014
0.011683
0.224760
0.047198
0.037803
0.328932
0.000568
0.013750
0.001914
0.022918
0.020387
1.000000
9.361340
0.091904
0.096408
0.565999
0.015080
0.165268
0.001744
0.440231
0.047189
0.682848
0.017210
0.026740
1.608421
0.098539
2.362499
0.032417
0.045527
0.000022
0.042727
0.014953
1.215502
0.208858
0.061633
0.010765
4.293939
3.543244
0.032967
1.611289
0.695037
0.401280
0.299479
0.066896
0.129057
1.364670
0.164132
0.000380
1.028404
0.000808
1.198447
0.105277
0.782984
0.321055
0.322954
2.101767
0.779182
0.712097
1.667180
0.685196
0.000829
0.011500
0.001624
0.084829
0.000672
0.356092
0.132389
7.681390
0.089799
0.000133
2.148170
0.002271
0.047321
0.000312
0.192101
0.000029
0.000012
0.013215
0.041039
0.007090
0.039867
0.901852
0.684428
0.002073
1.919258
1.078846
1.593216
0.017144
0.923638
0.085571
0.090304
0.359269
0.368733
0.996154
0.163064
0.292799
0.006076
0.002958
1.657615
0.181046
0.616120
0.337591
0.019457
0.044953
1.709543
0.167553
0.150510
0.138763
0.925778
0.004050
1.216127
0.051944
0.089442
51.804301
0.047052
0.121530
0.801648
0.001383
0.493270
0.049432
0.124395
0.017545
0.217188
0.037912
0.169342
0.057665
0.032875
0.001327
0.539679
0.388536
0.342553
0.046534
0.055670
0.001162
1.309325
0.327857
0.003876
0.182003
0.192982
0.068359
0.398397
0.212999
0.227202
1.275936
0.009443
0.864477
7.172576
0.990646
1.551783
0.001514
1.000000
1.142068
0.243708
0.021595
0.930932
0.015060
0.370384
0.114773
0.002787
0.493243
0.240362
0.518737
0.458581
6.979547
0.923669
1.048536
0.007246
0.006003
0.034686
1.635123
0.326106
0.021873
1.997307
1.338789
0.217940
0.962893
0.660715
7.206182
0.037168
0.132309
0.193283
0.047329
3.019643
0.008200
0.160837
0.269841
0.169777
1.114021
0.023083
1.011567
1.000000
0.379386
0.000018
0.267884
0.003081
0.625714
0.165979
0.561446
0.162720
0.012303
0.470198
0.558396
0.551782
0.462767
0.277697
0.424604
0.003784
0.386211
0.266111
1.499714
1.792956
0.110913
0.012874
0.006581
0.345388
1.007149
0.011664
0.218155
1.312511
0.012228
0.943589
0.348302
0.321058
1.229335
0.119913
0.001461
0.649990
0.031263
0.924659
1.146313
0.018119
0.002677
0.039171
0.766130
0.003144
0.980984
0.233424
0.606666
0.511848
1.120815
0.422411
2.273107
0.413046
0.162614
0.403868
0.012424
0.052447
1.766753
1.180217
0.115920
0.001202
0.400890
0.054132
0.051160
0.442871
2.722884
1.208986
0.278180
252.245424
0.024184
0.083781
0.837113
1.682161
2.703358
0.066713
274.122992
3.109205
0.057397
0.718389
0.158832
0.308753
9.659643
0.005744
1.230345
0.386743
0.009449
1.105222
0.808944
0.764588
0.909744
0.008697
0.071890
0.080345
0.512991
0.216960
0.034297
0.015371
0.542622
0.000042
0.261598
0.204540
0.376885
0.040687
0.236934
0.575067
0.001780
0.904814
0.000347
1.018954
0.156482
0.025359
0.516299
0.071914
0.143235
0.208310
6.473444
0.909200
0.639086
0.431637
1.162163
0.057882
0.112395
0.257938
0.155584
1.385524
1.042446
0.070625
0.000040
0.664247
0.000690
0.464314
0.060022
0.000200
0.571782
0.697960
0.256443
0.501165
1.103960
0.040055
0.000365
1.322370
0.443876
0.540789
0.286954
0.009925
0.117623
0.639287
0.000235
0.084257
0.153695
0.003694
0.002971
0.218272
0.482016
0.438787
0.403026
0.083586
2.060887
0.047321
1.041823
0.155357
1.371046
0.003270
0.743921
0.291066
0.028360
0.000040
0.565549
11.956449
0.129066
0.095633
0.076212
0.003473
0.062197
0.424860
2.099494
0.014011
0.146357
0.119703
0.316184
1.210211
7.735484
0.493959
0.230566
0.022654
0.000155
0.000910
0.006892
0.081352
0.054996
0.235369
0.006083
6.354158
0.021446
0.064852
1.042128
0.002086
0.007229
0.262479
0.019785
0.273599
0.000300
0.017397
0.176892
0.002302
0.009111
0.209135
0.103435
0.064695
0.003435
0.042272
0.203077
0.000004
2.714207
3.057062
0.128063
0.000905
0.000458
0.005064
0.357231
0.010341
0.002326
0.296007
0.321201
6.329785
0.496073
0.694497
0.233930
0.812540
0.581858
0.082555
3.578749
1.338790
0.223070
0.045203
0.025610
0.092566
0.007975
0.035729
0.050830
0.358305
1.776200
0.006044
0.904402
0.000006
0.370624
0.621224
0.195333
2.960254
0.005545
0.230773
1.484679
0.823568
0.253082
0.298619
0.151806
0.002327
1.000000
0.252342
0.012486
0.000033
0.009655
0.104887
0.826413
0.020375
0.271052
0.709682
0.336729
0.309385
0.071412
0.001008
0.048658
0.002826
0.001229
0.154978
0.393185
0.190029
0.899750
0.029191
0.003732
0.242057
0.040468
0.351914
0.012182
0.112440
0.002519
0.169800
0.016909
0.605758
0.493053
2.511246
0.472125
2.378908
0.000839
25.217930
4.726094
0.003998
0.066052
0.079693
2.054575
0.053379
0.014287
0.048887
0.005386
0.000173
0.078120
0.024403
2.040880
0.000752
1.124813
0.862154
0.038143
0.429876
0.014031
0.008196
0.000289
0.296598
0.085613
0.015298
0.001246
0.975933
0.003530
0.404173
0.084099
0.077372
0.045145
0.019903
0.048100
0.034633
0.155906
0.000677
0.870266
0.881942
1.400479
0.130418
0.241258
0.246031
0.000025
0.032089
0.557512
0.027672
0.146181
0.085326
1.169271
0.039282
0.007422
0.004690
0.883731
0.035071
0.015568
1.473583
0.188542
0.050330
2.618039
0.019189
1.125746
0.383763
0.235048
0.178662
0.024780
0.016016
1.490399
0.245790
0.012224
0.235259
0.140267
0.018444
0.007459
0.237189
0.238583
1.167541
1.006554
0.104653
0.019723
0.567479
0.019140
0.052272
0.925532
0.474427
0.276229
0.196734
0.139764
0.236785
0.001017
0.316529
0.904829
0.070987
0.015404
2.504117
0.201843
1.804689
0.006133
0.000120
1.256744
0.103271
0.001404
0.005699
0.203344
0.090250
0.014000
0.910655
2.324490
0.009211
0.073065
2.158427
0.079260
0.010660
0.003910
0.244698
0.959419
0.886368
1.703861
0.068312
0.577581
0.011851
0.097601
0.412257
0.000631
0.527627
0.024052
0.035080
0.023843
0.186518
0.325890
1.022671
0.148584
0.169310
1.471716
0.041011
0.081884
0.048005
5.696289
0.036362
0.000851
18.124328
0.550425
0.341488
0.478859
0.286872
11.451503
0.000329
0.880707
0.498986
0.193821
0.035415
0.036544
1.335624
0.004687
0.008039
0.660661
0.035478
0.941571
0.064996
0.000055
0.042481
0.080704
0.005106
3.764144
0.152334
43.213740
0.089639
2.264173
1.556564
3.540384
0.272782
0.105351
0.034191
0.519266
0.373802
0.430517
0.513250
0.000652
0.016361
0.132535
0.008289
0.101159
1.020994
0.000135
0.300892
6.574365
0.755856
1.145282
0.216545
0.013547
0.046688
0.031861
0.185895
0.326270
0.081366
0.053876
0.331391
1.881190
0.865882
0.069567
0.008265
0.000147
0.929641
0.002008
0.014319
0.088360
0.014998
0.006485
0.308251
0.406402
1.872369
0.022528
0.000753
0.007409
0.655075
1.738820
0.290980
0.002538
0.584481
1.165919
0.941409
0.004257
0.221213
0.370269
0.101261
0.387120
0.052322
0.138222
0.053883
0.071643
0.047414
0.014192
1.055995
0.292576
0.528346
0.678778
0.365594
3.089377
0.065467
0.200721
0.312594
0.019027
0.557262
0.581250
0.612482
0.589044
0.046741
1.529148
0.879735
8.158627
0.016046
0.113665
0.048673
0.118847
0.250978
16.277740
0.022726
0.622935
3.547844
0.337559
0.216327
0.286487
0.158006
0.076638
0.002299
0.008447
0.041063
0.134532
0.044121
0.054832
0.224184
0.062377
0.501469
0.000189
0.563301
0.169045
0.002568
1.065824
0.107007
0.181694
0.001496
2.089284
0.174553
0.615839
0.137573
0.411531
0.027134
0.004133
0.028492
0.018624
1.125084
0.014262
0.000399
2.333110
0.097395
0.001047
1.106036
0.024870
0.000037
0.005625
0.001318
1.078110
0.648820
0.006423
0.006987
0.299704
0.174738
1.086373
0.047529
0.009710
0.010841
0.006938
0.971971
0.001416
16.064976
0.007918
0.055306
0.031886
0.185408
8.962866
0.366752
0.143173
2.079395
0.004087
0.003467
0.459193
0.063667
0.747187
0.004884
0.102272
20.681762
0.019628
0.001346
0.003032
0.056251
1.415551
0.121568
0.156641
0.100283
0.036017
0.013204
0.587649
1.658263
0.103656
0.013863
0.018623
2.050726
0.017317
0.005118
0.000662
0.031228
0.000887
0.145769
1.603086
1.416498
0.401879
0.093650
0.325140
0.000022
1.389271
0.013235
0.024829
0.368024
1.040191
0.748180
0.020385
0.961611
0.147739
9.436791
0.122881
0.065677
0.196168
1.600699
2.260528
1.699357
0.014068
1.549286
3.943701
0.085141
0.481539
0.385339
0.766930
0.083059
0.513506
0.024477
0.793795
0.000065
0.000407
0.000043
0.011427
0.317396
2.044060
0.218385
0.005118
0.054686
0.653079
0.950420
0.000490
0.076710
1.085748
0.990983
0.992926
0.242535
0.001872
9.636712
8.272337
0.050874
0.897841
0.173700
0.059301
1.187635
0.082652
0.031352
6.467092
0.063166
1.544803
0.000234
0.000667
0.034111
0.350302
0.047632
0.100207
0.753997
0.011747
0.021151
0.005035
0.006119
0.868955
0.022583
0.536359
0.343352
0.127416
0.000595
1.828161
0.002653
0.023266
0.055571
0.005883
1.991700
0.071881
0.977151
0.039577
0.386216
0.031343
0.002845
0.003263
0.000020
0.048503
0.020749
0.122356
0.194453
0.509375
0.049490
0.407131
0.001930
0.500809
0.736200
0.338667
1.106706
0.275855
0.005522
0.180182
0.083077
0.405394
0.095097
0.007256
0.005000
0.198217
0.052978
0.000425
8.794592
0.531260
0.000097
0.010808
0.016760
0.136454
0.012698
0.026577
0.151341
0.004464
0.001566
0.721779
1.568305
0.000350
0.004887
0.013903
0.000022
2.568033
1.554133
0.214396
0.055863
1.148476
0.051341
0.119091
0.984344
0.187433
0.951164
0.016279
0.006078
0.056789
0.000108
0.060374
2.557648
0.000227
1.294393
2.920348
0.010158
4.951763
0.478618
0.564555
0.511393
0.022654
0.138604
0.026535
0.399480
0.469217
0.591033
0.011955
0.015057
0.010951
0.000062
1.878322
0.257077
0.040392
2.437238
0.000161
1.775637
0.434329
0.440333
1.303337
0.427683
0.155904
0.011095
0.002936
0.021392
1.360813
0.958941
0.073020
0.186982
1.441020
0.020764
0.037587
0.000126
3.797407
0.070309
0.000885
0.002948
0.000009
0.021521
0.369080
0.011900
15.502954
0.000001
0.168802
0.158613
0.105096
0.383078
0.003647
0.001395
0.628144
0.002111
0.005892
0.070792
0.000107
1.402549
0.001011
0.222352
0.000018
0.092725
0.004476
0.006293
1.025231
0.067655
0.260750
0.317302
1.406883
1.312863
0.017991
0.000649
0.022802
0.004945
0.005007
0.276024
0.796441
0.038003
0.092434
0.010408
0.310629
0.000009
6.990236
0.394937
0.014874
0.316789
0.041164
1.447333
0.001123
1.927398
0.017087
0.097842
0.022537
0.060340
0.078287
0.116792
1.189307
0.013078
0.000944
0.187624
0.086505
1.693237
0.009787
0.000576
0.000002
0.939941
0.803951
0.080801
0.123687
0.052764
0.002607
2.365397
0.502392
0.741404
0.329649
0.034849
0.109241
0.000002
0.568760
0.120478
1.471472
0.000413
0.062281
2.835182
0.796009
1.197276
0.005537
0.615189
0.132582
0.000046
0.330630
0.131719
0.307584
0.124566
0.420694
0.468170
0.000293
0.244724
0.183850
22.513821
0.060664
0.066036
0.047552
0.004356
0.022834
1.214666
0.063553
0.120353
0.017969
0.114309
0.861550
0.057781
0.006662
0.149961
0.024041
0.005687
0.027305
1.000245
0.015766
0.177625
0.026070
2.908376
0.767969
0.948641
0.603586
0.009250
0.031504
0.001462
0.108864
0.006347
0.010907
2.012604
0.017574
0.395711
0.194343
0.000098
3.814281
1.580567
0.013211
0.003178
0.587615
0.094714
0.279977
0.875646
2.324308
0.157066
0.009148
0.201584
0.009497
0.000060
0.084098
0.085204
1.145663
0.001641
0.003715
1.633799
0.651338
0.302346
0.004923
0.005069
0.012994
0.212364
0.916425
2.113080
0.117920
0.037835
1.778843
2.561957
0.010256
0.000271
0.000713
0.886678
0.011645
0.698792
0.653168
0.687753
0.073670
1.119536
0.000528
4.560552
0.082711
0.285699
54.583467
0.176524
0.226633
0.068636
0.016282
0.018327
0.000145
0.364892
0.050543
0.002757
0.905392
3.648358
0.583226
0.001797
0.011723
0.002340
0.018053
1.315460
0.029409
0.000116
0.153327
0.148252
0.013785
0.078715
0.340806
0.612031
1.191095
0.019883
0.033719
0.042167
0.149472
0.049584
1.333182
0.056525
0.221932
0.003347
0.160945
0.325610
1.479202
0.051622
0.900258
0.028421
7.147231
14.980217
1.736800
0.620727
0.001739
0.145864
1.138553
0.003632
0.672811
0.011142
0.000015
0.024587
0.370385
0.003289
0.521975
0.895698
25.411374
0.341143
0.784800
1.200671
0.188114
0.487446
0.362100
0.501349
0.607057
0.036074
0.820704
0.001665
2.976881
0.066646
0.091201
1.117837
0.135817
0.049735
0.741596
32.545292
0.173891
0.536754
0.841045
0.216362
1.061144
0.280482
0.022152
0.007903
0.043155
0.263604
1.282814
0.296222
0.040599
0.092169
0.023722
0.053548
0.041086
0.604772
0.283063
0.001477
0.003039
0.050788
0.735206
0.000208
0.004710
0.004966
0.046320
0.027359
0.241774
0.005796
0.151365
0.000263
0.505317
0.100931
0.007407
0.092569
0.039971
0.990213
0.004082
0.007055
0.044929
0.028766
0.162814
0.001397
0.030886
0.737277
0.897709
0.000312
0.670819
0.743379
0.055053
0.382594
0.000023
0.629387
0.046468
0.079611
0.094676
4.709974
0.000477
0.246151
0.001597
0.874378
0.020848
1.302421
0.013899
0.019830
0.000008
0.545562
0.052794
0.000046
0.001581
1.518626
0.251109
0.001384
0.030523
1.761285
2.635761
0.007761
4.124097
0.003914
0.175947
0.000215
0.004820
0.505250
0.873705
0.156346
0.006047
0.013102
0.000981
0.000664
2.144149
0.000811
0.379692
0.003934
0.027852
0.316507
0.018566
0.015931
0.092309
0.210126
4.640920
0.000575
0.100896
1.190406
0.406524
0.014411
0.015177
2.434935
0.883460
0.024900
0.063037
0.317598
0.402084
0.022766
0.009054
0.144204
0.159167
0.232429
0.000037
0.386248
0.194737
2.321578
0.636139
0.446598
0.149046
4.541268
1.229528
0.945537
0.198256
0.192066
0.144444
1.583505
0.004258
0.024746
0.280659
0.065208
0.535132
0.000372
0.789530
0.005176
0.000295
0.494432
0.000895
0.801010
0.098436
13.026848
31.904114
0.006593
0.024271
0.036862
0.171305
0.001524
0.009796
0.635706
0.000982
0.033756
0.012257
0.070735
0.135226
0.003990
1.163777
0.793511
19.655519
0.147796
0.084855
0.003899
0.237755
0.184112
0.545096
0.068486
1.096468
0.199584
0.000054
0.000729
0.002627
0.072793
0.050345
0.781571
0.239030
0.177715
0.040947
0.002491
0.504902
0.091905
0.091514
0.011630
0.004967
0.100296
0.064711
0.054572
0.326554
0.134244
0.278568
0.053825
1.633241
1.068261
5.579297
0.269546
0.242366
0.058102
0.001015
0.479491
0.000525
0.002472
1.497441
0.727743
0.983013
2.575097
1.802358
0.503303
0.000967
0.038204
1.626355
1.432623
0.153918
0.144328
0.084562
0.013061
0.746830
0.094021
0.707617
0.342977
1.257714
1.205718
0.220477
0.347564
0.179957
6.438867
0.021318
0.059715
0.044305
89.741004
0.671527
0.000570
0.018402
0.003185
0.002682
0.295959
0.302566
0.637790
0.008691
0.013207
0.102706
0.913190
1.453556
0.043062
0.022592
1.227938
0.271985
0.384368
0.438760
1.090275
0.007212
0.000024
0.981373
0.932188
0.009462
0.012513
0.326332
0.001915
1.639147
0.000494
0.035893
0.016001
0.039418
0.006511
0.385120
0.000236
2.127075
2.148281
2.024093
0.002461
0.028094
2.972343
0.507021
0.030341
1.780916
0.000493
0.002579
1.599217
0.001032
0.207382
0.004314
0.760236
0.015592
0.021734
7.622658
0.045522
1.203904
0.218281
0.001271
0.725729
0.561036
0.001200
1.487197
0.828588
0.605088
0.107898
0.000637
0.041446
5.027523
0.729157
0.507998
0.257000
1.443072
0.107890
0.003916
0.785219
0.259641
14.386268
0.000932
0.012649
1.990191
0.961246
0.005712
0.019043
0.000487
0.361360
0.209250
0.088284
0.962962
0.006562
0.009145
0.150653
0.072605
0.001196
1.027303
0.000874
0.027167
1.847019
0.361247
0.066410
0.010309
0.018296
17.376183
0.000006
0.033412
0.098185
0.067178
0.039919
0.005301
0.431838
0.852996
0.411490
0.091353
0.011443
0.000452
0.427971
0.956690
0.003350
0.960511
0.000315
0.680135
0.737698
0.011833
0.589223
0.030434
0.905269
0.242094
0.722186
0.032386
0.051157
0.149899
1.173321
0.012172
0.001999
1.514711
0.038168
0.022553
0.000050
0.071607
0.801533
0.456902
0.153459
0.031535
0.124568
1.065185
0.344759
0.125243
4.783712
0.092364
0.024989
1.143779
0.076861
0.934867
0.893205
0.015017
0.271094
0.213730
33.127812
1.418606
0.072448
0.002768
0.038389
3.105511
0.030979
0.029137
0.021819
0.003146
8.530762
1.192771
1.041863
0.792439
2.643233
0.195135
0.124831
0.049737
0.547866
0.102955
0.000001
0.003001
0.050198
0.007679
0.000016
0.026317
0.096384
0.071017
1.005486
0.003046
0.000592
0.111327
0.391602
14.673718
0.000205
0.219746
0.042445
0.964981
0.002751
0.233938
0.239866
2.200176
0.184187
0.766499
1.398607
0.836080
0.456994
1.327977
0.109023
0.840958
0.907474
0.011671
0.024541
0.244412
0.015357
0.220795
0.002300
0.007974
0.000285
0.002563
0.036482
0.247697
0.027178
0.034226
0.011632
0.031963
0.110882
0.806820
0.002030
0.650123
0.040119
0.001923
0.001817
0.000049
0.872888
0.300080
0.000513
0.080607
0.005991
0.745790
0.415210
0.190069
0.757842
47.447960
0.116196
0.045629
0.002012
0.096982
1.118823
0.028222
0.006007
0.160134
0.001695
0.071705
0.723323
0.035489
0.912581
1.261287
0.001071
0.000358
0.083330
0.926647
0.625642
0.252715
0.016099
0.008688
0.005510
0.209010
0.437329
0.003139
0.035548
0.110400
0.040635
0.366578
0.773042
3.840849
3.701881
12.573826
0.076045
1.459051
0.009469
0.002328
0.010314
0.192157
0.025793
1.050731
0.870610
0.299981
0.237745
0.005550
0.000819
0.550718
0.669899
0.039581
0.108887
0.411046
0.595300
3.880775
1.239863
1.390118
0.011454
0.001603
0.000222
0.000714
1.059751
255.864039
0.000038
0.034331
8.356744
0.006669
0.002083
0.296413
0.045670
1.144646
5.002759
0.132292
0.041930
0.163402
1.678510
0.265164
0.191177
0.007954
1.053146
0.009796
0.283773
0.011484
0.338139
1.504647
0.228207
1.081254
0.063261
0.262860
1.513753
0.042219
0.013461
2.930538
0.000289
0.022037
12.407028
0.022628
0.446992
0.119418
0.908440
0.821517
0.173832
0.010031
0.002835
0.010246
0.678950
1.847411
0.002458
0.687228
0.174232
1.280850
0.073635
0.062358
0.014503
0.000257
0.039430
0.019603
0.002307
1.625916
0.009503
0.006203
0.054667
29.307159
0.503004
14.972017
1.195584
0.889682
1.534381
0.005135
0.218101
0.180980
2.264297
4.534408
0.000540
0.823854
0.002584
0.439746
0.000182
0.184430
1.140715
0.002691
0.617499
0.184935
0.000225
0.000215
2.236781
0.015053
0.000071
0.355820
0.005743
0.000746
0.013203
0.844233
0.345462
0.070738
0.142287
0.012516
1.813596
2.121061
0.009800
0.485787
0.336798
0.225678
0.117753
0.927827
0.026747
0.008282
0.281036
0.002560
3.898934
0.495419
0.567972
0.032662
3.151819
0.103529
0.894993
0.652424
0.006341
1.059849
1.602791
0.593440
6.748253
0.020486
7.451746
0.433816
0.018751
0.044977
0.044901
0.000050
0.010251
0.089211
0.036964
0.974724
0.089134
1.342541
0.102394
0.011680
0.000025
2.186293
0.004537
0.000784
3.004567
15.981799
0.276415
0.213397
0.002707
0.302248
0.837596
0.003705
0.259177
1.282812
1.223809
0.036161
0.009038
1.254409
1.466686
0.032636
0.529821
0.264248
0.159433
1.419221
0.003409
0.523876
0.627860
0.182343
0.251034
0.135744
0.054366
1.344981
1.141860
1.059949
0.000035
2.141569
0.450809
0.005283
0.015296
0.000351
0.072353
10.300818
0.029766
0.000017
0.016247
17.757650
0.024184
0.592988
0.021538
0.072134
0.101854
0.031898
51.065928
0.031179
2.958760
0.007526
0.015995
0.014111
0.001328
0.342253
0.006371
2.459578
0.000075
1.202509
0.065984
0.767939
0.088291
0.000764
0.006534
0.553028
0.028776
0.496249
0.024773
0.104926
13.315574
0.002497
0.822180
0.013976
0.133517
0.194746
0.860500
1.521251
2.114948
0.015400
0.000960
0.002632
0.054966
0.302991
0.016455
0.000084
0.013800
0.731610
0.673813
0.000014
0.960315
0.015353
0.577501
0.192533
0.299509
0.057839
0.014214
0.019410
0.182725
0.000324
1.917874
1.000000
0.073450
0.004432
0.044262
0.001225
0.167781
0.205296
0.015587
0.321979
0.038166
0.327408
0.459366
0.018707
0.714213
0.282513
0.414482
0.399554
0.147863
0.001272
0.502414
0.365703
2.183893
0.055733
0.059437
0.011751
0.000907
0.886457
130.532323
0.063672
0.748499
0.373217
0.008316
0.007923
1.066003
1.521794
1.000000
0.021670
0.003460
0.813079
1.796043
0.337949
0.000291
0.217182
0.019953
0.000000
0.460558
1.212133
0.000002
0.000770
0.010217
0.121335
0.759174
0.009811
1.358308
0.858650
0.181104
0.008978
0.276135
2.106588
0.921182
0.338221
0.300693
0.014990
0.197804
0.469957
0.069469
0.088271
2.042482
4.617745
0.024790
0.055182
0.954415
1.163678
0.075809
0.455693
0.764112
0.000480
0.051556
0.010386
0.004555
0.000006
0.056253
0.189561
0.105668
0.010074
2.816175
0.010890
0.056893
0.027087
0.771344
1.351263
1.188112
0.048456
1.461149
174.657444
0.003431
0.091807
0.002403
0.119339
0.126774
0.007951
0.016171
0.030328
0.489994
0.011629
0.041037
1.608980
0.156482
0.003846
0.227211
0.000355
0.000352
0.157993
0.001076
0.048620
0.091688
0.002276
0.006586
0.006596
0.204038
0.130484
0.348589
5.097870
0.687580
0.056820
0.000710
0.047436
0.039206
0.161952
0.001862
0.003321
0.005377
0.064987
0.359888
0.535741
1.705855
1.234687
0.081571
0.000093
0.000434
0.421586
0.189561
0.313476
0.000027
0.063475
0.825142
1.008312
0.133190
0.005026
0.001063
0.000068
0.333664
0.797950
0.885934
0.004107
2.183640
0.019081
0.000048
0.156730
0.396668
0.003699
0.069490
0.355342
0.022845
0.001637
0.557465
0.000423
0.000179
0.001463
0.025167
0.321310
0.041349
0.670228
0.203382
0.041186
0.826511
0.001282
0.015102
0.024218
0.000058
0.256455
0.119935
0.002334
0.004282
0.000087
0.000256
0.359001
1.056073
0.056397
0.084868
1.204598
0.256967
0.239263
0.715059
2.387636
0.753267
0.028984
0.016121
0.153900
0.000651
1.109734
0.215939
4.752389
0.388955
0.181867
0.007175
0.000651
0.635628
0.502085
0.002786
0.041866
0.011307
0.263795
0.159286
0.079072
0.519202
0.000066
0.000016
0.002761
1.001324
0.258811
1.665821
0.141827
0.003488
0.829897
0.088532
0.374358
0.000079
0.302140
0.915617
0.001193
5.129386
0.195497
0.504849
0.014391
0.001875
0.021577
0.000006
0.247100
0.173557
0.143163
2.407793
0.001072
0.000635
0.063421
0.549273
0.507948
0.465767
6.441705
0.052194
0.000355
2.777635
0.227271
1.643621
0.186275
0.008175
0.071851
1.473365
0.925286
0.203857
0.022475
0.000642
0.074724
0.000006
0.002246
0.001143
0.003463
0.082783
0.000064
1.000572
0.014234
1.820382
0.751467
0.087616
0.089140
0.000004
0.600771
0.004240
0.778961
0.228006
0.164954
0.056724
0.000032
0.868629
0.005078
0.201790
0.216145
0.000016
0.021510
0.002750
0.045038
1.589846
0.157185
0.152635
0.000546
312.111097
0.031971
0.000331
0.007048
0.929022
0.045334
0.647040
1.412620
0.006473
1.302607
1.563451
1.159782
0.001780
0.027204
0.040683
0.000068
0.065725
0.023529
0.039377
0.005879
0.104794
0.205694
0.620797
0.000009
0.000134
0.028502
0.011568
0.009140
0.626722
1.114300
0.000491
0.018733
10.821129
0.016357
0.096915
0.106677
0.026747
0.004949
0.033492
0.076300
0.111102
0.014631
0.023892
0.354610
0.408127
2.303045
0.158676
0.001843
7.179145
1.053691
0.002861
0.459702
0.021271
0.156488
0.000359
0.000739
0.067393
1.515095
0.802824
0.000237
0.000433
2.216400
2.815455
0.159338
0.480915
0.714700
1.000000
0.000386
0.029123
1.059392
0.017763
1.000000
13.661752
0.074609
0.003062
0.007664
1.320213
0.000088
0.107901
0.722017
0.207522
0.093828
1.367007
0.020147
16.775008
0.000022
0.030404
0.753820
0.000950
0.118363
0.071121
0.035952
0.000107
2.968952
0.131045
0.723343
0.002076
0.014906
0.004002
0.085847
0.043179
22.982707
2.833969
1.000000
0.003236
0.086072
2.104435
0.660608
0.002019
0.073033
0.012162
0.000157
0.903568
0.000082
1.571624
0.007673
0.000158
0.000865
0.070551
0.050683
0.000094
1.054481
0.002620
1.000000
0.008843
0.014521
0.000005
0.044139
0.014694
0.984556
0.071002
0.026687
0.120178
0.164029
0.000005
0.163464
0.003719
0.000000
0.062149
0.493220
0.082627
0.003212
0.040586
0.794166
0.112125
0.037654
0.981460
0.311283
0.276872
0.065755
0.304695
1.323158
0.004405
0.807358
0.383522
0.206888
0.184876
0.597686
0.000312
0.023816
1.544392
2.297890
0.013500
0.000000
1.105714
0.963314
0.002505
0.005187
0.000781
0.019539
0.103644
0.148104
0.006715
2.590746
0.003818
0.000218
0.004851
0.010440
0.016640
0.001475
0.002706
0.005221
0.035805
0.033331
0.006324
0.321468
0.009315
0.336928
0.205692
0.931654
0.913154
2.100760
0.644251
0.623054
0.000425
0.420952
0.039956
0.001291
0.004837
0.009707
1.042625
0.137092
0.015701
0.195711
0.274157
0.010369
0.003332
0.002027
0.611405
0.007601
1.309641
0.889315
27.560554
1.000000
0.298137
0.001724
0.066700
0.047397
1.088732
0.860674
0.097704
0.049811
0.051507
0.021621
0.378053
2.334944
0.153104
0.000967
1.108834
0.453323
5.846330
0.001358
0.357432
0.651850
0.000086
0.931326
0.192073
0.858873
0.743459
0.798089
0.007387
0.742380
0.919061
0.055681
0.049164
0.026609
0.062603
0.100948
0.027813
0.001205
0.030368
0.629817
0.121885
0.030457
1.090224
0.000127
0.248287
0.088914
0.082340
0.000438
0.011752
0.796274
0.993255
0.162208
0.000979
0.232583
0.005633
1.132077
0.040481
0.004176
0.002842
0.001837
0.002671
0.383352
0.001107
0.880138
0.189647
0.103058
0.105841
0.980583
0.037994
0.005102
10.942621
0.000239
0.058601
0.131459
0.957991
0.491312
0.025014
0.701816
0.006984
0.013636
0.254211
0.052613
0.002216
1.171747
0.215873
2.512676
2.616642
0.002845
0.002124
0.387727
3.186013
2.133257
0.001535
0.259006
0.019571
0.282468
1.248713
0.001070
0.019984
1.158903
0.000609
0.383404
0.003900
0.006340
0.288579
0.059951
0.538840
0.781729
0.649633
0.770561
0.006910
0.005089
0.308845
0.492384
0.432046
0.265896
2.769532
0.013880
0.197482
0.034180
0.003895
0.555388
0.020501
0.213339
0.319456
0.860540
0.978074
0.081005
0.042710
0.032777
0.069456
0.019060
0.010785
0.022127
0.445009
0.000667
3.181625
0.026454
3.239040
0.000001
0.713512
0.000272
1.192410
0.000690
0.000273
0.462106
1.148823
0.000000
0.002392
0.175131
9.514772
3.214331
0.062566
0.004543
0.050946
0.142865
0.316399
1.184698
0.000752
0.100071
0.138289
0.560357
0.000332
0.004866
0.138110
0.002574
1.318840
0.577306
0.289498
1.226516
0.002124
0.486853
1.178798
0.233086
0.000006
0.149445
0.422231
0.014112
0.078200
0.021592
0.763429
0.966425
0.000146
0.003597
0.437310
2.275094
0.011378
8.150602
0.979852
1.040489
0.002153
0.253008
0.068828
0.000390
0.034772
1.197057
0.608613
0.127021
2.732388
0.138806
0.815113
1.198955
0.152211
0.284439
0.000000
2.256623
2.729126
0.842856
0.809478
0.096090
0.003434
0.075820
0.000614
0.202127
0.003613
0.000425
0.000012
0.000641
0.016169
1.806768
0.000032
0.016447
0.151033
0.724458
0.029436
0.003488
0.001817
0.127931
0.032060
0.084015
0.008010
0.072041
0.060550
0.042448
0.009697
1.245617
0.005772
1.791291
0.013181
0.731304
0.011032
0.088320
1.667213
0.000279
0.007260
0.003582
0.023713
0.757335
0.129630
0.000273
3.608979
0.000554
0.202960
0.257702
1.677124
0.159330
1.702099
0.000392
0.035917
0.041103
0.059355
0.004552
1.534218
0.743679
0.051302
0.052723
0.939921
0.854260
0.713203
22.763961
0.017579
0.005911
0.510933
0.986515
0.001785
0.946761
0.712511
1.919682
2.141873
0.007831
0.000143
0.014749
0.414540
0.103278
0.514448
0.004006
0.026008
0.045239
0.034578
0.006356
0.676918
0.000132
0.398855
0.032374
2.433468
0.589039
0.000010
1.077021
0.909383
1.294434
1.046508
0.070230
0.024579
1.031771
0.000911
1.107164
1.539969
1.425039
0.000234
0.188584
0.009032
0.000662
0.008353
0.533526
0.114122
0.051853
1.035695
0.945875
0.023584
3.164537
0.000001
0.037512
0.004948
0.049825
0.214260
0.730975
0.000055
1.000236
0.694694
0.010784
0.902639
0.889542
0.445327
0.049580
0.326600
1.559839
0.821516
0.000003
0.389630
0.000476
0.008316
1.007568
0.652100
0.004250
0.154164
0.000271
0.273025
0.112812
0.000178
1.705560
0.008571
0.386955
0.745205
2.074392
2.819058
0.001329
2.253765
0.000073
0.298454
0.000000
0.000180
0.003547
0.000075
0.000000
0.939428
0.079054
1.120867
0.143576
0.004459
0.041178
0.239358
0.005563
0.153921
0.111774
0.909121
0.000561
0.191324
0.068048
0.002962
0.024609
0.007884
0.749776
0.001118
4.347930
0.209803
13.073442
0.000046
0.004462
0.057677
0.273038
0.004206
0.038286
0.304365
0.003047
0.184810
1.051637
0.000040
0.009838
1.049654
0.363578
1.645159
4.221453
0.001750
0.496488
0.001008
0.566353
0.048603
0.007437
1.871227
0.000975
0.435580
0.003185
0.019040
0.310591
0.010237
0.000405
1.682441
0.009289
0.021471
0.008407
0.119126
1.267679
0.002300
2.017964
0.170671
70.406804
0.289178
0.010312
0.000015
0.033238
0.898219
0.589272
0.624842
0.002228
95.436144
0.003799
0.039347
0.071289
0.000943
0.029993
0.294510
0.981114
0.000058
0.647265
0.000002
1.751983
0.000358
1.264306
0.255744
0.175183
2.550315
0.026699
0.001531
0.039937
0.009012
0.000498
0.014721
0.197864
0.023219
1.290163
0.000140
0.005930
0.101078
0.205529
6.299597
0.275256
0.071752
0.189348
0.176748
1.022440
0.157296
234.702875
1.374884
0.607605
2.157843
0.016225
4.027907
1.197102
0.007190
0.519375
0.195071
0.494749
0.442009
0.000000
0.448362
1.439044
0.065919
0.001465
0.068634
0.000045
0.000033
0.895715
0.703647
0.908236
1.643073
0.024548
0.001796
0.029136
0.107207
0.000471
0.137087
1.707694
0.000574
0.038469
0.002893
0.001519
0.002797
0.896537
0.307307
1.341030
0.000665
0.331415
0.009372
0.080676
0.007556
0.022638
0.117117
0.001877
2.624962
0.023014
0.000026
0.000000
0.001607
0.023326
0.522102
0.002296
0.161329
0.140589
1.032417
7.871401
0.081778
0.000239
0.783268
0.001441
1.064404
0.112226
0.214767
0.378581
0.160418
0.000015
5.635968
0.044311
0.292428
1.374260
0.003091
0.074861
0.061348
0.000052
0.000325
0.000197
0.007440
0.013385
0.189312
0.001576
6.278848
0.001283
0.037738
0.000239
0.057982
0.040636
0.041969
1.436371
0.230294
0.864742
1.289307
4.383262
0.077301
0.000795
0.000406
0.101545
0.000031
0.929591
0.989032
0.107745
1.000000
0.964791
0.000810
0.001165
0.346196
0.000706
0.000005
1.736688
0.000534
0.073288
0.091513
0.251537
0.000231
0.111355
0.027690
0.000034
0.094690
1.579788
0.347382
0.012645
0.000295
0.017545
0.022331
0.782074
0.978308
0.475125
10.589812
0.001550
2.224293
0.013066
0.809759
0.001838
0.744395
0.114563
0.002979
0.534863
0.009280
0.000312
0.036090
1.443404
0.222038
0.442367
0.000962
1.541595
0.163468
1.116911
0.020981
0.927936
0.003873
0.330246
0.002165
0.003557
0.074616
1.887831
0.005942
0.055148
0.001634
1.015810
1.068564
1.051194
3.246226
0.030158
1.557658
0.008636
0.537465
0.517960
0.533930
1.051891
0.051942
0.004616
0.830000
0.213742
0.238632
0.023951
0.721957
0.340941
0.000344
0.382537
1.092032
0.090351
0.053827
0.022594
0.005005
0.030380
1.223004
1.050480
0.064528
0.591526
0.693880
0.008653
0.000438
0.000919
0.008815
0.000943
1.041641
0.289007
1.009900
0.138150
0.660916
0.027051
0.157042
0.011163
1.212885
0.000093
0.038904
1.934328
0.461672
1.696176
0.431566
0.037764
0.000084
0.065030
0.010064
0.000638
0.555073
0.045786
0.141184
0.025369
0.003748
0.019824
0.000064
0.005183
0.018752
0.195499
0.014221
1.141071
0.000096
0.446810
0.194413
0.620592
0.038672
0.130281
0.238404
0.332073
0.196493
1.767954
0.025280
0.029855
0.002666
5.220721
1.160384
0.001414
0.049277
0.613975
0.065780
16.962407
1.077130
1.639617
0.127640
0.232364
0.001801
1.506959
0.013895
0.029686
0.028656
0.058065
0.000024
0.007809
0.150158
0.006779
0.012942
0.001427
3.799512
0.843377
0.036837
0.000046
0.037488
1.494457
0.002911
0.070657
0.012910
1.574870
0.068510
0.054858
1.727231
0.001103
0.070105
0.362832
1.743744
0.000099
0.994279
0.002723
0.094728
0.000000
0.190417
1.298373
2.314371
2.086842
0.918896
1.229362
1.936903
0.007344
0.290272
0.056400
0.127476
0.011880
0.021101
0.059108
0.635461
0.014802
0.787999
0.002333
0.684016
0.934403
0.002383
4.021865
0.000301
0.109812
0.778844
0.001261
0.169354
0.912022
1.488422
0.001923
1.771727
0.042990
0.465266
0.005777
0.479203
0.221675
0.193724
1.451896
0.196074
0.039576
0.000186
0.000500
0.029506
1.050202
0.203575
0.176143
0.010147
0.870584
0.000435
0.059442
0.095948
0.022087
0.014217
0.720408
1.189658
0.322993
0.114237
11.573327
0.040375
1.294522
0.061544
0.000002
0.004178
0.031490
0.095639
0.557084
0.068025
0.000000
0.028179
38.713929
0.596530
0.062923
0.000002
0.003178
0.072295
0.069318
0.132753
2.294489
0.047386
0.000264
0.207917
0.022375
0.003241
0.004947
0.005311
0.000000
0.000001
0.000003
0.016687
0.036128
0.000177
0.004658
0.002630
0.044385
0.001840
1.011936
0.081553
0.357154
0.189624
0.062121
0.930724
1.287101
0.902617
0.718795
1.333782
0.024494
1.130368
1.300295
0.000068
1.000000
1.346481
0.173538
0.003944
2.596173
45.413012
0.035804
6.577021
0.000779
0.129377
1.038519
0.060991
0.092838
0.644090
0.603539
0.324473
0.005101
1.058337
3.202128
0.000825
2.061763
0.003522
0.278178
0.000444
2.166504
0.352003
4.289373
0.691275
0.216757
0.000088
0.006182
0.001019
0.032980
1.790522
0.014229
0.000810
0.196815
0.011789
0.315913
0.872945
0.022362
0.966675
0.115914
4.728807
0.000106
0.000102
0.110293
1.571698
0.643415
0.006174
1.318865
1.326415
0.022672
0.018686
0.062076
0.007096
0.726623
0.236284
0.530011
0.544776
0.001410
1.143346
0.005088
0.843649
0.207313
1.563185
0.086155
2.618880
0.000084
0.102919
0.028623
0.003350
0.005909
1.049688
0.005539
0.296349
0.622659
0.207896
0.465346
0.443253
0.022938
0.001318
17.756558
0.269026
0.330559
0.869150
0.012330
0.134693
1.939035
2.427296
1.136105
0.132818
0.022565
0.020320
0.728674
1.064439
0.127715
0.003030
0.003272
0.001614
0.023122
0.105041
0.048932
1.878314
0.005226
0.489193
0.000289
0.111880
0.413312
1.612065
0.016204
0.105893
1.262559
0.007169
4.728141
0.834421
0.001136
0.853543
0.025748
0.018302
0.854951
0.110244
0.000260
0.772423
3.298512
0.056813
0.000034
1.137964
0.040298
0.002272
0.000012
0.132412
1.203178
0.806372
0.965911
0.176404
0.003051
0.004635
0.015179
0.133891
0.017981
0.176605
0.000008
0.838502
0.775925
7.420667
0.072273
1.343787
0.002294
1.950511
0.918532
0.000711
0.915048
0.040539
2.078740
0.254839
0.000002
0.989766
0.193283
0.018288
0.054690
1.611974
0.001493
0.000001
0.532984
0.018770
0.588993
0.688001
0.031326
0.000547
0.002504
3.900305
4.057916
0.072694
0.025881
0.646689
3.275256
0.224893
1.947546
0.000025
0.315925
0.029460
0.009225
0.000029
0.000003
1.054020
0.094408
0.000567
0.807252
0.003034
0.440176
0.016406
0.179896
1.338472
0.038264
0.051501
2.565082
0.795802
10.834022
0.002075
0.015269
0.003697
0.026226
2.561794
0.001086
0.080742
0.329909
1.399156
0.000006
0.305300
0.118987
0.930555
0.313431
1.186299
0.000001
0.000892
0.067167
0.056846
0.000609
0.005236
0.009985
0.064600
0.055002
0.890497
0.198014
0.000436
3.294443
0.018289
8.820990
0.090933
0.046775
0.728581
0.000698
1.984008
0.092381
0.347442
0.022583
0.822352
1.085742
0.005148
0.000083
0.150052
1.225034
0.968756
0.010655
0.240876
0.346985
0.770111
0.001340
0.000148
0.151515
0.001439
0.003602
0.619379
0.206959
0.059634
10.273830
0.000115
1.863234
0.962984
1.186800
0.175463
0.923292
0.267617
0.013700
0.069447
0.011880
0.188878
1.567232
0.105988
0.021363
0.006492
0.248567
0.000000
0.014923
1.866266
0.024581
0.000194
0.129036
0.053054
0.002038
0.013632
0.020325
0.003965
0.673440
0.140835
0.002240
0.542698
0.676808
3.676964
0.472228
0.429847
0.649753
0.921826
0.744753
4.649378
0.009262
0.000000
0.786590
0.000667
0.320710
5.912133
0.561703
0.145548
0.000215
0.813676
0.135877
0.009457
0.000024
0.889415
2.363780
0.000048
0.622785
1.143136
1.632332
0.750038
0.042459
1.715182
0.000000
0.930967
0.000803
0.962497
1.625431
0.028303
0.001981
0.002327
0.042578
0.059389
0.008719
0.886214
1.000000
0.086945
0.189851
0.000483
0.004922
2.378958
0.013853
0.320834
1.611687
0.155695
1.108628
0.000519
1.031511
0.051966
1.042756
1.065405
1.175582
1.297243
0.052719
0.153134
0.000023
1.087696
0.157974
0.619618
1.032635
0.928020
0.415735
0.633977
0.041857
0.003628
0.004961
0.000039
0.180216
0.000292
0.259341
0.040527
0.004162
0.117694
0.000340
0.013564
0.576892
0.004972
0.050313
1.033167
0.397645
0.053160
0.003658
0.000423
0.686353
0.587768
0.018107
0.016904
0.857808
0.999999
0.234219
1.926614
0.616562
0.008353
0.015168
0.179249
0.009633
1.130982
1.759356
0.015363
0.176082
0.000874
0.643846
0.000264
0.016579
0.485208
0.248149
0.887940
0.096001
0.012072
0.855727
0.028582
0.258275
2.461765
0.052946
1.455856
1.184949
0.018319
0.004909
0.626170
2.603656
0.244986
0.053306
1.590680
1.213511
0.911355
0.001890
0.088022
0.000954
0.617278
0.000096
13.063299
0.000656
0.088765
0.505865
0.810224
0.203905
0.008478
0.041924
0.002041
0.301919
0.021763
0.525764
273.110696
0.504658
0.000823
2.268202
1.672240
1.917918
0.000350
0.004269
0.126711
0.123952
0.069866
1.225232
0.871771
1.140506
0.141895
1.691072
0.765354
0.369541
0.674048
0.066790
0.001002
0.061576
0.441825
0.011155
0.523189
0.230864
0.314139
0.608427
0.901093
0.054824
0.000682
0.016774
0.094036
0.069805
2.172858
0.001347
0.023539
0.013046
0.000040
1.173122
3.059290
0.003073
0.000003
0.009476
0.592901
0.000780
0.522581
0.908888
0.021511
0.000192
0.000642
0.518871
0.183048
0.028460
0.010832
0.437619
0.000010
0.001360
0.026344
0.184992
0.500589
0.000005
0.250992
0.427345
0.000022
2.148094
0.005414
0.126646
1.537072
0.019673
0.524003
0.041066
0.030989
0.285178
0.442818
0.000132
0.012674
0.394187
0.423058
0.620614
0.247977
0.332444
0.003403
2.031892
0.087466
0.020040
0.047186
0.006667
0.695393
0.762503
0.551167
0.860491
0.000060
0.740507
0.039030
0.004163
0.243743
0.008358
0.002138
0.028293
0.003944
0.043833
0.000261
0.000000
0.166121
0.001737
1.813627
0.763537
9.357331
0.000105
0.018348
0.419338
0.017019
0.056873
0.000925
0.000064
0.675308
0.000010
0.261303
0.086074
0.036207
0.497714
0.000013
1.366240
0.000001
1.039468
0.762878
0.394392
0.000189
11.637820
0.000433
2.664813
0.432613
0.407183
0.270628
0.051187
0.000131
0.951184
1.877475
0.107268
1.054878
0.031013
0.210521
10.796147
0.005341
0.289475
0.000168
0.023419
0.643577
1.973609
0.001952
0.000350
1.565479
4.372130
8.916052
0.006217
0.005054
0.853611
0.008263
0.000116
1.713507
1.391722
0.074531
0.180697
0.009824
0.939953
0.324071
0.599363
63.932595
32.232216
0.374407
0.001564
0.007934
0.053622
0.520935
3.971993
0.559051
0.455945
1.022575
0.103888
0.006437
0.007252
0.362710
1.427136
0.102384
0.000533
1.525692
0.417471
0.005482
0.000285
1.381506
0.721554
0.000915
0.052892
1.490808
0.058932
0.193557
0.100853
1.137682
0.026037
1.139263
0.003649
1.105729
1.129396
1.722551
0.008364
0.000010
0.005103
10.523638
0.000099
0.403428
0.134271
0.957207
0.004440
2.414889
0.107529
2.305731
0.000000
0.387266
0.952272
0.633392
0.000384
17.016098
1.294871
0.011212
0.005295
0.261617
0.960823
0.121392
0.264205
0.005147
0.000145
1.375997
0.496963
0.007313
0.063543
1.222123
0.196002
0.020122
0.207057
0.006448
0.017207
0.111308
0.672110
0.239834
1.844245
0.298699
0.541273
0.062531
0.345502
0.583375
0.010528
0.026924
0.023381
1.108066
0.015863
1.394117
0.022763
0.068666
1.154113
8.735316
2.224133
0.000353
2.222411
0.010315
0.006229
0.222419
1.982681
0.523654
16.806298
0.000000
0.455024
3.414549
0.069230
0.679357
1.451758
0.226384
0.801993
0.413246
0.548056
1.833269
0.189454
0.007894
4.001429
10.130089
3.698507
0.001504
0.030685
0.038226
0.003352
0.790145
0.107273
0.370283
1.825095
0.233789
0.335771
0.340590
1.319611
0.271367
0.014722
0.004599
5.704647
0.861773
0.139904
1.138714
3.130793
0.820841
0.050470
0.644148
0.106671
0.949425
0.000392
0.881441
0.016124
0.036740
0.013755
0.152741
1.231649
0.014336
0.009205
0.037348
0.003886
0.311832
0.008263
0.055029
1.367711
0.015806
0.000020
0.104381
0.734668
0.016432
0.030024
0.853645
0.006392
0.679230
0.276436
0.000031
1.461853
0.959662
0.005821
3.119059
2.071310
1.282661
0.105300
6.194588
0.210901
2.221737
0.014698
0.120829
0.158118
0.011605
0.518474
0.005859
1.268240
0.000020
0.006543
0.389527
0.023866
0.040364
0.087176
0.000009
0.887443
0.038115
0.011160
0.006780
71.652567
0.002544
0.001081
0.064773
2.275101
0.254383
0.339437
0.015433
0.347936
0.030626
0.013743
0.109499
3.510245
0.029147
0.015350
0.000033
0.538500
0.677927
0.968456
0.344742
0.034182
0.010058
0.341883
0.003681
0.002366
0.044880
0.308042
0.006971
0.006316
0.115884
1.295135
2.820720
0.294719
1.078977
2.335858
0.201801
0.658427
1.512158
22.082343
1.066614
0.207532
0.080621
1.379973
1.068183
0.431798
0.000212
0.019411
0.670013
1.807368
1.874291
0.498998
0.040251
0.489557
0.009346
1.382466
1.197635
1.000000
0.026837
0.011769
0.000041
2.100210
0.000989
0.456257
1.481912
0.001204
0.025879
2.106164
0.011617
0.009161
0.810500
0.182018
0.014332
2.786356
0.122837
0.000000
0.111160
0.021211
0.279294
0.267289
0.074535
0.030522
16.614403
0.000205
1.735123
0.356494
0.000002
1.046230
1.083741
0.000560
1.082658
0.133042
1.078817
4.140085
0.946152
0.005536
0.213375
0.001125
0.646639
0.010307
0.679349
0.813248
1.535971
0.704473
0.000483
0.265132
0.218683
0.011494
1.951283
0.007487
0.876628
0.529918
0.512623
0.002979
0.000000
0.593174
0.000277
0.120640
0.563851
0.267715
0.024126
0.920625
2.962345
0.000000
0.001272
0.031749
0.566988
0.257034
1.305210
0.000602
0.000883
1.170999
0.058049
1.416156
0.876829
0.412008
0.606760
0.003299
0.007400
1.492712
0.006673
0.874246
0.757560
0.014762
1.577438
1.772740
0.842108
1.920689
0.149754
0.261374
0.070184
5.588351
0.002041
0.166188
4.096333
0.089293
0.019961
0.086113
0.056472
0.615809
0.837936
696.318240
7.480580
0.749147
0.007794
0.000826
4.524048
0.000216
0.018675
0.028731
0.001253
0.778954
0.024699
0.025074
1.009465
0.278364
0.029101
2.572753
0.424033
0.230365
0.173367
0.020970
0.019323
0.000655
0.067260
1.197118
0.243067
3.431384
0.230213
0.054587
0.114384
0.078233
0.510431
0.000023
0.684472
0.001685
0.185913
0.001978
0.180719
0.363251
3.888753
0.926172
2.116835
0.219273
1.640193
0.000715
2.267044
0.431750
0.001923
0.166058
0.056329
0.043163
0.309939
0.311137
0.003690
0.898996
0.000039
0.543644
12.290369
0.039228
3.781165
0.079285
8.728599
0.111419
0.000781
0.025131
0.578597
0.758910
1.238288
0.000157
1.070646
0.037844
0.350952
0.006925
0.016034
2.813044
0.002105
1.755668
0.583253
0.005240
0.788211
0.021850
0.044840
0.584835
0.266006
0.000008
0.195301
1.529021
0.002357
0.016604
0.629652
0.004782
0.164232
0.000363
0.327170
0.100932
0.011654
0.000199
0.037027
0.524679
0.016287
0.012147
0.056311
0.054583
0.144821
0.003086
0.009897
0.247710
0.010335
0.483045
0.012061
0.392645
0.016035
3.356240
0.391174
0.816497
0.230631
0.783761
0.766057
0.405305
0.068630
0.008989
0.385531
0.366770
0.000082
0.000035
0.000001
0.007100
0.000387
1.791101
0.015856
1.856707
1.958867
0.060017
0.001281
0.000019
0.004789
0.598829
0.000024
0.191128
0.243978
0.013028
0.880909
0.140928
0.499836
0.026917
0.245097
0.123786
0.275865
0.281275
0.899169
8.090319
0.129710
0.610247
0.023222
2.308630
0.227254
0.694605
3.627346
1.368370
0.011092
1.185703
0.000211
0.058182
0.003456
0.001663
1.182877
0.253917
0.036980
0.792753
0.030431
70.123092
1.246164
0.233804
0.168509
0.017725
1.188951
0.110390
0.000349
0.015804
0.284453
0.088622
0.002809
0.049389
0.000311
0.401805
0.233386
1.757055
2.001962
1.403966
0.011827
0.001473
0.049118
0.037237
0.066908
0.000463
0.000001
0.000127
1.754208
0.007682
0.204450
2.922511
1.079431
0.492623
0.287807
0.014314
0.015083
0.361518
0.018472
0.001903
0.099017
1.188934
0.015317
0.027118
0.287279
0.534080
0.003185
0.000106
0.044190
0.177489
0.370017
0.000038
0.918990
0.000016
1.108708
0.268391
2.908648
0.147418
1.586165
0.003225
0.031378
0.576558
0.001627
13.177191
0.003863
2.303944
0.492745
0.032528
0.002016
0.010379
1.152472
0.221883
0.651302
1.732244
2.174973
0.137633
1.150351
0.000692
0.440662
1.827767
1.329885
0.420070
0.054444
0.033747
0.002115
0.188461
0.438227
0.006229
0.011250
0.104901
0.866122
0.037312
0.003795
1.180497
0.372160
0.034178
0.006018
0.127762
0.000000
0.009243
0.012285
0.135357
0.000078
0.000001
2.163143
0.309667
0.005963
0.000802
0.738327
0.120765
0.112397
0.008680
236.092891
0.009949
0.083641
0.023309
0.965740
0.016085
0.007336
0.222696
0.016133
0.189168
0.151993
2.260197
0.002782
0.543003
0.367787
25.288970
0.000021
0.026156
0.456037
0.310038
0.048437
0.000081
11.422660
0.006012
0.404914
0.434794
0.010392
0.000181
0.048752
0.020444
0.482014
0.247065
0.000320
2.148490
0.850407
0.014017
1.280931
0.146119
0.517684
0.083966
0.063366
0.650700
0.519646
0.154532
0.041243
0.001918
0.001572
0.612374
0.010359
3.817039
0.000042
0.361846
1.071071
0.634138
0.400923
1.158403
6.037712
0.057923
0.001739
0.040401
1.214412
0.945821
3.366477
0.183889
0.235831
0.115496
0.753527
1.303240
0.000411
0.944857
0.026808
0.000000
0.002510
0.661817
0.158856
0.298993
0.012523
1.172767
0.107381
0.098664
0.022952
0.349519
0.034886
1.021069
5.310031
0.225825
1.284995
0.024298
0.005844
0.891261
0.295495
0.000580
0.014441
0.008494
0.599789
0.001663
0.000318
0.126801
0.477838
0.009587
0.007529
0.051078
0.000058
0.020290
0.282453
0.934426
0.330941
0.602435
0.024054
0.008841
0.074988
0.000368
0.001544
0.569030
1.738172
0.046769
0.139788
1.765110
1.705766
3.477799
0.726492
0.299105
0.967325
0.627400
0.853464
0.000248
0.535411
0.798004
0.016427
0.062383
1.405600
0.000028
0.212113
0.046365
0.419302
0.073913
0.000045
1.069635
0.182023
0.022241
0.164115
0.995334
0.002602
0.393078
0.258272
0.108014
0.062423
0.472648
1.465879
1.420968
0.141997
0.282886
0.027616
1.466255
0.913766
0.100889
0.096266
0.165240
0.000055
0.021474
0.306320
0.000394
0.000020
8.401699
2.562601
0.076527
0.008999
0.103810
0.014092
0.166000
0.094475
0.129637
0.054324
0.005811
0.221448
0.363544
1.616909
0.051804
1.521025
0.068984
0.569604
0.003093
0.168925
0.000277
0.035559
0.101907
0.000201
0.200969
0.005952
1.051099
0.569912
0.099749
0.008062
0.728742
0.015408
0.330517
0.203051
0.133058
0.065197
3.739908
0.041892
1.883462
0.002450
0.923191
0.122989
0.000001
0.006237
0.001043
0.035857
0.053373
0.371580
1.265186
0.007864
0.007189
0.000219
0.011676
0.000011
0.229520
0.000523
0.138852
8.461413
0.003695
0.015905
0.121951
0.000618
0.002527
0.865631
1.092090
0.000072
0.000106
0.105679
0.000014
0.083305
0.347904
0.405016
0.051750
0.794952
1.517385
0.000241
0.322426
5.176644
4.923605
0.049378
0.243870
1.015388
0.005786
1.917646
0.647341
0.936349
0.339578
0.365152
0.006957
0.017211
0.048208
0.427373
0.000388
0.115130
0.000001
0.031321
0.000375
0.506295
0.657511
0.001948
0.202332
0.261142
1.752994
0.705966
0.280068
0.010125
0.966318
0.172540
4.477699
0.746867
1.948480
0.000000
0.007038
1.030692
0.658195
0.991745
0.513603
1.268284
0.065027
0.002540
3.652158
0.472498
0.208498
0.000059
0.001332
1.049288
0.293393
1.239250
0.536830
0.006294
0.384699
0.126851
0.000345
0.062226
0.632447
0.001581
1.159957
0.044831
0.396686
1.000000
0.492910
1.221229
0.000184
0.019702
0.069154
0.534050
0.000199
0.665245
0.000642
0.010710
0.201495
1.924764
0.255279
0.001111
1.531110
0.774041
0.000091
0.071959
4.708623
0.215226
0.462740
0.039648
0.563736
0.003357
0.002032
0.004744
0.013336
0.068624
0.156850
9.711094
0.091951
1.037919
0.000800
0.050300
0.000075
0.066704
1.367393
0.004229
0.079538
0.212853
0.007401
3.992657
0.952372
0.300595
0.794168
0.920136
0.113726
0.118049
1.295239
0.112374
0.065578
0.000612
0.365076
0.815166
0.040939
0.006490
0.002302
0.309814
0.640349
1.018173
0.000392
0.135565
0.005332
1.053219
0.000363
5.250401
0.263380
5.105153
0.000208
0.848580
0.007543
0.292985
0.001743
0.019234
0.081240
0.386315
3.043174
0.119239
0.772085
0.262009
2.042464
1.912357
1.062631
0.010876
0.137473
0.082286
0.092685
0.028257
0.003952
11.495849
1.010220
0.131657
0.267082
0.018651
1.010343
0.012256
0.015402
0.205819
0.065486
0.002410
3.743037
0.000102
0.063424
0.688044
0.005370
0.000034
1.576485
0.219487
6.328232
0.001739
0.089681
0.053151
0.173104
0.394538
0.007652
0.900665
0.005606
0.398592
0.047541
0.006645
0.489584
0.000021
0.000001
0.869865
0.699712
0.703962
0.197953
0.782498
0.020747
0.385606
1.076668
0.003826
1.157181
1.394296
0.000012
1.560880
0.002279
0.203564
0.072979
0.866187
1.142605
0.726067
0.001383
2.027184
0.060583
0.004127
0.790295
0.530494
0.000526
0.001384
0.028672
0.277590
0.332547
0.000492
0.000249
0.002245
0.275638
0.073318
4.231030
0.574368
13.050187
0.059174
0.049511
0.000000
0.338178
0.009347
4.505037
0.173127
0.128038
1.039873
1.861281
1.002116
0.016403
0.217689
0.000003
1.160034
0.164341
0.693898
0.004558
0.008593
0.000000
1.264533
0.270951
0.436876
1.075109
0.002628
0.125741
0.023393
0.056695
0.001317
0.085358
0.007690
0.083342
0.594949
0.001378
1.077913
0.005337
0.000813
3.383172
0.177436
0.620137
0.596082
0.006770
0.062757
0.000303
0.311421
0.033667
0.269403
0.746835
0.000411
0.113001
0.582838
0.007176
0.000346
5.563340
1.250839
0.757103
0.234818
0.274538
0.001229
0.335279
0.053804
1.970778
0.000397
0.132525
0.096533
0.531037
3.950770
0.000006
0.001652
0.014975
1.266102
0.101471
0.259407
0.042390
0.207199
5.958929
0.655998
0.411488
0.865992
1.008522
1.077963
0.882424
0.646609
0.000278
1.290888
1667.504503
0.013640
0.253606
0.000221
1.138475
0.002514
0.000003
0.248502
0.593230
0.004247
0.013269
0.000068
0.901544
2.229315
0.126206
0.292853
1.310599
1.247447
1.007741
5.631107
0.110760
0.818123
0.151930
1.585856
1.404243
0.066672
0.920630
0.426729
0.376039
0.001557
0.120769
0.936758
0.494183
1.670424
0.245299
0.000867
0.000011
0.073369
0.080856
2.027634
0.038867
0.011817
0.208199
1.585693
0.006295
0.120495
0.005757
0.008670
0.000958
1.314861
0.000011
0.002449
13.704678
0.476165
0.253230
2.556990
0.000223
3.637207
0.000404
0.908956
0.179097
0.077364
0.985086
5.598370
10.452572
0.090550
0.952219
0.484251
0.050206
0.361315
0.718915
0.483323
0.050137
0.317774
0.000068
0.000045
0.010307
0.033015
0.001081
0.015773
0.111126
0.000000
0.732848
0.080136
0.216815
1.074631
0.058317
0.875687
0.587766
0.007120
0.059514
0.019814
0.615265
1.094776
0.000073
0.027345
0.000038
0.011993
0.001841
1.423139
2.026988
0.059125
0.007734
0.012436
0.051349
0.000143
1.301931
0.014805
0.536174
0.136561
0.088417
0.008347
0.059733
0.068018
0.214896
0.294211
0.189536
0.133272
0.900204
0.179393
0.001541
2.910229
0.016665
0.930739
0.004603
0.134249
0.000000
0.001356
0.000112
0.000263
0.082243
0.217106
0.673541
0.000099
3.262935
0.010164
10.293742
0.052053
1.744907
0.003828
4.323065
0.026152
1.198161
0.000046
0.082246
0.003764
0.828084
1.898345
0.017297
0.579639
0.036408
0.122983
0.000128
0.008405
0.843237
0.183537
0.826669
1.182553
0.368492
0.749010
0.957251
0.233633
0.025388
0.068817
3.732466
0.007415
0.001471
0.000000
0.006994
0.133000
0.002036
0.195066
0.103182
0.108909
0.861269
0.000572
0.037078
0.005410
0.756700
0.258599
0.641139
0.195337
0.037321
0.002082
1.338210
1.299818
0.044469
0.004418
0.065817
0.003217
1.165818
0.153766
0.061353
2.173810
0.738547
0.001608
1.235111
0.066786
0.000105
0.370920
1.236520
1.455847
0.015299
0.493344
0.645992
1.156248
0.030087
1.575485
0.478739
0.005142
1.074040
0.700922
0.003061
0.301111
0.497928
16.774521
0.842241
0.171309
0.465334
3.227715
0.000670
0.000412
0.094178
1.031149
0.287312
0.006213
0.151047
0.049082
0.004103
0.472681
0.095584
0.012357
0.134869
0.944753
5.362684
0.679661
1.174267
0.795041
2.787419
0.139209
0.993170
0.260750
0.521410
0.082442
0.011977
0.107816
0.000615
0.611495
1.619649
0.871292
0.002010
0.015968
1.319242
0.000381
0.095116
0.063529
5.210307
0.581308
0.000905
0.000454
0.032357
0.001395
0.027105
0.010904
1.101845
0.000227
1.386173
0.043503
0.000915
0.083155
0.028001
0.000021
2.178784
0.002129
0.093828
0.164655
0.516263
0.144418
0.744838
0.305005
0.006373
0.599489
1.200495
2.033672
0.166158
0.128045
0.776148
0.031769
0.048384
0.393457
0.067741
0.181349
0.339280
0.817029
1.713579
0.000003
1.032253
2.491226
1.483344
0.000118
0.027781
0.041983
0.033496
0.016177
0.000528
0.013332
0.028952
2.531207
1.713367
0.000031
0.667505
0.000000
0.063420
0.370832
0.000000
0.001251
0.390466
0.851247
1.079029
0.011215
0.019545
0.247774
0.141974
0.011395
0.403684
0.000008
0.460023
0.588544
0.645703
0.161789
0.300831
0.000583
0.000132
0.687026
0.000482
0.223103
0.018942
0.000052
0.180268
0.000129
0.073488
0.467422
0.455056
0.821311
0.239874
1.350810
0.003228
0.021519
0.764062
0.440410
0.685812
0.204104
0.000004
0.005482
1.163917
0.000001
2.571612
1.402306
0.017817
0.030413
1.879023
3.093940
4.853709
0.125879
0.000061
0.021553
0.004383
1.753151
0.140102
0.140785
0.008422
0.001408
0.017622
0.095203
2.485179
2.044399
0.804607
1.089667
0.000011
0.242237
1.051874
0.089480
0.007138
0.000013
0.071719
0.196370
0.001984
1.681196
3.338760
0.861956
0.000730
0.890120
0.227537
0.043373
0.053217
0.344996
0.296719
0.194855
0.055828
0.514049
0.606240
0.031047
0.492275
1.942625
0.897748
1.667266
0.000141
0.000161
0.028881
0.032833
0.001062
0.000000
1.069777
0.000403
1.261675
0.857689
0.001564
0.817210
0.000232
0.000001
0.135997
0.000005
0.000088
0.725775
0.816442
0.000000
0.419127
6.332706
0.416751
0.095969
0.380079
1.029499
0.152744
1.039234
0.000188
0.026770
0.163770
0.029679
0.001241
0.934274
1.221193
557.086617
0.000614
0.000021
0.000062
0.124748
3.961007
0.017492
0.064676
0.371444
1.226128
4.065209
0.000000
0.546746
0.456663
0.495319
0.010420
0.108265
0.124875
0.000234
0.005992
0.019002
0.476182
0.073660
0.000345
0.004805
0.591492
0.047718
0.284422
0.148000
0.421597
0.939999
0.006139
0.000058
0.903259
0.000952
0.134871
0.961104
0.003210
0.004241
0.149759
0.000000
0.173525
0.861207
0.656223
0.003329
0.518672
0.919753
0.057677
0.640570
0.065756
1.099485
0.389720
0.242400
1.773030
0.324402
0.002976
0.754819
0.000903
0.372396
0.121849
0.708186
0.482335
0.047088
0.140665
0.013897
0.394875
0.598333
0.919093
2.959154
1.164517
0.000488
0.356117
0.250443
0.000005
0.473418
1.040887
1.094757
0.755618
0.034713
0.001559
0.560698
0.010071
1.333640
0.001415
0.039953
0.018441
0.076033
1.614380
0.000002
0.008203
0.011246
0.000475
1.019238
0.025341
0.228359
0.028015
0.409088
0.000036
0.006291
0.212115
0.012107
0.055960
0.279687
0.118735
0.094214
0.391725
1.134251
0.001450
5.838559
0.001083
4.467760
0.283012
0.010166
0.090358
0.022675
0.207991
0.089486
1.978940
0.004193
0.066850
17.383529
0.904919
0.001407
0.004775
0.278675
0.290996
0.977686
0.004681
0.924979
0.078411
1.077337
0.028976
1.444670
1.461004
2.292263
0.009083
0.000008
0.158007
0.000000
2.943779
0.000368
0.714452
0.439857
2.342668
0.005023
0.479043
0.063866
0.326583
0.000013
0.052354
0.184981
0.396580
0.956525
0.544821
1.389795
0.086734
0.000079
0.845431
0.335652
0.000004
2.255340
1.295875
0.691390
0.000898
0.923510
0.000247
1.525678
0.000093
0.093563
0.000001
0.008011
0.000000
0.008550
0.860575
0.001034
1.574535
0.000020
0.922357
0.031582
2.769912
0.002563
0.028977
0.418981
1.943524
0.664703
0.037611
0.182976
0.541679
0.000152
40.056148
0.019339
1.416144
0.335577
0.033766
0.329323
0.001378
0.202292
0.377809
1.672919
0.014369
519.658964
0.000945
0.053851
0.085481
0.000211
5.255891
2.431499
0.086389
0.001113
1.099619
1.104970
1.996553
3.356203
1.555413
0.586772
0.819954
0.889101
0.603569
0.038665
0.000028
0.530996
2.835391
0.285403
0.653082
0.465573
0.000318
2.861536
0.171697
0.482874
1.742681
0.054402
0.178952
0.657580
0.465439
0.213857
0.604689
0.613266
0.329916
0.260542
0.000091
0.042373
0.056722
0.001693
0.323670
0.332815
0.128270
0.000017
0.373489
0.097220
0.000017
0.024137
0.012279
0.064816
2.802478
0.000172
1.724924
0.219917
1.108951
0.095341
0.194356
0.005565
1.432333
1.186642
0.099884
0.032356
0.000006
0.724486
0.139089
0.001501
1.230768
0.261846
0.542095
2.273378
0.007984
0.057737
0.001850
0.002620
0.000227
0.004488
0.001679
0.563475
3.277256
0.044517
0.248047
0.012551
0.054657
2.418731
1.064325
0.728574
0.000195
0.923013
1.238125
0.221592
0.554819
0.145621
1.451072
0.118532
0.000297
0.194125
0.369738
0.017637
2.071152
0.027757
0.318842
0.683856
0.034881
0.000014
0.017281
0.000267
1.113475
1.046086
0.000520
18.413645
0.524641
0.014571
0.197510
0.892015
0.044346
0.312284
0.029375
0.000200
0.005191
0.301581
1.071024
0.000000
0.001292
0.173937
0.006270
0.015129
2.892778
0.736301
0.000145
0.018883
0.009102
2.431210
1.216959
0.294613
0.315321
0.101617
0.217716
0.390681
0.261412
0.136277
0.000015
0.008921
0.013272
0.153500
0.041270
0.000027
0.961484
0.009001
0.000007
1.012508
0.000018
3.324350
0.000551
0.002596
0.007747
0.581799
0.000005
0.134922
1.250079
0.622745
0.940493
0.000004
2.125466
1.187022
0.002857
0.088548
0.031759
0.027588
0.344484
2.646378
0.750502
0.020909
0.016351
0.002125
0.928725
0.233519
0.149260
0.004778
0.968060
0.540305
0.000001
0.002476
1.299433
0.142023
0.000000
0.001542
0.237343
0.292940
0.549407
1.995143
0.375766
0.003612
0.001776
1.434315
0.290649
0.148424
0.019004
0.875557
1.298696
0.251465
1.036581
0.306979
0.214510
0.037537
0.007105
0.114895
0.009290
0.148520
0.705336
0.000039
0.224411
0.106752
0.146123
0.009489
0.355159
2.386111
0.514644
0.762001
0.000496
1.014437
0.044013
0.237404
0.180457
0.002207
0.056722
1.094925
0.140766
0.300840
0.003963
3.087959
0.768975
0.095479
0.000003
1.016570
0.315657
1.105104
0.000072
3.929452
1.089055
0.001345
0.153719
0.000372
0.453417
0.143816
0.513336
0.644870
1.284321
0.098265
3.484570
0.000169
1.354747
0.003562
7.568881
0.850252
0.001015
0.749374
0.003534
0.002927
0.049622
1.467068
1.090170
1.276244
0.019574
0.000158
1.646059
0.007705
0.000012
0.092206
0.003832
1.124104
0.528493
0.198889
147.137174
2.728908
0.180138
0.129010
0.000003
0.757521
0.409999
0.004286
0.000085
0.019147
0.113119
0.004098
0.012972
0.009175
0.427616
0.144731
0.044503
0.058223
0.285569
0.000004
0.000002
0.890354
0.732304
0.231737
0.038876
0.010969
0.029021
0.038034
0.000336
0.126488
0.001419
0.003917
0.739005
0.012847
0.000131
0.074833
1.493510
0.235981
0.918651
0.168993
1.537797
0.008296
0.044596
0.003356
0.000000
0.991421
0.085458
0.812360
0.152699
0.637118
0.056456
1.042105
0.532173
0.065065
0.070475
1.076761
0.001035
0.990144
1.413593
1.216615
0.002652
1.730370
0.797548
0.650463
0.044027
0.039554
0.005391
0.000192
0.767263
3.739901
0.802605
0.015301
2.504616
2.948122
0.010049
0.000119
0.226848
0.460581
0.000172
1.754445
0.008502
0.984139
0.002775
0.257060
0.051917
0.000214
0.008468
0.108530
0.422049
0.172025
0.913105
0.094526
0.965700
0.450545
0.099225
1.514636
0.006047
0.035217
1.013858
0.395008
0.726973
3.630759
0.004771
0.000097
0.002280
0.518829
0.434355
0.474050
0.174458
0.285173
0.000170
0.687540
1.142153
0.838869
0.004518
0.030688
0.002593
0.927021
0.000033
0.909879
0.004716
0.108292
0.008288
0.088590
0.589747
0.016426
0.006328
0.060897
0.794325
0.606946
0.000829
0.000737
0.015983
0.000128
1.236403
1.115295
0.192014
0.188550
1.808096
0.759766
0.060184
0.064652
0.005837
1.118637
0.311072
1.309730
0.099173
0.001970
1.021266
1.936808
0.004984
0.027535
0.953864
0.480982
1.884489
1.339899
0.022358
0.001133
0.724931
0.445531
1.030472
0.002055
0.002837
0.135155
4.901018
0.548133
0.001646
0.010960
1.653677
0.630409
0.057666
0.091477
1.152733
0.026914
0.485766
1.570748
0.033437
10.019722
0.002424
3.015469
0.634733
0.003148
0.028916
0.046378
0.432133
0.328464
0.466887
3.772618
0.215838
0.054663
0.732568
0.003901
1.030130
10.887288
0.326970
0.055199
0.284665
0.000894
0.033771
0.282353
0.000130
0.909831
0.155839
0.000036
0.000014
1.866580
0.001104
1.373777
0.000021
0.395405
1.026926
0.903854
0.031363
0.016534
3.398963
0.001928
0.000461
0.275575
0.215328
0.000018
0.000144
1.166247
0.442908
0.745635
0.453270
0.009879
0.396373
0.356944
0.057018
73.643795
4.557131
0.632561
0.000109
1.122072
6.091864
0.243775
0.252893
0.768269
0.275940
0.000177
0.734772
0.414306
0.541111
0.000025
0.002584
0.003043
0.978144
0.004895
0.008717
0.033679
0.012708
1.864960
0.000000
0.118374
0.003195
0.191970
0.946101
0.154492
0.002809
0.499925
0.001672
0.016091
0.000377
4.284912
0.000015
0.642932
0.301098
10.074806
0.001912
18.158674
0.424347
0.782283
1.181407
0.007137
0.021992
1.903136
2.585918
0.472597
0.290160
0.042495
0.945720
0.000187
0.015405
0.757989
0.084289
1.761656
0.000256
0.214048
0.301859
0.021363
0.397436
0.026384
0.064001
1.308225
0.487493
0.036628
0.061211
0.483608
0.436457
1.986199
0.088507
0.000003
0.117731
0.028161
0.263215
4.037090
0.008139
1.317427
0.058989
0.131231
0.369551
0.778972
0.000001
0.082185
0.005087
0.375069
0.039731
0.083822
2.712748
0.549394
0.047254
0.379242
0.173511
0.000005
0.000068
0.001293
0.181665
0.327635
0.099478
1.089761
0.096883
0.725865
0.730196
0.143624
0.001247
0.452311
0.118352
1.919495
1.316724
0.011214
0.586133
0.001915
0.001667
1.032828
0.697653
0.000001
6.969311
0.142821
0.922288
0.000000
0.092494
0.192328
0.008701
0.750677
0.026190
0.024692
0.102117
0.384602
0.397948
0.360666
0.020805
0.757948
0.684379
0.017291
0.000001
0.256318
0.329043
10.300219
1.130960
0.146900
0.390490
0.000000
0.609244
0.546667
0.022843
0.000764
0.040706
0.035393
0.358996
0.938157
1.409902
0.000008
0.025210
0.151032
0.353755
0.306911
0.371177
0.139405
1.050866
0.230597
0.018759
0.205621
0.050373
0.027646
0.225621
0.000676
0.000000
0.142730
3.478388
0.453647
0.807371
0.143236
0.000043
1.719019
0.127509
0.003079
0.003659
0.009503
0.815244
0.005262
0.014729
1.454474
6.953780
0.250732
0.041791
1.612361
0.001396
0.004827
0.000755
0.829876
0.007787
0.011834
0.010844
0.001207
0.478545
0.033185
0.000078
0.075886
1.047871
0.926573
0.011927
0.953642
0.404757
0.000012
0.145429
0.387048
0.822639
0.099916
0.044462
0.088400
0.000054
0.004080
1.954770
0.000217
0.350608
1.025550
0.016970
0.825995
0.001967
0.092214
0.945324
0.000213
0.003685
0.401866
0.028619
0.001015
0.014692
0.000121
1.539043
1.225113
1.143138
0.019193
0.335350
0.535568
2.089199
0.012469
1.005169
1.512109
2.722989
0.013181
0.000000
0.000557
3.152622
0.053967
0.342602
0.503507
0.001488
0.500458
0.078977
0.732835
0.057668
0.094040
0.016978
0.000006
0.823419
0.305381
0.159806
0.074327
0.007005
0.429374
1.003517
1.282636
0.023485
0.379074
0.775623
0.265448
0.779038
1.394546
0.086495
0.171812
0.179943
0.001391
0.000014
0.066701
0.241136
0.619609
0.104461
0.028923
0.000519
0.044680
0.001289
0.043193
0.383093
0.670893
0.000000
0.770673
0.584770
0.344485
0.665957
0.007357
0.109231
0.135302
0.026298
0.000602
0.011345
0.050075
0.151792
1.702460
0.836217
1.477381
0.000001
0.002265
2.328960
0.003595
0.000244
1.571513
0.118944
0.576627
0.439688
0.000000
1.520778
0.840766
0.649859
0.131886
1.008640
0.827645
0.002600
1.045112
2.710482
1.176210
0.955062
0.108571
0.003051
1.097281
1.740447
0.690010
1.836828
1.020665
0.574645
0.118452
0.000213
0.001515
0.039710
2.754962
4.572826
0.016915
0.000097
0.396004
0.000018
0.185323
0.004707
0.449804
0.000011
0.480491
1.101026
0.002061
4.747594
0.007055
0.011532
1.497490
0.089341
0.895497
0.239431
1.078070
0.000530
0.171631
0.008658
0.025854
0.069539
0.713789
0.316295
1.567920
0.006022
2.797705
0.000301
0.000012
0.251236
1.390896
0.109145
0.019370
0.206496
0.000522
1.537504
0.098896
0.326503
0.245585
0.433086
0.011266
0.273739
0.040453
0.436893
0.002429
0.000000
0.001313
0.000238
1.711874
0.002006
0.277262
0.774207
0.310472
1.270523
1.262180
3.982772
0.099000
0.000638
0.592104
0.004330
0.908647
0.038532
0.004867
1.093058
0.348239
0.004546
0.031780
0.420673
0.001498
0.020358
0.046516
0.129925
3.759705
0.564734
1.144044
0.005424
2.028479
2.153409
0.000003
1.964921
0.067557
2.020013
0.532203
0.099128
1.003533
0.011087
0.000671
1.514496
0.634447
0.000000
0.413058
0.074487
0.004838
1.046237
4.601101
0.000627
2.237857
0.363564
0.430759
0.226512
0.304419
0.609245
0.000444
0.924255
0.030613
0.907207
0.037365
0.141652
0.006029
0.000021
0.002282
0.043993
0.663856
1.089193
1.431965
0.015003
1.116516
0.000000
0.550580
0.573847
0.116067
0.971462
0.263574
0.935381
0.205234
0.377565
0.000093
0.918052
0.001016
0.453562
0.701360
0.746075
0.128059
0.000503
0.030105
0.158420
0.195374
0.403977
0.000615
0.019302
0.247848
0.300434
0.853430
5.819433
0.962145
0.131163
1.031894
0.088095
0.003721
0.744416
2.220662
1.030891
0.510202
0.013724
0.445855
2.160713
0.276232
2.057201
5.296133
0.007560
0.123060
0.011689
0.037079
1.738601
1.489526
0.343716
0.000105
0.137432
0.000478
0.679334
1.051921
0.002173
0.012028
0.588554
0.003358
0.013126
1.075953
0.284090
0.026688
0.001443
0.104726
0.000000
0.066294
0.129481
1.037030
1.893243
0.154097
1.858057
0.000009
0.007296
0.227500
0.345033
0.451752
2.852517
0.759854
0.040094
0.000008
0.048729
0.165201
0.129977
2.428907
0.088858
4.992874
0.039344
0.177533
1.119981
1.036757
0.000455
0.008567
0.021897
0.026716
0.767197
1.112529
0.057313
0.060144
0.892863
0.556194
0.524031
0.132455
0.102536
0.429078
0.222007
0.546993
0.030816
0.023757
0.008862
0.771069
7.301114
0.061531
0.079412
0.033863
0.000177
1.000000
0.152764
0.001188
0.259694
0.001230
0.000000
0.489861
0.227876
0.008337
0.642685
0.000001
0.023045
0.000000
0.001511
0.372612
0.011937
0.486989
1.416582
0.002384
0.026897
0.045504
0.130978
0.416629
0.021467
0.359042
0.000002
0.489243
0.896846
0.358774
0.091141
0.184324
0.002037
1.279596
1.186647
1.155983
0.034617
0.528125
0.298825
0.029535
0.483833
0.396435
0.289481
0.085333
0.850352
0.000044
0.500637
0.308388
2.106195
0.663013
0.515875
0.588836
0.167798
6.286702
1.073754
0.005575
0.211815
1.422433
0.945158
1.243623
0.062724
1.067334
1.007093
0.000000
0.001512
0.176634
0.979519
0.653675
0.159293
0.243670
1.205703
1.547559
3.157955
0.030902
0.000507
0.005401
0.001777
0.363036
0.101274
0.317868
0.688538
0.006960
0.311765
0.144552
1.284089
0.000001
0.010614
0.000228
0.546654
0.075742
0.568767
0.033215
9.482258
0.070028
3.693923
0.184889
0.000336
0.012306
0.955283
0.000091
0.255771
0.363448
1.159480
0.965795
0.101784
0.031504
0.000649
0.835222
0.318705
0.011200
0.016734
0.919298
1.026709
0.001528
0.001543
0.378249
0.001698
0.284497
0.005651
0.004780
0.253402
0.155886
0.047361
1.199138
0.012885
0.545171
0.668234
0.014904
1.615292
3.821757
0.973861
0.430594
0.151333
0.568455
0.000479
0.708771
0.989915
0.333653
2.080341
0.007862
1.689518
0.109117
0.003705
0.083462
0.120257
0.006535
0.189185
0.000424
0.000004
0.018577
0.001592
0.676314
1.689125
0.203942
0.982599
0.284060
10.291879
0.000661
0.153934
0.325175
0.529600
0.052081
0.006343
1.973938
0.001094
0.253630
0.485198
0.257762
0.000152
0.027498
0.000219
0.361467
0.329674
0.179330
0.315630
0.032428
2.332340
0.039328
35.480367
2.121082
0.010698
0.000345
0.433532
0.223850
0.004241
0.733717
0.033176
0.241074
0.052775
0.359159
2.716356
0.190524
0.003039
0.101252
1.034620
0.569986
0.463724
0.017040
0.135555
0.020122
2.161921
0.008575
1.111307
0.000010
0.711412
2.054145
0.443991
0.988301
0.285379
1.893304
0.000085
0.981892
0.195114
0.299520
0.000213
0.466277
0.017294
0.000000
0.489823
0.000361
0.149385
0.125935
0.128824
0.139289
1.092502
0.195428
0.000158
0.051654
0.004768
0.000755
0.016525
0.018594
0.600810
0.009635
0.249256
0.319392
0.007387
0.001462
0.057879
1.017640
3.149919
0.035954
0.035550
0.044004
0.079782
0.129242
0.003188
0.023077
0.452922
1.000001
0.002335
0.002075
0.080255
0.228205
0.004284
0.455979
0.174297
1.010960
0.167426
0.535847
1.400408
0.032944
3.881599
0.973552
0.002097
0.302255
1.589822
0.004183
0.000003
51.150178
0.744775
0.509950
0.569270
0.006308
0.001737
0.766025
0.330880
21.635730
0.493270
0.290974
0.522977
0.000575
0.003838
0.178546
0.363253
0.576399
0.000002
0.001163
0.052535
0.023619
1.254226
0.000784
0.004518
0.588243
0.000643
1.068100
0.119311
0.718929
0.558649
0.000640
0.021900
0.979981
5.733024
0.000196
0.000274
1.307189
0.382304
1.166773
2.612906
0.008167
0.050603
0.096186
0.022972
1.016025
0.176655
0.017383
0.000851
0.158902
0.000127
0.000025
0.931753
1.056464
0.951563
1.104327
0.000042
0.244525
0.000097
1.119402
0.013210
0.078792
0.001007
0.112093
9.030366
0.353542
0.004589
0.031982
0.000004
0.001900
0.000014
0.023058
0.003538
0.134744
0.000843
0.007113
0.500205
0.084285
1.403341
0.146719
0.516415
0.000956
0.973504
0.991360
0.001963
1.004957
0.073750
0.000414
0.664211
1.202279
0.033418
0.120309
0.008116
0.013270
0.002238
0.106386
0.396789
0.209594
1.278599
0.000177
0.932525
0.021387
0.000099
6.667649
0.002208
0.030456
2.297366
0.000000
0.534884
0.003563
0.044387
1.292047
0.009512
0.818878
0.000005
1.001926
0.505552
0.095229
3.197687
0.076908
0.454655
1.738336
1.636262
0.200671
0.167024
0.051571
2.681506
0.004631
0.012932
0.179756
0.017462
0.056354
0.764630
0.004327
0.131537
1.781752
1.079890
0.018167
0.000249
0.256737
0.000003
0.000001
1720.695467
0.109867
0.095777
1.512424
0.008912
0.000951
0.002554
0.786332
0.001413
0.584435
0.185348
0.052417
0.139549
0.000107
2.609877
0.000269
0.032395
0.004203
0.066468
0.000041
1.230047
1.985968
0.012182
0.780788
2.240394
0.345230
2.511231
0.068819
4.436173
0.187803
0.498814
0.882400
0.004897
0.573181
0.159439
0.017535
0.931568
0.038537
0.929910
0.017740
0.445490
0.316733
0.002221
0.314567
0.605809
0.722593
0.007840
2.665221
0.212921
4.787104
0.006114
0.006968
0.099603
0.005010
0.129866
0.005487
0.480400
0.489088
0.293800
1.015043
0.460882
0.085045
0.000010
0.104046
0.325510
0.008559
0.525433
0.002290
0.031848
0.634451
0.232412
17.391010
0.502852
1.088858
0.905482
1.045162
0.341660
0.074496
0.035941
0.134558
0.355100
0.268593
0.293949
0.522671
3.429241
0.187476
0.051821
0.112763
1.231485
0.981274
0.006456
0.226531
0.007414
0.909686
0.208359
0.118297
0.927777
1.179454
0.034570
0.025740
0.009404
2.558557
0.715526
0.334496
1.353090
0.000024
1.263908
0.060698
0.282580
0.407812
0.332839
0.342135
0.067745
0.005229
0.025775
0.356844
0.250787
0.364675
0.074597
1.111455
1.467842
1.370901
2.508974
0.089700
1.231195
1.588846
0.061370
0.234785
0.062730
0.066649
0.908579
0.773751
0.277837
0.239509
0.000006
0.003752
2.692251
1.078630
0.911324
0.000000
0.660801
0.033130
0.104471
1.447737
0.223778
0.085442
0.130068
0.855148
0.118142
0.681149
0.001225
1.444570
0.288459
10.015929
0.053123
0.000019
0.079297
2.147972
0.000177
0.043083
1.229599
0.011080
0.014454
0.907425
0.229282
0.148342
1.001685
0.338042
0.090556
0.044664
0.957764
0.007681
0.643680
0.002401
2.543356
0.622333
0.000315
2.228639
0.001082
1.207190
0.429506
0.396993
1.413689
0.000685
1.001918
0.000010
0.721026
1.018526
0.535334
0.032328
0.096065
2.656060
0.265843
0.265358
0.009650
0.401333
0.001642
1.639330
1.075174
0.608985
1.927939
0.233286
0.000222
0.374400
0.593736
0.016006
0.000057
0.505805
1.183067
0.815919
0.000372
0.107895
0.018382
0.007905
1.234348
1.131261
0.762188
0.587729
0.754775
0.213424
0.110322
0.043195
0.045707
0.736771
0.027742
0.143873
3.730418
1.967197
0.006845
0.609343
0.746525
3.448094
0.000067
0.691142
0.000140
0.356105
0.282138
0.069729
0.336822
0.334660
0.691119
0.279445
7.774721
0.860535
0.744850
0.427340
0.000000
0.446180
0.034564
0.008676
0.249288
0.020785
1.374866
0.075573
0.000069
0.025170
0.354001
0.001235
0.256253
0.486900
0.989843
0.140266
0.131114
4.772031
0.002120
0.023709
0.188698
0.010297
0.053666
0.020546
0.959425
0.025272
0.231119
0.073728
0.436806
4.018967
0.416703
0.966660
0.003275
0.019143
0.000278
0.728649
0.067154
0.068602
0.000030
0.019084
0.667561
0.000103
0.803744
0.000070
0.245478
1.722475
0.030626
0.010769
0.000311
0.791354
0.532972
0.718881
0.013908
3.999215
1.297090
0.022922
0.512306
0.001791
0.244946
0.565384
0.292636
1.023235
0.000173
0.901815
0.000137
0.000168
0.391233
0.015447
1.144858
1.570446
0.078019
1.447801
0.089072
0.741382
0.000127
0.014343
0.057168
0.420904
0.053109
2.878405
0.018782
2.571603
0.000003
1.853182
1.656941
0.056814
1.051189
1.036139
1.745746
0.000025
0.452364
1.144653
1.078792
0.069888
0.218473
0.224577
0.000039
0.000029
0.023401
0.000003
0.339605
0.001192
0.028791
0.464334
0.255625
0.480399
0.129482
0.028318
2.519599
0.835817
0.000943
0.171780
0.048760
0.002318
0.275831
0.095731
0.002115
0.123532
0.295049
0.901319
0.490932
0.000149
0.246689
0.001032
1.326045
0.275868
0.649174
0.034451
0.004589
3.922751
0.913761
0.000113
2.480477
0.000000
0.438774
0.017141
0.422489
0.032374
0.862489
0.051734
1.251068
0.359075
0.409107
0.000000
0.054445
0.540430
0.096837
1.115457
1.155883
0.029461
0.936175
0.008601
0.008923
0.000346
0.864812
0.001150
0.080354
1.053862
0.205794
0.344892
0.644868
0.448462
0.000195
0.023566
0.890848
0.022504
0.000493
0.522938
0.347399
0.232356
0.826192
0.075400
1.515220
2.432279
0.489012
1.094431
0.266104
0.162028
0.004034
0.824839
0.031965
0.035574
0.251535
1.010989
0.426794
0.000418
0.028623
1.312744
2.153139
0.056254
0.151522
2.520511
0.537664
0.002621
0.674360
0.548330
0.911267
0.362305
0.001570
0.197359
0.020813
0.967854
0.107333
1.076439
0.110297
0.000714
0.208863
0.119987
0.000064
0.568338
1.133974
0.386992
2.664112
0.002546
22.548849
0.744097
0.301060
1.547981
0.599275
0.028647
3.164466
1.416480
1.386535
0.377018
7.148020
1.976734
0.937990
6.467325
0.000597
0.060580
0.006555
0.001852
0.122388
0.004987
0.992052
0.011364
0.303678
0.000887
0.003406
1.010398
0.028661
0.964881
0.000271
0.013501
3.008574
0.696451
0.032730
0.018420
1.533929
0.060890
0.978772
0.007813
0.111632
3.644261
0.016432
0.021071
0.560292
0.002063
0.871962
0.012262
1.396998
0.777054
0.985703
0.051627
0.191346
0.003085
0.010855
0.382787
0.000224
1.617326
0.000000
0.559603
0.008086
0.978911
0.844092
0.492898
1.121565
0.138400
0.004176
0.002033
0.013255
0.007476
1.010718
0.030486
2.774386
0.350530
0.006109
0.370883
0.016201
9.843825
0.000373
0.001654
0.011202
0.017272
14.394610
0.887535
0.038854
3.467976
0.290359
0.477761
0.009655
0.178633
0.402498
0.295136
1.211539
0.466253
0.106859
0.007524
0.034687
0.015015
0.000000
0.039257
0.844079
2.212530
3.800797
0.418018
0.187235
0.393902
0.002713
0.004362
0.229170
0.002910
0.000003
0.058308
0.460729
0.375403
0.005971
0.000203
0.019406
0.421314
0.000003
1.098335
0.389575
0.325784
0.813218
0.033634
6.244039
0.654650
0.631294
0.003710
0.202302
50.380322
0.014576
0.548484
0.000960
0.109178
0.661818
1.377217
0.537404
1.736542
0.000001
0.033977
0.187767
0.071933
0.015384
0.009464
0.013460
0.265690
0.522496
0.471399
0.274931
0.161088
0.107565
0.823206
0.692795
0.003649
0.655766
0.007668
0.817593
0.259262
0.370102
0.009848
2.064277
0.000000
1.157184
1.195498
0.435405
0.141574
0.258882
1.636518
0.093518
0.226603
0.925778
0.633669
0.003401
0.370734
0.030710
0.202888
0.102381
0.007323
0.004249
0.017058
10.639437
0.100406
1.506305
0.098158
0.002296
0.439561
0.000000
0.066032
0.570364
0.165264
0.023598
0.023624
0.911481
2.042724
1.137794
2.243720
0.216715
5.711806
0.837679
3.111227
0.020484
0.131920
0.451200
1.122759
0.221289
0.452645
0.071010
0.219568
0.005032
0.000301
1.235177
0.097728
0.000028
0.000000
1.057091
10.338017
1.268950
1.175331
0.984902
1.057365
1.048451
0.534120
0.209162
0.000718
0.351800
0.076337
0.820221
0.809424
0.900932
0.035853
0.131501
0.999142
0.011198
0.957660
1.407039
0.485917
0.239499
0.068740
0.537692
0.447587
1.234805
0.214728
0.984305
1.010527
0.106425
0.081572
2.816552
1.610623
0.278528
0.000001
0.138478
0.035191
0.586446
0.984462
0.063388
17.575887
0.651164
0.890108
0.172147
0.003971
0.040137
0.671017
0.030559
7.388754
0.770643
0.001522
0.843716
0.887719
0.166901
1.703527
0.891576
0.998146
0.000663
0.961649
0.022002
0.818606
0.017828
0.156136
0.100518
0.003434
0.000062
0.648313
0.063111
9.941645
6.536444
0.094893
0.076663
0.588498
0.111227
0.000190
0.021267
0.878511
0.000848
0.702646
0.024417
0.136538
0.632285
0.076507
0.001490
0.244057
0.485402
0.008883
0.028550
0.245939
0.098198
2.739839
1.287900
0.261484
0.481227
0.444584
1.415744
0.040058
0.522164
0.022069
2.931910
0.696927
0.066746
1.975727
0.000006
0.087882
0.886991
0.051655
0.709666
0.001799
0.767167
0.002540
0.441928
1.492327
0.286290
0.003652
0.249006
3.190698
42.289997
0.478493
0.015681
1.752718
4.738868
0.067240
0.265043
0.467415
0.076278
0.000368
0.292883
0.049790
3.390659
0.023001
0.443078
0.002040
1.337411
0.022392
0.102948
0.060325
0.454140
1.570507
0.561759
0.000050
2.829674
0.000334
0.681393
1.225691
0.378557
0.000108
0.681418
1.077409
0.778560
0.392623
0.000101
0.176783
0.176438
0.004501
0.190118
0.797722
0.245343
0.334261
1.109398
0.000341
0.000879
0.001491
0.000230
0.238385
0.777332
1.047026
0.698389
0.014987
1.087172
0.000201
0.432747
0.844312
0.030661
4.833736
0.219308
0.001921
0.357981
0.963203
0.055769
0.000433
0.207737
0.529882
2.451471
0.151952
0.537175
0.022852
8.341002
1.844804
0.000113
0.002960
0.000300
2.273423
0.007729
0.237947
1.120948
0.665159
0.000127
0.795542
0.132469
0.829261
0.039031
0.112969
0.803521
0.157318
0.995950
0.000131
0.725027
0.796940
2.976301
1.113087
0.497350
0.027004
0.017145
0.106690
0.003009
0.309422
0.000005
2.902685
0.136676
2.437696
0.368807
0.060027
20.924823
0.479894
0.000005
0.514002
0.247579
0.078503
0.119273
1.662497
0.039641
1.100827
0.051923
0.514037
0.000132
1.146039
0.333499
0.017985
0.001778
0.241295
0.110287
1.235562
0.010010
0.155820
0.000001
0.677614
10.587277
0.025083
0.039453
0.000230
25.334694
2.354431
0.166647
1.304817
0.330819
0.005863
0.003998
0.594558
0.004907
0.065652
0.007936
0.000000
0.022052
1.176392
0.168500
0.343744
1.899909
0.248109
0.858001
2.000616
0.000957
0.161536
0.909942
0.289415
1.044675
0.879441
1.716019
2.164705
1.303817
0.343517
0.226466
3.305163
0.262289
0.171494
0.001052
0.052584
0.891861
0.996172
6.338490
0.000468
0.054751
0.246873
1.505700
0.006499
0.000331
0.319711
0.122532
0.000081
0.272590
0.143105
0.000470
0.021238
0.824605
0.282128
0.044392
0.829197
0.261473
0.234416
1.643997
14.124808
1.281833
0.013150
0.002005
1.191200
0.276621
0.420601
0.912901
1.531973
1.276821
0.711381
0.187685
0.198851
0.126381
0.044664
0.000373
0.606321
2.244270
0.044882
1.111547
0.005350
0.377885
0.005440
0.614996
0.071994
0.760198
0.848236
0.792370
0.007261
0.045892
0.000378
1.311095
0.222641
23.051238
1.860564
1.556341
0.473271
0.088710
0.626979
2.003618
1.002756
0.671420
0.143667
0.720161
0.303896
0.060609
0.858671
1.905182
0.824621
0.631550
0.060504
0.702959
0.015384
0.083723
0.616282
3.129910
0.014595
0.030130
0.863617
0.025748
1.129949
0.069299
0.371700
0.015165
0.004336
0.006003
0.010929
0.000001
0.036747
0.069252
0.000570
0.004930
1.366207
0.000001
0.142942
0.000876
5.002918
1.135810
0.000000
0.121078
0.000017
2.097266
0.292305
0.000004
1.217093
3.691438
0.026806
12.177462
0.673882
0.034012
0.131167
0.344500
0.238791
0.000122
1.283982
0.048918
0.124078
0.059990
0.055349
0.012342
0.354223
0.629033
0.075126
0.000017
1.627194
1.028976
2.691460
1.059146
0.003784
0.009551
0.688625
0.870791
0.010714
0.000000
0.037179
0.291729
0.055724
0.146918
0.938233
0.179480
0.004583
4.696720
0.455654
0.759586
0.038371
0.015395
0.008559
0.011042
0.000000
0.000019
2.261104
0.370663
0.028736
0.501680
0.039429
0.000990
0.086987
0.113081
1.581650
0.086253
0.711684
0.329379
0.186570
0.003326
0.441863
0.004037
0.031382
7.993771
24.461506
0.000840
0.054845
2.413503
12.817669
0.000261
0.000283
0.019257
0.004028
0.006923
0.024350
0.637325
0.337099
0.194106
0.543273
0.114130
0.514883
0.357762
2.591809
0.017115
0.658437
0.954133
0.000171
1.079806
0.182148
0.555807
0.735302
2.823004
0.000011
0.103872
0.429574
5.673777
0.035077
0.618216
0.001027
0.377812
0.012314
0.008794
0.007603
1.029767
1.119983
2.285866
0.219730
1.152256
0.003727
0.001043
0.000038
0.050647
0.379427
0.168104
0.012873
0.425139
0.276510
0.380033
0.279848
0.034923
0.039386
0.636823
0.633093
0.000674
0.002937
0.998946
