-0.023956
0.004004
-0.078832
0.123186
0.045297
-0.003643
0.073468
-0.153610
-0.010897
0.000625
0.002628
0.047113
0.650891
-0.000053
-0.147003
-0.009617
-0.022608
0.001209
0.055125
-0.002893
-0.003394
0.078514
-0.017988
0.000339
0.301544
-0.001941
-0.002751
-0.064796
-0.010385
0.039707
-0.017156
0.053926
-0.000981
0.001342
0.018998
1.205614
0.026079
0.012056
-0.032024
0.165465
-0.070049
-0.032081
1.066456
0.029931
0.011674
0.005911
0.071389
-0.023744
0.162401
-0.008159
0.032283
0.022882
-0.091418
0.285883
0.132459
0.015141
0.014085
0.004626
0.007872
-0.036263
0.012496
-0.071814
0.008777
0.098200
0.695399
-0.209350
-0.032348
-0.658849
-0.071711
-0.014507
-0.018577
-0.057829
0.002124
-0.469366
-0.001596
0.012605
-0.021450
-0.002296
-0.025177
0.049073
-0.060339
-0.001003
-0.027056
0.017854
0.055569
0.024937
-0.041690
-0.805920
1.017839
0.008289
0.004378
0.014302
0.023868
0.002492
0.042201
0.083109
-0.010743
0.003811
-0.000058
0.015754
0.033530
-0.067654
0.011873
0.031337
0.046402
0.011823
0.022675
-0.022933
0.185121
0.001846
0.016781
-0.000967
0.000795
-0.001079
0.015588
0.697111
-0.129240
-0.006887
0.017346
0.005472
-0.011003
-0.012783
0.000373
0.003513
0.194012
-0.003420
0.004383
-0.030796
-1.314635
0.026416
0.008681
0.001077
0.011654
-0.024005
0.298972
0.095734
-0.625637
0.181537
-0.000094
-0.120770
-0.014851
-0.003624
0.233511
0.001240
0.026307
-0.037533
0.176978
-0.006422
0.000954
0.019152
-0.010454
0.000457
0.007811
-0.019707
0.031831
0.124027
-0.005421
-0.076849
-0.191961
0.097840
-0.023785
0.116878
0.020404
0.000927
0.481255
0.002294
0.022041
0.005309
0.040483
-0.009543
0.002248
-0.000890
-0.063211
0.015229
0.003271
0.007025
-0.054230
0.109258
-0.004321
0.006976
0.019774
-0.010596
0.009799
0.447267
0.004372
0.010416
-0.055574
-0.104564
0.002652
0.163345
0.002408
0.122409
-0.016917
-0.178262
0.014966
-0.099676
-0.039191
-0.040096
0.009257
-0.000848
0.030195
-0.008230
0.004807
0.920103
0.023367
-0.063887
0.005178
-0.033274
0.119822
0.037604
-0.085416
0.068167
0.005247
0.004170
0.167399
0.075622
-0.020750
-0.045421
0.032904
-0.045622
-0.001178
0.022134
-0.037745
0.004814
0.071627
-0.098284
-0.051129
0.142688
0.799896
-0.037973
-0.092149
-0.006360
0.005908
0.040378
0.008849
0.008960
-0.002294
-1.505590
0.029260
0.029948
-0.043695
0.250092
-0.015294
0.104725
-0.335621
-0.003271
0.010239
0.033867
1.106715
-0.096541
0.243661
-0.066885
-0.038629
-0.090042
-0.020365
0.020811
-0.009454
-0.000941
-0.013631
0.005880
0.009909
-0.041891
0.006981
0.000810
0.001424
0.119406
-0.131818
0.103767
-0.156547
0.083666
0.005274
-0.002668
-0.351901
0.031355
0.097664
-0.027958
0.123940
-0.024985
0.237868
-0.010366
0.045364
-0.002381
-0.016415
-0.075440
-0.017101
0.050071
0.011348
-0.051649
0.040240
-0.106886
0.041046
-0.013682
0.082916
0.084506
-0.002108
0.035839
0.337101
-0.004856
-0.105847
-0.269761
0.000617
0.396339
0.009998
0.143759
0.066130
-0.002762
0.007707
0.030704
0.002790
0.016233
0.040571
-0.022146
0.031858
-0.001271
-0.046029
0.098885
0.056512
0.084154
0.008151
-0.009973
0.023214
0.006936
0.001050
0.038577
0.000258
-0.008395
0.081676
-0.071746
0.004851
0.121959
0.333354
-0.040703
-0.008554
-0.046100
-0.057796
0.009124
-0.282485
0.048938
-0.010032
0.391431
-0.045824
0.002850
-0.012145
-0.003870
0.073204
-0.025474
0.014371
-0.039441
0.067551
0.034258
0.373996
0.016228
0.000057
-0.002670
0.003192
-0.116137
0.126145
-0.066069
0.004944
-0.010128
-0.053264
0.043378
0.036280
0.001867
0.024232
-0.008378
0.003198
-0.011215
-0.028386
0.034923
0.115960
-0.004317
0.010503
-0.041411
-0.007206
-0.001567
-0.009306
0.000768
0.048430
-0.008771
-0.000173
-0.001340
-0.091242
0.120549
-0.112271
0.104222
0.063790
-0.115760
-0.190260
-0.003398
0.010550
0.118326
-0.066821
-0.011747
0.001106
0.083780
-0.400944
-0.001874
0.098075
-0.063100
0.062880
0.074727
0.000281
0.008955
0.036849
0.000127
-0.054974
0.191298
-0.015607
-0.052122
0.090153
-2.096974
-0.039060
-0.087240
-0.155209
0.320853
-0.191887
-0.013636
-0.238252
0.000605
0.086099
-0.080752
-0.137694
-0.041482
0.018657
-0.083467
-0.011685
-0.217390
0.028521
-0.014592
0.411154
-0.022180
-0.011916
0.010562
0.086825
-0.246051
-0.052335
0.081022
-0.008300
-0.023393
0.024135
0.000335
0.037884
-0.012315
-0.054206
0.004437
-0.080962
0.102997
-0.228277
0.007670
0.003201
-4.289843
-0.005948
0.004845
0.089346
0.036391
0.006258
-0.018572
-0.005028
-0.058446
-0.063814
0.002074
0.129693
-0.110787
0.004553
0.325588
0.057247
0.002515
-0.008206
0.001760
0.015304
0.082845
0.068946
0.035510
-0.041347
0.066773
0.086657
-0.026994
-0.052160
0.033795
0.039239
-0.003346
-0.016807
0.111812
0.028413
-0.086533
-0.000588
-0.010391
0.004818
-0.057689
-0.030277
0.069514
0.044892
0.000767
-0.049195
0.040094
-0.020146
-0.150353
0.026977
0.037266
-0.233325
-0.007439
0.004253
0.093522
0.090394
-0.075030
0.241674
0.103368
0.001241
0.004568
0.089571
0.000502
0.087401
0.133294
-0.009726
0.021771
-0.202597
0.018112
-0.042866
-0.212016
0.121614
-0.091068
-0.026998
-0.011966
0.006990
0.008565
-0.002892
0.007796
-0.137767
0.067532
-0.233049
-0.024010
-0.000536
-0.166079
-0.100765
-0.001368
0.033067
-0.010580
0.012042
0.052415
0.048886
0.001519
0.038932
-0.076927
-0.350901
-0.031284
-0.004498
0.126067
-0.091239
0.003353
0.013586
0.024435
0.025053
-0.035404
0.085541
0.072746
0.066847
0.152043
-0.026297
0.005638
-0.083554
-0.018690
-0.005847
0.049309
-0.130471
0.005121
-0.002001
0.005559
0.060263
-0.106742
-0.063431
-0.038425
-0.091267
0.014643
-0.000197
0.039170
-0.002436
-0.146333
-0.027871
-0.059543
0.004924
-0.030882
-0.002035
0.037021
-0.001732
-0.176259
0.834756
-0.037344
0.041581
-0.272265
0.108395
0.014053
-0.031843
-0.029294
0.001887
0.061986
-0.026575
0.569873
0.038505
0.107968
0.006180
0.011114
0.029502
-0.017680
-0.004831
-0.014272
0.143933
0.002237
-0.064847
0.228180
0.162314
-0.006452
-0.170457
0.361423
0.002745
0.007009
0.020550
-0.012120
-0.136159
0.024272
-0.002058
-0.004805
0.006226
-0.108876
0.017947
-0.331678
-0.474211
0.011608
-0.037912
0.173647
0.018242
0.136541
-0.112233
-0.079196
-0.020428
-0.006179
-0.046831
0.047309
0.037871
0.008986
-0.025611
-0.401878
0.141571
-0.073821
0.120920
0.107242
0.151125
-0.055459
-0.035736
0.158203
-0.059699
0.052143
-0.061861
0.220588
-0.013879
0.075797
0.020852
-0.034616
0.039655
0.037204
-0.072050
0.019722
-0.030786
0.043902
0.016188
0.026568
-0.011023
0.026507
0.099660
0.709106
-0.039644
-0.033063
0.046859
0.026565
0.005589
-0.069232
0.000165
-0.137789
-0.074030
0.137683
-0.050340
0.018969
-0.062404
0.085587
-0.010178
-0.337352
0.034121
-0.098751
0.004015
0.113436
0.112868
0.023937
0.008849
-0.000183
-0.107052
-0.020355
-0.014102
0.109620
-0.012634
0.005185
-0.007790
0.004958
-0.000492
0.056080
-0.104585
-0.347062
-0.054963
0.073882
0.013184
0.007685
-0.000425
-0.107804
0.034049
0.005541
-0.000521
-0.002942
0.000987
0.004406
0.113374
0.113384
-0.138568
0.005251
-0.102445
0.001598
0.025850
0.115062
0.036020
0.003217
-0.238602
-0.027826
-0.000016
0.138865
-0.147706
-0.005609
-0.168778
0.000447
0.010783
-0.022052
0.034875
0.056761
-0.106932
0.062852
-0.005383
0.174692
0.003606
0.011558
-0.062094
0.083080
0.006311
-0.096757
-0.002618
-0.124945
-0.211494
0.041710
0.001006
-0.028462
-0.200821
0.455578
0.004182
-0.004644
0.020447
-0.019975
0.014008
0.014800
-0.082259
-0.365700
-0.163800
0.016118
0.014475
-0.008652
0.003855
0.033660
0.043357
0.069771
0.030049
0.089855
-0.158482
-0.004152
-0.045494
0.099523
0.349906
0.072724
0.021893
0.121642
-0.042103
0.092448
-0.081010
-0.132153
-0.077687
-0.027626
-0.182207
-0.132148
-0.016694
0.033911
-0.005817
0.046342
-0.108796
-0.000421
-0.051438
-0.004004
-0.123834
0.038182
-0.061680
-0.345216
0.065513
0.147637
-0.059617
0.009551
0.062204
0.041308
0.331390
0.000814
-0.027826
-0.007635
-0.004317
-0.008703
0.050566
0.188169
0.001835
0.118905
-0.003565
0.007101
-0.077521
0.001434
0.034364
-0.174723
0.090953
0.023087
0.007747
-0.051196
0.014590
0.018866
-0.004007
0.002010
-0.004948
-0.272691
-0.007351
0.012282
-0.086717
0.124594
0.050038
0.013125
0.085166
-0.043979
-0.066441
-0.127035
0.033191
0.021149
-0.217068
0.001060
0.003009
-0.143307
0.029927
2.367012
0.109464
0.075119
-0.254382
-0.127254
-0.041151
0.075542
0.135846
-0.311255
0.340065
0.011755
-0.126447
0.058607
-0.026679
0.072318
-0.144011
-0.096641
-0.053251
0.015893
0.031824
0.021185
0.116943
0.005003
-0.015163
0.009029
-0.163708
0.209939
-0.044368
-0.120767
-0.007629
-0.025079
-0.102267
0.009598
0.302078
0.049919
0.046946
0.067625
-0.054525
-0.002274
0.217697
0.071304
-0.191519
-0.018334
-0.191278
-0.010081
-0.054253
0.160910
0.066941
-0.023494
0.077365
0.196555
-0.000491
-0.237791
0.377410
0.040777
0.037464
-0.241793
0.049787
-0.001342
0.112891
-0.325741
-0.021939
0.053564
-0.047974
-0.020308
0.088002
-0.060510
-0.045247
-0.105452
0.048192
0.060971
0.000046
-0.049303
-0.378407
0.050381
0.048585
-0.055803
0.061450
0.042707
0.013097
-0.103127
0.066006
0.033910
0.066821
0.021224
-0.008249
-0.139985
-0.103103
-0.022708
-0.106669
-0.092052
-0.117224
0.010607
-0.010865
-0.052300
-0.011955
-0.253508
-0.083577
-0.006324
0.002248
0.035991
0.212752
-0.044716
-0.050718
-0.001310
-0.148416
-0.197191
-0.017665
-0.019917
0.117336
-0.000321
0.020073
0.051640
-0.032159
-0.028752
-0.131165
-0.051691
-0.182028
0.071348
-0.114828
-0.104003
-0.225044
0.205744
-0.312591
0.156619
0.268871
-0.100793
-0.064662
0.114142
-0.003127
0.023978
0.037350
0.049250
-0.048414
0.036139
-0.122780
0.009687
-0.003796
0.020805
-0.045712
-0.158747
-0.005147
0.001434
0.011946
-0.010404
0.039671
0.029613
0.040068
-0.067878
-0.160557
-0.113864
0.005877
-0.000904
0.039902
-0.016451
0.081418
-0.004476
-0.052972
-0.081943
-0.119002
0.048132
0.000079
-0.048982
0.025917
-0.044571
-0.000413
0.105062
-0.060257
-0.033784
-0.107666
-0.074288
0.284627
0.053750
-0.073390
-0.035514
-0.049886
-0.033813
-0.103128
0.031102
0.005406
0.237510
-0.003449
0.000933
0.098283
-0.011875
-0.088907
0.116058
-0.008277
-0.049878
-0.017756
0.389330
0.109067
-0.033787
-0.128042
0.016489
-0.169847
0.001456
0.018572
-0.028284
0.044424
-1.198693
0.083783
-0.037184
0.155777
-0.123971
-0.064966
-0.372129
-0.043753
-0.165182
-0.008717
3.040938
0.083867
-0.002879
-0.019494
-0.099014
0.021500
-0.098790
0.032295
0.000173
0.131677
0.055991
0.014667
0.062710
0.047854
0.223973
-0.059329
0.001901
-0.260792
0.049649
0.032401
0.326129
0.000903
-0.000855
0.043628
-0.006826
0.069282
-0.131148
0.029069
-0.197922
-0.015848
-0.237598
0.045671
0.039115
-0.076780
-0.047955
-0.111857
-0.011913
-0.002924
-0.038143
-0.142069
-0.000535
0.039346
-0.193254
0.036882
-0.022140
-0.237806
-0.105503
-0.066205
0.374939
-0.022789
-0.018772
-0.093509
-0.043615
-0.075490
-0.127053
-0.015606
-0.024114
-0.115311
0.004772
0.069626
0.029651
0.001572
0.000223
-0.137675
0.074749
-0.001722
0.160607
-0.124161
-0.067379
-0.045212
-0.111310
-0.177629
0.576492
-0.126346
-0.135016
0.143202
0.092351
0.002599
0.129673
0.002898
0.062349
0.048973
0.034297
-0.013890
0.014655
-0.000364
0.008598
-0.006105
-0.058927
0.038347
-0.099622
-0.063324
0.003312
0.036744
-0.467974
0.083790
0.089714
-0.067077
-0.055284
-0.169131
0.139308
0.015981
-0.069189
0.203174
-0.090893
-0.045342
-0.033564
-0.004301
0.033466
-0.063040
-0.048910
-0.085044
-0.084873
0.433676
-0.103189
0.148334
0.106253
-0.032227
-0.017190
0.054876
-0.003488
-0.126757
0.036421
0.145469
-0.002215
-0.024089
0.273140
0.186980
0.383981
-0.089842
-0.014131
-0.161231
-0.077154
-0.001784
-0.022483
-0.201559
-0.057319
-0.152005
0.071661
-0.148781
-0.357654
0.044393
-0.017800
0.023581
-0.189531
-0.000051
-0.111929
2.664818
-0.065394
-0.013808
-0.174540
0.019286
-0.026462
-0.079874
0.137051
-0.108510
-0.000016
0.303186
-0.236462
-0.000807
-0.004417
-0.206580
-0.008979
0.010228
0.190242
-0.032462
-0.013890
-0.106015
0.209034
0.096086
0.168928
-0.003661
0.000606
0.010341
-0.046311
0.584435
-0.082127
-0.104512
3.665975
0.023169
-0.168689
0.364741
-0.052589
-0.602907
0.085285
-0.185067
0.190612
0.011101
0.729336
-0.119221
-0.273481
0.037098
0.001811
-0.005127
-0.161587
-0.258261
0.004273
0.005490
-0.044407
0.018222
0.037392
0.372390
-0.050889
0.023848
0.049865
0.182518
-0.090475
0.024185
0.003945
0.014226
-0.123965
-0.099284
-0.029103
-0.002992
-0.001793
-0.176462
-0.042000
-0.127073
-0.100422
0.005037
-0.011851
-0.001160
-0.835119
-0.152328
0.255686
-0.000253
0.303655
-0.134686
-0.110275
0.032161
0.011406
-0.041503
-0.031260
0.306100
-0.064857
-0.056032
-0.016183
0.037872
-0.017995
0.324967
-0.108667
-0.230466
0.324477
-0.024509
-0.136676
-0.057455
-0.159343
0.275549
-0.194326
-0.061463
-0.169070
-0.026631
-0.040370
-0.069470
-0.143816
-0.007522
0.010623
-0.001832
-0.346027
0.124379
-0.021322
0.097529
-0.115613
0.059219
0.019310
0.016095
-0.000039
-0.019460
0.015117
0.018972
0.009354
-0.003263
-0.003262
-0.064474
-0.103844
-0.124699
0.012424
-0.354880
-0.127246
0.154645
-0.004360
0.042940
-0.387483
0.014090
0.020533
-0.000378
0.172744
0.010713
-0.035839
0.000968
-0.077415
0.039994
-0.005451
0.486336
-0.185370
0.110068
0.043517
0.005077
-0.080605
0.326810
-0.044098
-1.212832
5.218504
-0.148003
0.076694
0.399448
0.064946
-0.010234
0.103920
-0.105907
-0.088291
0.113085
-0.061275
0.332673
-0.003981
-0.053239
-0.266862
-0.035895
-0.077837
-0.007422
-0.011862
0.055875
0.248087
-0.083451
-0.010741
0.053380
-0.000110
-0.187042
0.087250
0.568422
0.321694
-0.083272
-0.062706
-0.096599
-0.072288
-0.185448
-0.014212
0.208017
0.243811
0.382982
-0.022363
-0.110083
-0.093747
-0.311542
0.104240
0.048078
0.224153
0.054436
-0.208777
-0.043382
0.032761
0.076354
-0.071396
-0.001274
0.000366
0.201776
0.008660
-0.059951
0.096280
0.149388
-0.044160
-0.205716
-0.063022
-0.026320
-0.081304
-0.041060
0.972429
-0.329868
-0.107405
-0.026430
0.217902
-0.110593
0.399978
0.067818
0.000438
0.115279
-0.040876
-0.007884
0.390507
-0.003432
0.000074
-0.142744
-0.032621
-0.164443
0.020358
0.256797
-0.086838
-0.120744
-0.281472
0.041855
0.028465
0.116690
0.011121
-0.030162
-0.083095
0.004710
-0.043911
0.017097
-0.038956
0.066506
0.016339
0.004341
0.051044
-0.350644
-0.559665
-0.041170
-0.127181
-0.062127
-0.035956
0.017866
-0.025732
-0.050047
-0.306829
-0.003625
-0.174719
0.558148
0.000574
-0.152975
-0.261677
-0.045616
0.177011
-0.143468
0.115801
-0.110628
-0.263243
-0.074004
-0.025419
-0.025909
-0.007965
-0.108129
-0.069280
-0.000966
0.001346
-0.002459
0.108612
0.011225
-0.019369
0.077004
0.276066
-0.078013
-0.006569
-0.337044
0.119938
-0.096529
0.060571
-0.032112
0.326873
0.002751
-0.125739
0.216645
-0.001414
-0.128358
0.334905
0.075030
-0.050517
-0.141998
0.015522
0.062804
0.557124
-0.015616
0.146728
-0.006603
-0.113710
0.067217
-0.049271
0.083026
0.710416
-0.345625
0.254492
-0.003290
0.008982
0.045733
-0.017000
0.003068
0.059270
0.085135
-0.019078
0.016240
-0.000716
-0.533111
-0.032259
0.163739
0.188841
-0.023492
0.000897
-0.069190
-0.174450
-0.064181
-0.002399
-0.087669
-0.018292
-0.312677
0.171729
-0.030539
0.037530
0.000420
-0.015153
-0.010195
-0.088933
-0.004743
-0.059655
0.070320
-0.134617
-0.011595
-0.111150
-0.000942
-0.004200
-0.233013
0.027610
-0.060442
-0.052031
0.096642
0.021752
-0.085068
0.220568
0.002831
0.269931
0.039772
0.319481
0.124324
0.042336
-0.067768
-0.000227
-0.038058
-0.038586
-0.020512
0.061187
-0.013762
-0.017862
-0.114868
-0.587410
0.555813
-0.036146
-0.168000
0.008008
0.057042
0.140875
0.012267
-0.138835
0.006102
0.168063
-0.003736
-0.252507
0.098351
-0.008442
0.007335
0.001352
-0.120171
-0.017369
0.163595
0.012770
0.141766
-0.181916
-0.002746
0.040102
0.009540
-0.002872
0.007736
0.183235
0.329543
0.004476
-0.066293
-0.003230
-0.229108
0.007979
0.008670
-0.114152
-0.259800
0.103902
-0.323726
-0.005679
-0.000233
-0.000270
0.094452
-0.255909
0.020260
-0.308422
0.019621
-0.025730
0.074475
0.118356
-0.000551
-0.028810
-0.028981
0.008722
-0.138439
0.000125
0.166577
0.269827
-0.049784
-0.032528
-0.019517
-0.609805
0.074381
-0.182242
-0.001534
0.136595
0.027909
-0.013826
-0.026271
0.174463
0.191121
-0.678083
0.270039
-0.228821
0.100307
-0.010894
-0.050056
0.036954
-0.091378
0.054619
0.068353
0.211582
0.067912
0.135303
0.008787
-0.014644
0.056664
-0.677178
0.008018
0.063986
0.003687
0.035811
-0.022542
-0.481789
-0.158526
-0.100534
0.225338
0.258235
-0.066325
0.065943
0.046057
0.066179
-0.092711
-0.153732
0.073773
0.097247
0.097443
-0.069489
0.196390
0.225387
0.401062
16.325916
0.017645
0.004941
0.062351
0.006300
0.009808
0.003702
-0.081893
-0.080274
0.090052
0.105664
-0.002996
-0.047290
0.015991
0.009291
-0.182265
-0.060317
0.061139
-2.076418
0.040464
0.007995
-0.000842
0.190868
0.077912
-0.896141
0.072032
0.207393
0.228516
-0.064999
-0.013747
0.007824
-0.010643
0.471447
-0.019821
-0.057792
-0.223278
-0.222773
-0.058625
-0.125228
0.157466
0.038817
0.158565
0.041648
-0.078822
0.015922
-0.029182
-0.327062
0.087413
-0.112137
-0.004327
-0.038903
0.044425
0.030686
0.103221
-0.102150
-0.512022
0.017963
-0.000862
-0.001077
0.012791
0.225490
-0.045091
-0.019904
-0.029617
0.017655
-0.103891
0.069563
0.113948
0.083884
0.056605
0.099673
-0.234886
0.095341
0.138742
0.071538
0.122895
0.081095
0.003525
0.320849
-0.356198
-0.002457
-0.074967
-0.070438
-0.110781
0.052551
0.020745
-1.385434
0.046481
-0.592695
-0.199442
0.176544
0.071627
0.003883
0.007208
-0.006464
-0.067637
0.046397
-0.568880
-0.012431
0.025968
0.004642
0.055140
0.059732
-0.008300
0.051134
-0.485328
0.120493
0.194371
0.227599
0.015067
0.098174
0.108902
-0.098089
0.183357
-0.064046
-0.144455
-0.000936
-0.004983
-0.552625
-0.009060
-0.000479
0.006592
-0.208791
-0.398067
0.068654
-0.146586
-0.000014
0.026545
0.027306
0.005987
0.050367
-0.068131
0.007298
0.055092
0.011210
0.307104
0.068316
-0.095703
0.017175
0.434394
-0.080826
0.083894
0.019558
0.128696
0.075303
0.135423
0.034888
0.259322
-0.223196
0.028922
-0.046586
-0.046090
0.030035
0.045033
0.008162
0.016500
-0.558466
-0.013080
-0.005695
-0.401467
-0.002782
0.011888
0.007412
-0.023418
0.209365
-0.000395
0.053095
-0.187011
0.038013
0.258850
0.000026
0.005573
-0.009304
-0.033969
0.187583
0.119093
0.053369
-0.024155
0.049592
0.034088
0.047361
0.230746
-0.031208
0.039179
0.009252
-0.018638
0.146227
-0.026724
0.012857
-0.139489
-0.525150
0.106342
-0.001996
0.045275
0.003188
0.448247
-0.006409
-0.013600
0.120280
0.101142
-0.390935
-0.085735
-0.179795
-0.090774
-0.050629
-0.013688
-0.283922
-0.073768
0.065893
-0.358681
-0.098964
0.045277
-0.305257
-0.571891
0.054975
-0.042877
0.154625
0.134615
0.110013
-0.134412
-0.269541
0.008415
-0.000150
0.043042
0.258836
-0.136875
0.196483
-0.513671
-0.005109
-0.120302
-0.130435
0.003486
-0.033250
-0.069572
0.072471
0.132566
-0.170129
-0.062672
-0.028292
0.079929
-0.194754
0.169480
0.036111
0.113219
0.114113
0.136549
0.002044
0.056078
0.004238
0.004324
0.009476
0.144290
-0.002246
-0.060593
-0.517945
-0.000633
0.053985
-0.152288
-0.030381
0.182584
0.016816
0.060961
0.003282
0.049135
-0.018841
-0.009088
0.019717
-0.053167
0.004184
0.015613
-0.006748
0.007936
-0.088792
0.041073
0.035810
0.172365
0.004338
-0.069017
0.036263
0.168175
0.028305
0.039214
-0.168904
0.017326
-0.045803
0.071157
-0.014963
-0.015379
0.001100
0.009396
-0.003118
-0.133959
0.061675
0.022748
-0.146257
-0.055005
0.145490
-0.021972
0.008092
0.152759
0.128650
-0.066781
-0.049583
0.027630
-0.185515
0.115590
-0.102295
0.068056
0.175861
-0.054369
0.033673
0.083728
0.012345
-0.036275
0.054797
0.059924
0.000177
0.018966
0.059567
0.077995
-0.008623
0.000744
0.075643
-0.294559
-0.031350
-0.017498
0.037896
0.024131
-0.009562
0.140047
0.027447
0.099195
0.016039
-0.077904
0.066581
0.138831
-0.009789
0.062557
0.173385
0.169606
-0.012136
-0.032442
-0.001793
0.068989
0.090090
0.030403
-0.032040
0.032318
-0.009631
-0.211712
0.010050
0.014189
-0.139027
0.033566
-0.020943
0.101838
0.011943
-0.036828
0.044679
-0.002707
-0.017163
-0.002168
0.201858
0.101822
-0.144441
0.175572
0.061039
-0.004526
-0.177307
0.108534
-0.074720
-0.013289
0.016823
0.129199
0.027059
0.014424
0.006445
-0.296987
-0.039619
-0.171454
0.130625
-0.199609
0.028560
-0.062330
-0.030583
-0.002593
-0.035203
-0.027416
0.017022
0.003936
0.047965
0.015517
-0.020089
-0.400588
-0.133189
0.071389
0.079563
0.074562
0.210001
-0.064957
0.267359
0.038437
-0.038539
-0.035737
-0.207673
-0.163794
0.016861
0.031929
-0.094773
0.033756
-0.087425
0.006758
0.121102
-0.002806
-0.035327
-0.247842
0.007222
-0.000508
-0.245443
0.002416
0.092083
0.225338
0.026407
-0.038566
0.152290
0.215580
0.159423
0.017867
-0.003779
0.030202
0.000979
-0.160136
0.001008
0.213084
-0.030082
-0.005201
0.077038
0.007973
0.007461
-0.028816
0.114326
-0.257569
0.026169
0.178070
0.316087
-0.004810
-0.055693
-0.153346
0.113442
-0.026649
-0.076618
-0.039590
0.023145
-0.007010
-0.087740
0.521642
0.027735
-0.281259
-4.142316
-0.033875
0.013633
-0.002612
-0.050804
0.001013
-0.075199
0.079766
-0.011525
-0.220752
0.393479
-0.085570
-1.740652
-0.022363
-0.048936
-0.238797
-0.132163
0.046735
-0.022936
-0.645435
-0.004710
-0.191651
0.010189
-0.280899
-0.291946
0.147705
-0.212095
-0.227312
-0.289261
-0.089142
0.092808
0.021831
0.119055
0.024642
-0.083609
-0.213152
-0.010270
-0.146244
-0.096714
0.004470
-0.013037
0.036462
-0.055128
0.206537
0.056903
3.161509
-0.189936
-0.104157
-0.205686
-0.031824
-0.086367
-0.004391
0.206821
0.026474
-0.005242
0.034112
0.000279
0.012127
0.039073
-0.030908
-0.025741
-0.019974
0.024503
-0.081506
-0.086857
0.073409
0.016727
0.239876
0.202051
0.018126
-0.475720
-0.003972
-0.187307
-0.057399
0.228433
0.096553
0.058213
0.008820
-0.082744
-0.358995
-0.006877
-0.032063
-0.004345
-0.128282
-0.089139
0.023220
-0.076371
0.069590
-0.034721
0.007408
0.050596
0.093979
-0.048163
-0.162335
-0.000221
-0.079711
-0.007974
0.026214
0.001364
0.028643
-0.129577
-0.061039
-0.023968
0.033287
-0.020814
-0.047447
0.056919
-0.116109
-0.080735
-0.001587
0.080331
0.241716
-0.034790
0.010244
-0.150411
-0.029333
-0.004284
-0.081667
-0.040113
-0.149977
-0.185757
0.212982
-0.082777
-0.131665
0.012529
-0.056916
0.038642
-0.076032
-0.018189
0.008451
0.066477
-0.017757
0.041484
-0.003105
-0.137629
-0.016453
0.106048
-0.108834
-0.187868
0.652526
0.051777
-0.052000
-0.041511
0.607656
-0.015391
-0.049530
-0.049184
-0.083344
-0.047054
-0.040476
-0.240275
-0.047250
0.044549
-0.034438
-0.034525
0.008542
0.690491
-0.003116
-0.020225
-0.108248
-0.043114
0.039169
-0.004124
-0.050990
-0.000293
-0.026281
-0.016092
-0.097831
-0.060667
-0.171720
0.068161
0.222134
0.142347
-0.028877
-0.078564
-0.252285
0.845263
-0.050175
-0.028268
-0.053853
-0.107124
0.115094
0.095708
0.055940
-0.065427
0.107266
-0.029791
-0.009767
-0.069119
-0.088925
-0.059571
-0.031808
-0.841750
-0.294129
-0.066672
0.075034
0.221499
0.045223
-0.166589
0.000897
0.079146
-0.052674
-0.082915
-0.023895
0.094955
-0.100618
-0.074484
0.032294
1.173209
-0.077153
0.008632
-0.120635
0.003918
-0.158136
-0.017000
-0.311121
-0.123743
-0.137656
-0.044868
-0.002013
0.388752
-0.009580
0.017403
-0.031913
-0.018028
0.085848
-0.208162
-0.056645
-0.044926
-0.231781
0.147686
0.225178
0.090644
0.019262
0.002874
0.347981
-0.031870
0.039930
-0.021529
0.200998
0.053116
-0.084173
-0.202623
0.265468
-0.022524
0.032038
0.007255
0.022547
-0.073100
-0.071161
0.000327
0.284556
-0.048383
0.008092
0.000791
-0.059488
-0.002732
0.026532
-0.215201
-0.051926
-0.096692
0.005088
-0.052893
-0.041513
-0.006849
-0.032843
-0.201452
0.156445
-0.032408
-0.018792
1.069727
-0.058438
-0.048418
-0.084461
0.395372
0.411914
-0.003404
-0.023999
0.000141
0.222180
0.017860
0.028270
-0.001168
-0.467751
-0.032713
0.012792
-0.031952
0.027572
-0.024253
-0.041862
-0.022510
0.065132
-0.007546
0.022911
-0.005944
-0.019374
0.010811
0.075694
-0.024288
-0.141957
0.033280
-0.010920
-0.035541
0.009866
-0.591923
0.161160
0.056806
0.154019
-0.172984
0.146316
-0.096533
0.669807
-0.147245
-0.092503
-0.003983
-0.124834
-0.021720
-0.100466
-0.027733
-0.017526
-0.001142
-0.278628
-0.082471
0.109874
-0.010572
-0.190955
0.001603
-0.002691
-0.092933
-0.015213
0.007105
-0.143482
-0.002245
-0.038069
-0.008344
-0.030190
-0.062818
0.087775
-0.047822
-0.023601
-0.015563
0.162164
-0.122296
0.081418
-0.102671
-0.036547
-0.035413
0.296913
-0.084676
-0.042566
0.033904
0.095941
-0.000173
-0.035028
-0.038292
-0.016115
-0.137028
0.283911
0.007124
-0.040232
-0.000335
-0.029433
0.282160
0.174726
-0.007476
-0.051332
0.102610
-0.025893
-0.022682
-0.033544
0.794308
-0.008716
-0.059680
-0.153495
0.596787
-0.017782
-0.064896
-0.070561
-0.007426
0.227329
0.004129
-0.008863
-0.096273
-0.001183
0.010451
-0.057483
-0.009621
0.320025
-0.028255
-0.018034
-0.170516
-0.021115
-0.130560
-0.074776
-0.072455
-0.008751
-0.041883
-0.043546
-0.064743
-0.038311
0.000568
-0.024623
0.037316
0.001571
-0.141376
0.221974
0.030263
-0.008515
-0.012421
0.042552
-0.058404
0.027660
-0.066475
-0.091391
-0.064063
0.023721
0.146901
-0.116766
-0.019045
-0.058087
-0.048447
-0.109173
0.086993
0.000767
-0.076368
-0.012469
-0.000683
-0.136503
-0.119340
0.128109
-0.144084
0.007328
0.061063
0.084076
-0.023082
-0.086652
0.013337
-0.035693
-0.095722
0.212737
0.004618
0.479372
-0.005301
-0.059475
0.016502
-0.000005
-0.086692
-0.028974
0.007766
-0.126609
0.004370
0.863375
-0.025258
-0.002003
-0.015407
-0.001456
-0.026404
0.048701
0.111156
-0.078555
-0.012877
-0.014613
-0.075453
0.207654
0.058664
0.140746
0.061442
-0.111013
-0.044844
0.140484
-0.026253
0.045643
-0.048965
0.015784
-0.025125
-0.023924
-0.070481
-0.046175
-0.044440
-0.002788
-0.115731
-0.016470
-0.033346
-0.060084
0.188867
-0.063793
-0.279974
0.155335
0.037062
-0.003514
-0.029183
-0.005726
-0.444418
0.011051
0.021913
0.385950
-0.083163
-0.026466
0.081316
-0.118911
0.000852
0.003866
-0.228471
0.006090
0.000380
-0.040919
0.017875
-0.400047
-0.097986
0.066310
-0.004873
-0.153965
-0.079854
-0.006818
0.071754
-0.001846
-0.003360
-0.040976
0.080347
0.128340
-0.084469
-0.071426
-0.033424
-0.016949
-0.007471
0.048214
-0.006956
0.024870
0.059324
0.429242
0.090936
-0.053492
-0.000636
0.178345
-0.179851
0.112242
0.001006
0.020988
-0.003753
0.015239
-0.054429
0.090214
0.140206
0.388546
-0.030587
0.049660
0.010309
-0.247688
-0.093116
0.057495
0.032421
0.003645
-0.001975
-0.035943
0.020803
0.157943
0.037351
0.153622
-0.152511
-0.271167
0.003876
-0.091826
0.030965
0.013874
0.045488
-0.114487
0.055871
0.002555
0.000140
0.102583
-0.086630
0.442276
0.003755
0.022298
0.024719
-0.227228
0.001485
0.084488
-0.071416
-0.148387
-0.031821
0.039890
0.013457
0.173169
0.292243
0.024659
-0.056127
0.050437
0.104096
0.017434
0.000749
-0.006578
0.071066
0.017240
0.181862
0.019342
0.005488
0.236325
-0.063074
0.076197
-0.021053
-0.184934
0.003095
0.076070
0.039542
-0.007505
0.544785
0.357182
0.013657
0.055262
0.075723
-0.036141
0.106210
-0.001821
0.040802
-0.047946
-0.036702
0.049400
2.841319
-0.006576
0.028777
0.161949
0.020975
0.059690
0.267457
0.016422
-0.129384
0.008194
0.056791
-0.105643
0.017156
-0.119818
-0.026161
0.005949
0.105240
-0.043734
0.034678
0.000826
0.012166
-0.200709
0.363783
-0.227234
-0.018759
-0.013311
0.177309
0.024117
0.001177
0.089011
-0.282900
-0.007879
0.034775
0.213710
0.035698
-0.001798
0.000625
0.047577
-0.002214
0.058962
0.029485
-0.035681
0.101097
0.022311
-0.219764
0.016027
0.001931
-0.024676
0.006177
0.013571
0.063470
0.154037
0.201126
0.371946
-0.000835
0.078912
-0.010453
-0.125717
-0.071824
0.123802
-0.156253
0.647085
0.203184
0.382505
0.038312
0.099356
-0.121572
-0.259287
0.130951
-0.012325
-0.276870
-0.108550
0.015100
0.055032
-0.093308
0.036524
0.001953
0.361413
-0.104956
0.018649
-0.009975
0.003844
0.026986
0.053290
0.038875
0.100397
0.042886
0.060566
0.046055
-0.044727
-0.069762
0.064676
0.043472
0.120388
0.033387
-0.019552
0.000340
-0.053613
0.003555
0.080694
0.094396
0.045783
0.027631
-0.032826
0.085009
0.005112
-0.402593
-0.134499
0.030111
0.101164
0.063074
-0.219563
0.064022
0.077402
-0.348002
0.029441
0.095870
0.046118
-0.119676
0.168672
-0.274238
-0.194878
0.477919
-0.054101
0.401980
0.111955
-0.052531
-0.005192
0.104995
0.000724
2.906147
0.115742
0.099369
0.007582
0.003406
0.206394
0.022395
0.018562
0.058262
0.101695
0.001853
-0.004090
0.082748
0.063421
-0.200574
0.035665
-0.083706
-0.053120
0.131519
0.145268
0.113898
-0.005542
0.059223
0.056783
0.007825
0.015238
0.029385
0.178254
-0.000985
0.115650
0.242493
0.216819
0.073057
-0.022587
0.181903
0.262654
0.116170
0.027241
0.028109
-0.055742
-0.004786
0.042649
0.014767
0.047516
-0.010541
0.306505
0.010297
-0.023368
-0.020374
0.168380
0.028933
0.037986
-0.076634
-0.079571
0.160572
-0.348378
0.049091
0.019634
0.010666
-0.042842
0.003539
0.035583
0.165498
0.035173
0.019312
-0.007883
0.009262
-0.000002
-0.024711
0.051386
-0.318128
0.028547
-0.116965
0.033821
0.155677
0.005244
0.009724
0.178288
-0.168257
0.655470
0.101413
0.082964
0.072911
0.115404
-0.038716
-0.015302
0.002116
-0.023022
0.045411
0.116959
-0.005917
0.017779
0.088915
-0.000727
0.060942
0.063512
0.020220
0.049585
0.137295
0.052321
-0.170422
0.012012
0.002584
-0.029744
-0.014165
-0.099603
0.003617
-0.082695
0.140104
0.014019
0.015235
-0.023717
-0.074313
0.018020
0.030445
0.018278
0.044656
-0.001843
0.116269
0.186186
0.056414
0.008896
0.000924
0.108006
-0.567899
-0.079660
-0.010659
-0.378331
-0.023612
0.016814
-0.020799
0.136198
0.045177
-0.173833
0.028270
0.049838
0.226697
0.114471
0.102868
0.001222
-0.025021
0.040530
0.219418
0.016957
-0.125824
0.041062
0.110457
-0.179390
-0.111930
-0.000894
0.093133
0.114873
-0.191614
-0.163184
-0.063951
0.027430
0.005464
0.000040
0.008284
-0.043839
0.018926
-0.041666
0.143593
0.024685
0.027239
-0.018012
0.061943
-0.000792
-0.032292
-0.591249
-0.112682
-0.227938
0.014907
0.282932
-0.036467
0.002789
0.130597
-0.030593
0.080213
0.099904
0.009609
0.029267
-0.039795
0.260492
-0.072622
0.031132
0.014324
-0.062021
-0.156177
-0.212217
0.004624
0.058328
-0.185523
0.085958
0.087392
0.069065
-0.006822
0.093897
-0.042795
0.003010
0.032174
0.009184
-0.060888
-0.041460
0.005761
0.055717
0.052661
0.019076
-0.121461
0.006200
0.033127
0.002802
0.008946
0.039076
0.004229
0.000059
0.121954
-0.069376
0.008623
-0.398274
0.011177
0.201683
-0.015564
-0.069718
-0.028036
-0.195453
-0.016086
0.000922
0.009321
0.097845
0.001283
-0.061617
-0.143521
0.007441
-0.019719
0.018377
-0.070870
0.023273
-0.080307
-0.135776
-0.015452
0.013826
-0.011597
0.005756
0.038909
0.031853
-0.039305
0.000476
-0.000605
0.091611
0.040540
0.052998
-0.197121
0.076285
-0.075643
-0.103431
0.030291
0.038523
-0.104433
0.003376
0.047198
0.145510
-0.200950
-0.033095
0.187326
0.025640
-1.110983
0.004023
0.001688
0.159271
0.069766
0.018742
-0.013605
-0.117395
0.027092
-0.214038
-0.244772
0.031082
-0.260498
0.028720
0.019766
-0.000676
0.048351
0.047941
0.005143
-0.001732
0.018241
-0.010700
0.045770
0.059242
-0.067389
-0.195349
0.005831
-0.025777
0.092913
-0.064212
-0.051178
-0.011528
0.022262
0.009630
0.061295
-0.019820
0.024607
0.064586
0.004942
0.035467
-0.159581
0.017142
-0.106885
0.069471
0.009505
0.009028
-0.002530
-0.024951
-0.034179
0.038572
0.080939
0.023999
-0.022269
0.129704
0.051436
0.002620
0.041257
-0.065656
0.275868
-0.007404
0.035043
0.025840
-0.022665
0.181857
0.097768
0.104705
0.052665
0.019750
0.019849
0.005658
0.029539
0.040881
-0.068582
0.001300
-0.219294
-0.026569
-0.122072
-0.012523
-0.001590
-0.002849
0.004186
-0.024144
0.111504
0.179891
-0.014000
0.016306
-0.127729
0.047482
0.042576
-0.004277
-0.057794
0.002937
0.249888
0.137893
-0.444310
0.116454
-0.003132
-0.041682
-0.027328
-0.000539
-1.308046
-0.010137
-0.060330
-0.000117
0.029047
0.035011
-0.492568
-0.020563
-0.022150
-0.074891
0.013916
-0.003606
-0.165102
0.043593
0.019715
-0.053362
-0.014393
-0.130144
-0.002560
0.020958
-0.094846
0.022900
0.055749
-0.770529
0.004874
0.041928
0.016160
0.058298
-0.087725
0.003632
0.031024
-0.109440
0.069601
0.009708
-0.017286
-0.037099
-0.070930
0.162064
-0.003286
-0.008833
0.026383
0.017801
-0.159590
-0.124456
-0.024116
0.005855
-0.048011
0.042940
-0.011402
-0.076957
0.001332
0.000043
-0.003059
-0.096420
0.023304
0.050226
-0.145427
0.044657
0.010896
0.079796
-0.075736
0.010089
-0.015359
0.019749
0.059058
0.016058
0.002183
0.028943
0.029022
-0.034298
-0.031399
-0.028672
0.019768
-0.108814
-0.049407
0.034101
-0.907213
0.002915
-0.007690
0.009482
-0.042955
0.008269
0.006906
-0.157727
-0.001310
0.051880
-0.001406
-0.015529
0.033279
-0.043102
0.067242
-0.009643
-0.007815
-0.102369
-0.079573
0.064997
-0.004279
-0.004936
0.005411
-0.084405
-0.159184
0.049198
0.175447
0.231295
0.749593
-0.079777
-0.013428
0.013923
0.352471
-0.041414
0.009771
0.031789
-0.015492
-0.615674
0.066281
0.030821
-0.217659
-0.001102
-0.145777
0.025648
0.059555
-0.009901
-0.002779
0.007916
-0.014496
-0.043821
-0.034179
0.002042
0.021430
-0.043079
-0.244887
-0.123736
0.015024
0.036900
0.000884
0.013713
0.045952
0.035087
-0.152754
-0.197026
0.024675
0.044469
0.069332
-0.002537
-0.008242
-0.008251
-0.004802
0.026558
0.209386
0.096976
-0.081473
0.000411
0.028922
-0.013118
0.012869
-0.163043
-0.044475
0.266787
-0.028734
0.089804
-0.153262
0.021634
-0.002916
-0.001294
0.095594
0.026362
0.011466
0.061975
0.000686
-0.338908
-0.059269
0.017205
-0.104217
0.036744
-0.052500
0.032124
0.083977
-0.023573
0.014925
-0.202486
0.237481
0.027546
-0.026133
0.015399
0.022412
0.029811
0.102910
-0.754283
0.010227
0.118767
-0.076502
-0.170525
0.018231
-0.010139
-0.017887
0.339570
0.017526
0.083015
-0.029583
-0.024564
-0.023393
0.022905
-0.101239
0.039471
-0.070418
-0.064315
-0.091082
-0.133968
0.055243
0.028645
0.011682
0.019590
0.056861
-0.024110
-0.029407
-0.293070
-0.035360
-0.022424
0.006844
-0.046488
-0.051447
0.167248
0.000446
-0.001668
-0.084881
0.149409
0.031445
-0.251795
0.020965
-0.092454
-0.004112
-0.227738
0.009013
0.000062
0.020282
0.084174
-0.029629
-0.109373
-0.000148
-0.122444
0.024757
-0.124887
-0.176545
-0.250942
-0.014091
-0.012018
-0.024634
0.063054
-0.000878
0.005690
0.010528
0.043052
0.042757
-0.042153
0.041813
-0.022669
0.097737
-0.008578
-0.107888
0.117238
0.005694
0.019669
0.045730
0.013859
-0.164671
-0.165137
0.008570
-0.050402
0.029938
-0.002378
-0.041488
-0.082472
-0.169585
0.061604
-0.113069
0.038888
0.001916
-0.045726
0.001915
0.039816
0.022122
-0.045262
0.015816
-0.010400
-0.144540
0.059094
-0.138563
-0.025815
0.035559
-0.081925
-0.027015
-0.033340
0.020434
0.126364
0.051775
0.094544
0.015742
0.007817
-0.359553
0.009834
-0.238563
0.020762
0.025763
-0.238842
-0.150941
0.000289
-0.000311
-0.057571
0.003002
0.005781
0.056816
-0.027038
-0.007794
0.162088
-0.047497
0.015371
-0.065108
0.039850
-0.034665
-0.057860
0.004255
-0.048910
0.037054
-0.039296
-0.286678
0.068937
0.039375
0.106792
0.008179
-0.019810
-0.083535
0.080461
-0.034793
0.016198
-0.020980
0.022589
0.007009
0.029752
0.073659
-0.008658
0.102975
-0.116393
-0.001355
-0.044982
-0.007240
-0.001118
-0.012455
-0.287304
-0.048074
-0.036434
-0.129896
-0.000795
-0.010470
-0.000942
0.031213
-0.022070
0.029773
0.026191
0.049421
-0.093238
0.040345
0.107801
-0.015172
-0.009500
0.072490
-0.021303
0.006311
-0.028998
-0.019058
-0.027513
0.067127
0.027571
-0.004238
-0.036027
-0.042279
-0.002686
0.130868
-0.014888
-0.007682
-0.035516
-0.151010
0.005051
-0.033300
-0.060237
-0.272422
-0.017995
-0.074586
0.065125
-0.182763
-0.047827
0.008898
0.010517
-0.018937
-0.045223
0.202222
-0.292517
0.015979
-0.127676
-0.097021
0.063417
0.065289
-0.040990
0.027582
-0.233196
-0.001229
-0.163498
0.009945
0.333521
0.005171
0.016622
-0.017072
-0.046648
0.007426
-0.028515
0.068818
-0.023912
-0.042926
0.020383
0.018181
-0.077658
-0.072123
-0.053035
0.276432
0.043529
-0.089300
-0.052786
0.011717
0.090893
-0.002111
-0.057043
-0.001081
0.011804
0.005230
-0.056264
0.018767
0.017933
0.062285
-0.089049
-0.036955
-0.109156
0.012776
0.079918
0.001348
-0.034848
0.009141
-0.005080
-0.000280
-0.054597
0.139896
-0.255948
-0.003525
0.001183
0.004245
0.007504
0.137160
-0.730113
-0.018306
0.008110
-0.096081
0.108211
-0.026624
-0.108145
-0.008215
-0.016507
0.092184
-0.110160
0.006671
0.035525
0.133224
-0.064521
-0.088210
-0.029381
0.050540
-0.034768
0.050791
-0.148628
-0.040119
-0.006921
-0.051431
0.006007
-0.001318
-0.004669
-0.084865
0.057313
0.074726
-0.307729
-23.550520
-0.095944
0.022498
0.081369
0.058054
0.036889
0.098283
-0.211266
0.202528
0.010788
0.083349
0.137975
0.180788
-0.016712
-0.032504
-0.005924
-0.011487
-0.072421
0.016781
0.008091
0.213114
0.018132
0.000897
-0.086511
0.293722
0.090509
0.066414
-0.001956
-0.024403
0.030231
-0.002278
-0.063898
0.108023
-0.313855
0.025083
0.054486
-0.059749
-0.061808
0.150540
0.232579
0.011264
0.011939
0.004017
-0.029989
0.004276
-0.045710
0.010040
-0.158150
0.017647
0.051580
-0.030879
0.119245
-0.007179
-0.071453
-0.045005
0.003366
0.010492
0.054439
-0.067652
0.033062
-0.026324
-0.148848
0.106436
0.166993
-0.034494
-0.058848
0.002145
-0.088653
0.080230
0.004761
-0.040017
-0.003050
0.000291
-0.023135
-0.001397
-0.043280
-0.080046
0.067954
-0.004573
0.143473
0.022399
-0.042888
0.017436
-0.077934
0.000647
-0.071641
-0.004536
-0.206932
0.061693
-0.060853
-0.146434
-0.095725
-0.010110
0.039335
-0.059180
0.003712
-0.058626
0.218524
0.046224
0.019241
-0.108041
-0.069248
-0.183957
-0.073001
-0.002368
-0.090634
0.000527
0.177753
-0.008634
0.002862
0.061742
-0.015704
0.003738
-0.032175
0.049718
-0.076688
-0.066771
-0.116544
0.039144
0.074449
0.020482
0.179664
-0.016644
0.259830
0.167787
-0.017241
-0.017826
-0.030508
0.202814
0.070859
0.018797
-0.046702
0.102170
-0.018940
-0.138101
-0.045435
-0.012393
-0.342919
0.197106
0.215541
-0.137117
0.039287
-0.000790
0.044666
-0.326693
0.300001
0.047790
-0.029707
0.054111
-0.099848
0.017836
-0.007848
-0.181173
-0.004373
0.135420
-0.182953
-0.068057
-0.161667
0.137062
0.016337
0.128426
-0.025479
-0.023864
-0.047064
-0.025103
0.030130
0.026017
0.001567
-0.006390
0.010651
-0.070256
-0.000567
-0.123872
-0.211847
-0.026181
0.354628
0.133934
0.101658
-0.031495
-0.050075
0.005026
-0.017398
-0.031295
-0.057420
-0.102182
0.000387
-0.000004
-0.021958
-0.024556
-0.170506
0.049652
0.212524
0.004541
0.009906
-0.018307
-0.034069
0.029237
0.113350
-0.030194
-0.555508
-0.032469
0.024946
-0.078663
0.149138
0.141220
-0.216940
0.080906
-0.132581
-0.106151
-0.017231
0.012443
-0.034356
-0.000222
-0.182127
-0.125659
-0.133323
-0.021792
0.238133
-0.038660
0.001394
-0.147751
-0.064377
0.108653
0.075829
0.074164
-0.013300
-0.058658
-0.060125
0.004549
-0.031122
0.028278
-0.002052
0.076331
-0.070124
-0.045655
-0.102476
-0.046771
-0.005732
-0.002917
0.006167
-0.002385
0.000391
-0.124236
-0.077272
0.028944
0.000851
-0.043800
-0.064512
-0.084885
-0.005311
-0.004356
-0.050609
-0.016425
-0.817625
-0.054504
-0.003456
0.021086
0.276910
0.035539
-0.085542
-0.431185
-0.039653
-0.030270
0.005841
-0.061754
-0.003334
0.055115
0.000574
0.016163
-0.046004
-0.154031
-0.175907
-0.084783
-0.149952
-0.016475
0.122650
-0.031468
-0.072542
-0.053368
-0.087779
-0.033664
-0.003674
0.007779
0.005012
-0.096013
0.032052
-0.003126
-0.080240
-0.028480
-0.056073
-0.064754
0.114888
-0.137991
-0.008172
-0.043420
-0.157081
0.068709
0.029663
0.005808
-0.025431
0.065323
-0.759847
-0.051120
0.058561
-0.160133
-0.127755
0.037276
-0.011049
0.064769
-0.091900
-0.011041
-0.058795
-0.041069
-0.026907
0.010486
0.002348
-0.018133
0.003175
0.015773
-0.059480
-0.015838
-0.012320
-0.040632
0.037032
-0.000616
0.241747
-0.059131
0.116625
-0.005646
0.025401
-0.047709
-0.013235
0.060373
0.000095
0.027596
-0.048891
-0.021570
-0.101946
0.124361
-0.019870
0.012865
0.022613
0.008102
-0.061014
-0.034215
-0.007864
-0.004026
-0.040066
-0.083136
0.011611
-0.087593
0.128076
-0.030226
-0.004685
-0.081276
-0.024217
-0.071342
-0.016450
-0.020364
-0.000302
0.038435
-0.032209
-0.044201
0.132970
-0.007112
0.002580
-0.000276
-0.061661
-0.124066
-0.637290
0.148793
-0.369401
-0.044277
-0.136288
0.059671
0.070205
-0.027725
-0.083387
0.087478
0.031391
-0.045985
0.016042
-0.218619
-0.000625
0.031503
-0.003818
-0.016531
0.016484
-0.057005
0.151181
0.105323
-0.074930
-0.023866
0.055481
-0.022234
0.015789
-0.013067
0.054009
-0.028722
-0.003168
0.004542
-0.016326
-0.057728
-0.636537
-0.004723
0.041916
0.016575
0.124730
-0.004306
0.029675
-0.078243
0.008531
0.010553
-0.020031
0.035076
0.011685
0.008379
-0.024019
-0.000152
-0.040612
-0.072806
-0.002248
-0.037667
0.050142
0.027378
0.013078
-0.042932
-0.049864
-0.087633
-0.035458
-0.020587
0.009142
-0.001397
-0.020089
0.007444
0.006150
0.010838
0.034416
0.004512
0.088231
-0.026794
0.013931
0.042742
0.020947
0.085856
0.003602
-0.010975
-0.018400
-0.011309
-0.121722
0.026230
-0.078767
-0.075939
0.006073
0.010644
-0.001654
-0.001555
-0.022535
0.047348
-0.164620
-0.086177
-0.157768
0.056412
0.221646
-0.059849
-0.060930
0.204208
-0.084685
0.009407
-0.004111
-0.054910
0.046464
0.088951
-0.079273
-0.004785
0.026541
0.015678
0.114718
-0.072263
0.046236
-0.084828
-0.014803
0.052829
-0.052405
0.076587
0.099224
-0.040203
0.059266
0.009928
-0.064863
0.077332
0.038751
-0.001940
0.000349
0.000480
0.026848
-0.033681
-0.017816
-0.055254
-0.064080
-0.032585
-0.002446
0.102424
-0.012869
0.017696
-0.019545
-0.001585
-0.203924
-0.083309
0.056454
0.085309
-0.039298
-0.128115
0.035302
-0.036148
-0.095525
-0.028994
-0.124450
-0.000952
-0.060294
-0.030162
0.067293
0.044672
-0.085686
-0.009045
-0.019575
-0.150541
-0.022499
-0.099136
-0.182527
0.049203
-0.000231
-0.017292
0.038422
-0.166749
0.036181
-0.046089
0.003863
0.120944
-0.035155
0.010557
0.073233
0.003847
-0.031500
0.005701
0.028784
-0.000111
-0.024363
0.000484
0.165802
-0.006926
0.037513
0.026122
-0.051118
-0.004030
-0.068680
0.014779
-0.000308
-0.165769
-0.031859
-0.111337
-0.080257
-0.024225
0.116808
0.036894
0.148762
-0.006733
-0.007019
0.183698
0.073697
0.015414
-0.054202
-0.012742
-0.054692
0.005903
0.005894
-0.012416
-0.048467
-0.026552
-0.007975
-0.014058
-0.009258
0.090754
-0.022052
-0.073715
-0.036457
-0.050497
-0.017539
0.036980
-0.081457
-0.006570
-0.085525
-0.098641
0.010011
0.018598
-0.010659
-0.615844
0.051860
0.035038
-0.008169
-0.017384
0.228039
0.138737
0.026467
-0.044296
-0.004131
-0.253658
0.078920
-0.030119
-0.048388
-0.083769
-0.043390
0.062924
-0.048799
0.005093
-0.018383
0.147882
0.084797
0.100149
0.000534
-0.027678
-0.019422
-0.172684
0.015383
-0.001407
-0.035954
-0.015539
-0.013567
-0.007885
-0.048814
-0.017974
0.083197
-0.007267
0.000422
-0.082613
0.016566
0.000643
0.023912
-0.017677
-0.310624
-0.047534
-0.009753
0.037965
0.038185
-0.151792
-0.026174
-0.004046
-0.022538
-0.021952
-0.072232
-0.052184
0.057353
0.034447
0.046656
-0.057066
-0.008354
-0.115238
-0.022986
-0.016460
0.138241
0.001071
0.037997
0.011788
0.045128
0.008600
-0.094357
0.023662
-0.003414
0.016810
0.087513
-0.027644
0.053689
-0.072747
-0.061685
-0.068255
-0.019820
-0.104283
-0.031537
0.033417
-0.044222
-0.039716
-0.031136
-0.013972
-0.032367
0.079039
0.179521
-0.307205
-0.077844
0.102397
0.031474
0.055550
-0.067974
0.009692
0.000027
-0.001620
0.085422
-0.069530
0.032358
-0.031253
0.049521
-0.061192
0.039167
0.011061
0.042991
0.005598
-0.015342
0.012921
-0.008316
0.026953
0.033205
-0.023356
0.019505
0.053915
0.010760
-0.000067
0.005865
-0.103588
0.112788
0.031643
0.107085
0.162346
-0.029056
0.002224
-0.053848
-0.011899
-0.030747
-0.004829
0.010230
0.055554
-0.004476
-0.021152
0.402111
0.028801
-0.033331
-0.038594
-0.010909
-0.127605
-0.049592
-0.073421
-0.034423
-0.040936
0.111436
-0.099107
-0.004154
-0.019571
0.108212
0.057715
-0.207373
-0.020094
-0.403171
-0.062331
0.172240
0.000029
-0.027965
0.029033
-0.019382
0.011470
-0.019762
-0.005836
-0.071357
-0.032629
-0.121905
0.043199
-0.069111
0.044246
-0.011604
0.007001
0.356914
-0.024435
0.006770
-0.014253
-0.025313
0.124605
0.193117
-0.060495
0.097074
0.035944
-0.055735
0.061950
0.077297
-0.003367
-0.001328
-0.001380
-0.001387
-0.006811
0.018272
-0.003365
0.000484
-0.030889
-0.019865
-0.054147
0.001120
0.016244
-0.054449
-0.094440
-0.074948
0.007980
-0.016550
0.046401
-0.040758
-0.016026
0.005972
-0.011572
0.001737
-0.114682
-0.025887
0.018961
-0.017631
-0.017362
-0.156022
-0.070983
0.032310
0.069391
-0.066085
0.016211
0.128156
-0.049581
0.037435
0.065907
0.119041
-0.025659
-0.012068
0.001200
0.005119
-0.099239
-0.021935
0.019056
0.046072
0.001974
0.015628
0.259034
0.015485
-0.004144
-0.000649
-0.013731
0.028003
-0.048600
-0.042311
0.034155
-0.006827
-0.010221
0.064716
-0.023168
0.000750
0.028266
0.024390
0.005387
0.045520
-0.032159
-0.001259
0.000296
-0.017704
0.025094
0.096784
-0.018954
-0.058443
-0.061746
-0.036068
0.139889
-0.033166
-0.000013
-0.042973
-0.038208
0.023315
-0.011992
-0.067287
-0.056434
0.031341
-0.031276
0.052286
-0.045721
-0.011479
-0.049566
0.020429
-0.016329
0.008938
0.108778
0.013719
-0.061122
-0.265465
0.006165
-0.035384
-0.001136
-0.045531
-0.028674
0.023681
0.007546
-0.051667
0.076015
0.007175
-0.028179
0.024693
0.017978
-0.004642
-0.049177
-0.044545
0.080330
0.016818
0.009126
-0.038802
0.043900
-0.020895
0.199237
0.018464
-0.036233
-0.047118
12.346592
-0.014666
0.069101
-0.018636
-0.004116
-0.046096
-0.011507
-0.061990
0.058276
-0.017991
0.057686
-0.010490
-0.047129
0.085146
-0.042302
-0.004558
0.004772
-0.005157
0.003989
-0.013273
0.031316
0.027988
0.226823
0.006976
0.077189
0.004921
-0.044106
0.008172
-0.018161
-0.032099
-0.101209
-0.004727
0.025499
-0.009566
-0.041392
-0.012114
-0.019160
0.000304
0.064387
0.056585
0.022082
0.050362
-0.003065
-0.009622
0.045657
0.007796
-0.034236
-0.128910
-0.006652
0.001681
-0.023960
0.011118
-0.011146
-0.036214
-0.049568
0.056829
0.046973
-0.035375
-0.001388
0.141440
-0.001011
0.062601
-0.038102
0.006582
0.023600
-0.007148
-0.054018
-0.010629
-0.024508
0.036152
0.035241
0.046985
0.007506
-0.002106
0.049568
-0.011933
0.088649
0.037520
-0.052974
-0.025731
-0.076100
0.068739
0.052375
-0.004776
-0.011464
-0.002103
-0.082409
-0.022865
-0.020493
0.096507
0.015639
0.003751
0.002480
-0.002838
-0.004299
0.023096
0.050359
-0.038312
0.233546
0.049905
-0.057929
-0.265283
-0.014287
-0.020165
-0.097641
-0.088219
0.000206
0.108635
-0.036548
-0.024170
-0.069094
-0.043482
-0.020035
-0.001893
-0.085794
-0.000303
-0.034722
0.055589
-0.047028
-0.063502
-0.105957
-0.009059
0.014181
0.045290
-0.006570
0.038908
-0.035273
0.042708
-0.001269
-0.005980
-0.012495
0.064550
0.028581
0.042823
-0.010152
0.049076
0.011040
-0.044417
-0.053331
-0.011864
-0.069480
-0.050840
-0.000135
0.013588
-0.063914
0.002917
-0.020788
-0.007857
-0.014892
-0.027275
0.026533
-0.050342
-0.036309
0.033386
-0.016865
-0.000072
0.019949
0.001119
-0.008991
-0.043657
0.000433
0.025669
0.010457
0.054182
-0.024832
0.047430
0.008883
0.009398
0.041640
-0.003822
0.012680
-0.021103
0.171123
0.025247
0.052021
0.001398
-0.023380
0.101920
-0.006125
0.004375
-0.003462
-0.087105
0.041368
-0.061258
-0.014005
-0.013904
0.040377
0.012672
-0.023998
0.045967
0.085324
0.075794
0.181941
-0.030263
0.005058
0.012014
0.063401
0.021904
0.064676
-0.039513
0.013449
0.022387
-0.125222
0.004023
-0.055219
-0.021222
-0.041092
-0.028020
0.026918
0.002833
-0.006940
-0.019272
0.038659
-0.045472
0.040526
-0.000218
0.066867
0.081500
-0.025353
-0.007558
-0.014527
-0.004376
0.029700
0.024493
-0.028489
-0.004042
-0.040557
0.121477
0.005765
0.003840
0.099391
0.011709
0.051960
0.012074
-0.005416
0.015756
-0.114789
0.013027
-0.000954
0.041468
-0.019087
-0.087645
0.000480
0.116511
0.014782
0.002969
0.037251
0.024641
0.012043
0.008032
0.012444
0.003659
0.001300
0.015227
0.032234
-0.023637
0.063380
0.081770
-0.052695
-0.011816
-0.022477
0.000187
0.035575
-0.002466
0.068103
0.051674
0.019783
-0.000351
-0.152725
-0.038169
0.020219
-0.011744
-0.128832
0.023889
0.031522
-0.026119
0.001225
-0.018400
0.006134
0.037961
0.001423
-0.010191
-0.005961
-0.257184
-0.021256
0.101350
0.008681
0.016921
0.000445
-0.022466
-0.154348
-0.000123
-0.047940
-0.027414
0.029732
0.072213
-0.060709
-0.018267
-0.022982
0.042194
-0.009016
-0.072174
0.025737
-0.018991
0.024522
0.169661
0.008223
-0.016606
0.016823
0.077354
-0.058069
-0.026091
-0.014337
0.080880
0.012940
-0.009091
0.004364
-0.000244
-0.050889
-0.026647
0.005896
0.030544
0.043609
0.033961
-0.017191
0.033571
0.015879
-0.137718
-0.046807
-0.016287
-0.016391
0.166513
0.091839
-0.040919
0.047010
-0.033857
-0.089645
-0.033538
-0.222822
0.008154
-0.010555
-0.036236
-0.021005
0.034742
0.088339
0.019641
-0.030798
0.037576
-0.014908
-0.050691
0.026694
0.039971
-0.277844
-0.072971
0.003071
0.023507
-0.013872
-0.035600
0.001337
0.034508
-0.018818
0.023198
-0.064628
-0.036912
-0.050522
-0.036702
-0.056107
0.033963
-0.001562
-0.250107
-0.032506
-0.032599
0.002820
-0.004448
-0.025576
-0.088504
-0.003310
-0.053533
0.061279
0.176031
-0.025637
0.004793
-0.060061
-0.026253
-0.053528
0.005558
-0.016360
-0.012114
0.021406
0.109807
0.003797
0.026606
0.053580
-0.069262
0.012884
-0.026206
-0.009651
0.013505
-0.004620
-0.000386
-0.028550
0.002096
0.071409
0.004544
0.003059
-0.001513
0.205068
0.063717
-0.001829
0.010576
-0.075440
-0.031588
-0.015563
0.057191
-0.036868
-0.035204
0.004174
-0.002108
-0.088181
0.004149
0.019993
0.101758
0.005155
0.001007
-0.045855
0.011626
-0.041084
0.009755
0.000088
0.069591
0.010720
-0.017275
0.047889
0.011362
0.008977
0.088980
-0.000670
-0.015963
-0.051847
-0.329736
0.000368
0.089059
0.072982
0.022927
0.001826
0.002365
-0.034617
-0.020732
0.039897
-0.017576
0.008344
-0.015377
-0.002383
-0.014968
0.102811
0.065191
-0.050534
0.050350
-0.296603
-0.080649
0.013113
-0.002474
0.007804
0.011995
0.036557
0.011757
-0.007587
-0.078906
-0.042077
-0.015299
-0.041658
0.007461
-0.010874
0.004468
-0.154999
-0.007715
0.067708
0.003892
-0.038066
0.046063
-0.013604
0.004210
-0.005939
0.033103
-0.042846
-0.011487
0.017246
-0.040627
0.006678
-0.052333
0.030119
-0.093598
-0.018443
-0.017961
-0.064058
-0.008811
-0.003153
0.010248
0.043295
0.041139
0.027072
-0.007960
-0.025988
-0.022565
0.070640
0.057850
-0.058146
-0.022513
-0.016457
0.016360
0.036528
-0.004488
-0.006466
-0.076479
-0.082070
0.018374
0.010357
-0.054579
-0.042835
0.079756
0.017076
-0.008925
-0.014683
0.039008
-0.025211
0.032708
-0.001517
0.030969
0.042429
-0.001325
-0.021103
0.007909
0.009711
-0.008993
-0.019504
0.021101
-0.014930
0.030312
0.114521
-0.024799
-0.009803
0.001455
-0.051599
-0.051089
0.081862
0.001846
-0.000015
-0.010986
0.006835
0.009968
-0.024360
0.005354
-0.040287
-0.004819
0.034025
0.073222
0.000946
0.010409
0.028050
-0.000895
-0.006650
-0.027216
-0.000897
0.061174
0.005618
-0.031256
0.038314
-0.012809
0.021238
-0.025653
-0.003505
-0.013790
0.015362
0.028474
0.005485
0.010114
-0.006761
0.028366
0.017024
0.070745
-0.012542
-0.030725
0.034147
-0.025945
-0.021120
0.004312
0.035927
-0.049554
0.002594
-0.094121
-0.016859
-0.002481
-0.073185
0.027585
-0.000522
0.118838
0.019989
-0.230272
-0.021595
0.005755
-0.001009
0.048254
0.053905
-0.001754
-0.001562
0.027819
0.022393
-0.000007
0.006531
-0.013129
0.027752
-0.021444
0.043779
-0.020237
0.000531
0.008256
0.026868
-0.019095
0.044222
-0.266442
0.074596
0.040934
-0.003665
0.008322
0.026484
-0.070585
-0.062222
-0.028845
-0.015460
-0.044345
-0.029967
-0.009058
-0.033926
0.071448
0.033886
-0.022827
0.077081
0.093395
0.037096
-0.022960
0.003627
0.002848
-0.023241
0.006786
0.001769
-0.001750
0.069241
0.015316
0.003555
-0.031811
0.000723
0.050025
-0.029619
0.047623
-0.009938
0.022770
0.066078
0.005782
-0.049552
-0.000324
-0.005128
-0.013742
0.007846
0.038563
-0.007730
-0.028630
0.005935
-0.005138
-0.018412
-0.046197
0.019379
-0.004703
-0.001135
-0.059037
0.028777
-0.070217
0.018543
0.052439
-0.012437
0.053296
-0.002530
0.059291
-0.029731
0.021169
-0.054065
0.049699
0.000078
0.002372
-0.023725
-0.033481
-0.005113
0.001096
-0.078782
-0.007434
0.005032
0.060193
0.015247
0.002669
-0.061739
0.023946
0.014355
0.010100
0.038146
-0.025203
-0.071465
0.046308
0.018839
-0.001862
-0.030327
-0.004660
-0.007762
0.040769
0.007869
-0.033536
0.035435
-0.001847
-0.012689
0.037509
-0.074479
-0.025083
-0.027270
0.007023
-0.004666
0.001327
0.677100
-0.001772
0.048248
0.004292
0.000762
-0.019903
0.015036
-0.028516
0.032758
0.000825
-0.014486
-0.006134
0.285379
-0.014690
0.063441
-0.001791
0.004886
0.041309
0.031260
-0.001393
0.015600
0.038812
0.007250
-0.001357
0.028493
-0.021377
0.081992
0.071441
0.055660
-0.001492
-0.052391
-0.005126
-0.095396
-0.051531
-0.019220
0.021666
0.003082
0.035302
0.031940
0.027721
0.074314
0.014387
-0.062345
-0.011680
0.015388
0.152480
-0.116620
-0.004674
0.053160
-0.000638
-0.019548
0.031039
-0.066149
-0.098185
-0.026775
0.000002
-0.004098
0.105145
-0.007083
0.034438
0.016776
0.000612
-0.017558
-0.008316
-0.076288
-0.016721
-0.018515
-0.056146
-0.000116
0.002867
0.007671
-0.000703
-0.024977
-0.069778
0.045096
0.001565
0.089284
0.045842
0.081259
0.623822
-0.011471
0.068003
-0.038628
-0.013087
-0.018746
0.068522
0.025894
0.003687
0.044708
0.019516
-0.013684
-0.062751
-0.029023
0.000450
0.009144
-0.011093
0.000350
0.002347
-0.056901
0.002598
-0.058443
-0.053137
0.036132
0.037094
0.210560
0.026909
0.001192
-0.054478
0.013532
0.000747
-0.035013
0.031412
0.015419
-0.006217
-0.063193
0.050025
0.011928
0.048085
0.069157
0.025809
-0.024998
0.031078
-0.005662
0.132664
0.006463
0.010228
-0.007061
0.013358
0.013615
-0.397814
0.071745
0.031162
0.015070
-0.052741
0.007896
-0.003067
-0.013321
0.071872
0.010549
0.024999
0.037751
0.000397
0.003627
0.030646
-0.003091
0.056208
-0.015060
-0.086706
0.034585
0.006792
0.005789
-0.027748
0.038994
-0.006143
-0.004879
0.001574
0.039540
-0.027585
0.000948
-0.007407
-0.010434
-0.005752
-0.001663
0.019799
0.146762
-0.005198
-0.057597
0.035023
0.004025
0.010684
0.006809
0.001061
0.018893
-0.037827
-0.086434
-0.010575
0.013653
0.032644
-0.000235
-0.011939
0.007455
-0.038415
0.049278
0.029004
-0.015782
0.024862
0.019927
0.008869
0.000002
-0.027344
0.000702
0.061935
0.075613
-0.003550
0.011644
-0.114609
0.036011
-0.004582
0.008585
-0.099002
0.016384
0.056933
-0.009226
-0.028688
-0.010969
-0.004840
0.009741
0.017289
0.060818
0.002403
-0.004691
-0.074483
0.047387
-0.029685
0.000895
-0.026889
0.026642
0.097938
-0.011466
-0.011805
-0.013491
0.071464
-0.013489
0.022215
0.009373
-0.112474
0.027571
-0.053162
-0.061069
0.004635
0.035133
-0.014378
0.001629
-0.016753
0.097703
-0.051590
0.027659
0.026541
0.015460
0.010622
-0.041486
-0.016677
-0.012374
0.062403
-0.003318
-0.033565
-0.021030
-0.008206
0.142168
-0.004797
0.020973
-0.014500
0.010113
0.006395
0.000289
-0.007788
0.006110
0.068637
-0.027561
0.028317
0.011740
0.159880
-0.001779
-0.004122
-0.003545
0.012333
0.011172
-0.019426
-0.067498
0.014298
-0.010569
0.002632
0.017760
-0.032603
-0.014444
0.002368
-0.002308
0.010329
0.010877
0.023420
0.010920
0.010542
0.003840
0.008326
-0.026010
0.005956
-0.008598
0.036132
-0.108783
-0.018087
-0.026674
0.000670
0.064430
-0.024872
0.026881
-0.037955
0.003812
0.000171
0.050854
0.173348
-0.012591
0.089436
0.090909
-0.028861
0.030090
-0.024679
-0.056428
-0.011767
-0.027974
0.020090
0.007675
0.000908
0.006108
0.028949
0.078698
-0.027320
-0.045696
-0.001453
0.021093
0.031014
-0.061621
-0.001236
-0.045283
0.012638
0.000065
0.007255
0.018806
-0.000208
-0.093910
0.157237
-0.000091
0.004101
-0.037465
0.053470
0.039281
0.061943
-0.024815
0.002726
0.020805
-0.000869
-0.007363
0.017653
-0.024134
-0.033646
0.008688
-0.039767
0.025878
-0.156771
-0.030756
-0.018346
-0.009883
0.026785
-0.024912
0.027214
-0.016240
0.013477
-0.004560
-0.013627
0.001125
0.010343
0.025283
-0.010848
0.001056
0.063110
0.044163
-0.025326
0.042589
