-0.281541
-1.354952
1.503733
-0.309613
-0.203421
-0.012651
-0.000902
1.392172
0.216635
0.022388
-1.510122
1.013769
-0.453032
-0.007030
-2.247586
-1.989038
-0.344175
-0.326143
-0.015842
1.622621
-3.945690
-0.016847
0.029820
-0.030181
-0.004256
0.168282
-2.516328
-0.028054
-0.037603
9.523936
0.011665
-0.013090
-0.014692
-0.109840
0.461202
1.191157
0.147818
-0.068312
0.382277
0.138851
-1.184663
0.182143
0.065436
0.059430
-1.540240
0.097923
-0.305736
-9.280543
1.755022
-0.006266
-2.340454
0.261070
2.526251
0.214074
-0.051159
-4.504158
-0.084307
-0.331124
0.093583
-34.119641
0.414278
0.074742
0.488135
-0.711587
-0.183318
-0.596076
0.919978
-0.062155
3.397499
-0.036111
0.784240
-0.144552
-0.077312
-1.215847
1.321038
0.014756
0.877170
1.140749
-0.288815
-0.350761
0.929720
-0.095782
-0.003408
-0.720211
-0.438707
0.036983
-0.489279
-2.328422
-0.050587
0.005677
-0.065155
0.406093
0.052224
-0.063077
0.000268
-0.113411
0.239901
0.178142
0.030850
6.757577
-5.302611
-0.188142
-1.021983
-0.011596
-0.132542
-0.515132
0.104043
0.153460
0.589279
0.009735
-0.811223
-0.037133
-0.220020
0.033706
-0.007731
-0.067643
-0.179131
-0.008505
-0.026335
-0.058288
0.004133
-0.087982
-0.187884
0.072916
0.436793
-1.054591
-1.058168
-0.023872
-0.092385
1.820345
-0.005316
0.024892
0.009120
-0.003439
0.000601
0.049797
-0.191757
0.497744
-1.108357
0.031208
-0.457770
-0.018144
-0.356098
-0.376371
0.247499
-0.054633
0.231513
2.336463
0.283647
0.499297
-0.010718
0.966933
1.496812
-0.270439
0.003381
-0.117569
0.028648
-0.064358
-0.268334
-5.546095
-0.042184
0.468366
-0.391478
0.118445
-2.181707
-0.376539
-0.571755
2.749073
-0.068838
-0.220133
0.281434
-6.271336
5.816575
-0.558772
0.707312
-0.603919
-0.512261
0.457888
0.365532
0.086529
-0.022221
-0.012112
0.375680
-0.432955
-0.034733
0.067903
-0.101721
-0.013205
-3.212025
0.005872
0.043985
-0.166844
0.013865
-1.779066
0.357452
-0.000374
-0.013195
-0.065351
0.031727
0.047741
-0.118893
0.158029
0.148129
-0.230225
-0.000053
-0.000775
0.092375
-0.050235
-0.512099
1.973960
-0.247230
-2.465734
-0.096123
-0.443192
0.281856
-1.058440
0.135486
0.026437
1.744615
0.004047
0.114790
-0.125566
1.195185
-0.005458
-2.433701
2.085619
16.352375
0.037587
-0.073050
-1.090419
-0.288326
0.630039
-1.555888
-2.047903
-4.450441
0.013262
-2.414602
0.114560
-0.208822
-0.023088
-0.441538
0.009774
-0.234282
-0.264586
0.032386
1.982485
0.290498
-0.799724
0.927613
0.211489
1.368411
0.261244
-0.251155
-0.053095
-0.202445
-0.051079
0.245084
0.239334
0.080892
0.286048
0.491334
-0.078356
-0.700705
-0.817373
1.828931
0.026308
-0.003307
-0.121176
0.226812
0.105378
6.693619
-0.279453
0.095887
0.586972
0.715504
-0.000623
-0.692728
-1.244772
-0.271602
0.564227
0.341204
0.237730
0.638651
-1.521743
0.109972
-0.007765
-0.378455
-0.069612
0.044839
-0.080589
0.392822
1.929884
0.218707
-0.250651
0.239274
-0.258691
-0.859358
-0.019235
0.472478
0.487842
-0.200320
0.214416
-0.052476
-0.360215
-0.345325
2.012901
0.011992
1.066595
0.602073
0.507805
-0.113173
-0.089953
0.002789
-0.952429
-0.025532
0.078268
0.001521
-0.096078
-0.212966
2.763823
-0.341317
2.802981
0.011986
1.018120
-5.448943
0.005690
0.189061
-0.002801
0.286371
1.909706
-0.501222
-1.685704
-0.043968
-0.120133
0.207056
0.141751
0.028308
-0.305880
0.220183
2.650211
0.994290
0.017029
10.008556
-0.060226
0.283981
-0.042650
-1.359302
-0.436847
0.007189
0.000853
-0.014567
1.031608
-0.067863
-0.648138
-0.001737
2.543712
6.850324
2.665552
0.005752
0.032256
0.459151
-11.734606
1.014190
-0.173986
0.002664
-1.320679
0.541083
0.261727
0.155923
11.315702
-9.216581
0.010060
-0.443607
8.715336
-0.399299
-0.910938
-0.012016
0.679358
0.744925
0.240929
34.476579
2.786689
0.888519
-0.140087
0.072270
0.001136
-0.026421
-0.362813
-0.174439
0.013911
-0.215621
2.954425
-0.065421
0.058828
0.016686
0.148600
-0.009950
-0.051221
1.293455
0.072552
0.008428
0.110413
-0.707681
2.143245
-0.002553
-0.000111
-1.005360
-1.028231
-0.067414
0.241488
-0.097737
0.008233
-1.090772
-0.042870
-1.047801
0.246659
-0.378222
-0.728840
-0.678205
1.034575
-1.180907
-0.010499
-1.472873
0.091429
0.913229
0.141189
0.350761
-0.670548
0.111604
0.181453
-0.499704
-0.034357
-0.015802
-0.098873
-0.144578
0.117671
-0.350323
-0.053102
-0.292538
-0.033019
0.010764
0.001558
-1.688776
9.599659
-0.520871
0.030310
0.181062
-0.251624
-0.027077
-0.000141
1.312850
0.201049
0.012373
-0.244968
0.260240
0.080495
0.188332
0.191646
-0.014490
-16.734442
-0.302248
0.162871
-0.007033
-0.038000
-0.340873
-0.003806
0.989372
1.661525
-0.226692
0.185759
0.105781
2.466782
-1.289059
-0.023925
0.139271
-0.098167
-1.838451
0.285872
-0.058919
0.294629
-0.004096
-0.073677
-0.109587
-0.370481
-0.000135
-0.160239
-0.737238
0.023200
-0.024192
0.222605
-0.463902
-0.084344
0.219250
-0.362255
-0.111429
-0.531735
0.047937
-0.008564
0.028173
0.294653
-1.160900
1.986977
0.017177
0.402296
0.895021
1.080540
-0.018736
0.044854
-3.673482
1.101686
0.331093
-0.284645
-1.378045
-0.285527
3.704277
-0.013681
-0.037856
-0.003033
-0.116964
-0.289881
0.015278
0.049266
-0.002828
0.191813
0.053024
0.016846
2.545003
0.964341
-0.004135
8.735234
0.019172
-0.008010
-0.184807
-0.000375
0.637117
-0.376713
-0.055908
0.137859
-0.162569
-0.239386
-2.214596
1.189047
1.322649
-0.003074
-0.618249
-0.006013
-0.036415
9.737182
-0.002851
0.010869
0.056071
1.292752
12.302597
-0.006545
-0.012799
-0.205066
-2.014331
-0.132544
-0.149699
0.438816
0.258823
-0.158088
0.012914
0.059531
-0.301376
-0.063219
0.004800
-0.395295
1.567985
-0.019465
5.492138
-0.155395
-3.282775
-2.077263
-0.027735
-0.262389
0.186407
-0.017882
-1.428509
-0.279399
-10.474911
0.297128
-0.008144
-1.206722
-0.033313
0.535152
-0.169731
-0.003080
0.753506
0.742239
0.013548
0.006784
-1.364471
-0.146728
0.105155
-0.508555
0.320797
0.004919
1.658555
0.285628
0.027684
1.439192
-0.004936
-0.214361
-0.264357
-0.374473
-0.001421
-1.776080
0.219350
-0.013473
0.775347
-1.236366
-0.006600
-0.268310
-0.281876
-4.353879
0.277289
-0.728515
-0.007368
-0.157932
0.144001
0.061019
0.675415
0.064014
1.185443
0.150052
0.013718
0.131850
1.040108
0.731925
-0.003229
-0.035181
-0.249968
0.329683
0.493265
1.798421
-0.162816
0.235068
-0.069502
-1.012197
2.450241
0.227037
-0.074821
0.426175
-1.543751
-0.033563
-0.209016
0.041937
0.213799
-0.227984
-0.008597
0.471130
0.437708
-0.248183
-0.393348
-0.161384
-0.313078
0.412780
0.006724
0.199230
-0.008113
0.068005
0.091729
-0.273369
-0.075563
8.208805
0.019781
-0.102789
-0.327416
-0.017484
0.198541
0.846418
-0.255415
-0.467690
0.154845
0.288835
-0.304158
0.594216
69.571110
0.106330
0.266846
0.056591
0.068891
-0.074533
0.177691
-0.087034
0.077439
-0.067801
-1.269156
-0.009332
6.254547
0.004189
0.576683
0.001476
-0.336498
-1.933580
-0.772096
0.002012
0.233980
0.337098
0.049878
0.396133
-0.039073
-2.049192
-0.260174
0.007499
-0.083101
1.104051
0.011168
-0.052181
0.402510
-0.003198
0.018283
0.013613
-0.010642
0.194024
-0.088953
-0.742452
-0.028685
-0.472149
-0.013369
-0.137672
-0.005228
-0.064582
-0.010128
-0.315253
-0.462845
0.096302
0.009003
-0.020547
0.064975
-0.046282
-0.079559
0.367115
-0.412073
-0.054326
-2.028676
-0.070822
-1.537957
0.413313
0.666704
0.478708
0.009978
-0.359663
-0.036955
0.364676
-0.084439
-0.014961
0.070288
-0.004834
-0.045855
-1.406067
-0.234625
-0.313896
0.125812
0.050074
0.479572
-0.122024
-0.006424
-0.191508
-0.020113
0.544692
-0.082973
0.105033
-0.000650
-1.800977
1.326799
-1.108544
0.090893
0.320115
0.446463
2.059858
0.016979
0.069242
0.300532
0.397355
-0.057087
-0.001991
0.037417
-0.421708
0.084030
0.113841
1.574653
-0.011952
-3.336920
0.074415
0.593154
-1.163264
1.254608
0.045755
-2.842815
-0.655992
1.130993
-0.010723
0.207828
-0.735886
-0.162819
-0.038540
-0.992407
0.100151
1.694234
-0.254212
0.330474
-2.240627
2.428353
0.083088
-0.020520
0.588076
-0.498232
0.256367
-0.084873
0.131373
0.052995
-0.070202
0.024614
-0.000187
-0.075343
-0.046642
0.623275
0.014024
-0.000766
0.021037
-0.346057
0.060221
0.000291
-4.066449
-0.015398
0.007413
-0.434254
0.720425
-0.021337
-0.204775
0.005218
-0.066829
-0.021845
-0.002156
0.601612
0.655639
0.292592
-0.669262
1.334596
-0.011513
0.578613
0.123938
0.691401
0.212399
-0.008478
0.203934
-0.011387
-1.748751
-0.221301
0.008079
-0.007899
5.579737
-0.058368
0.024922
-0.048920
0.877609
0.164294
-0.546548
0.050505
0.040170
-0.007073
16.320607
-0.113165
0.253258
0.000220
2.454833
0.004592
-0.025694
20.686144
0.050364
-0.369169
-0.050646
0.633985
-0.811191
0.342842
0.312262
-0.000871
-0.070569
0.118013
0.101588
-0.436542
0.729010
-0.384764
0.026526
-0.181867
-0.004349
-0.047882
0.017624
-0.189694
0.016221
-0.197215
0.026195
0.137359
0.163280
0.139993
0.186363
-0.097690
-0.120193
-0.000054
-1.284984
0.365220
-0.108951
-0.323686
0.027642
4.859301
0.045912
-1.928902
-0.003888
-0.618915
0.118366
-0.057500
0.042899
-0.039976
3.496595
0.005319
0.566462
0.069053
-0.011857
0.259419
0.628743
0.399956
2.137882
-0.002816
2.122207
-0.012454
-0.033104
1.344128
-0.052952
-0.019510
-0.004026
1.081328
-0.014573
0.065396
0.465352
-0.000136
0.000209
-0.326879
-0.886508
-0.347578
-0.579580
0.031747
0.859999
-0.113079
0.006866
-0.248442
-0.492327
0.027951
-0.011873
0.041126
-1.575843
-3.237596
-0.087084
0.533387
-0.000122
-0.020140
0.008485
1.992965
-8.576558
0.281079
0.026492
-0.434505
-2.064937
-1.252652
-0.037474
-0.656217
0.957934
0.058973
-2.911548
10.006404
0.068833
0.847157
-0.144734
-0.003269
0.226469
0.399697
0.076767
0.014303
-0.073794
0.119089
-0.008587
0.067425
0.001734
0.024939
0.196551
0.031223
0.952435
-0.004503
-0.254181
0.764654
0.045534
3.943266
5.876490
0.751877
0.069750
-0.014997
-2.013181
-0.308949
0.151996
0.059128
-49.117629
-0.001666
0.132137
0.012087
-0.011343
0.249071
-0.038464
0.025581
0.162894
-0.005814
0.001724
0.517649
0.003516
-0.020663
0.016158
0.089468
0.001927
0.625394
0.033651
0.325277
0.016087
0.001514
-0.012330
0.532233
0.157155
0.142841
-0.008112
-0.471845
-0.000619
0.026020
-0.131379
0.024157
0.050068
0.000236
0.028267
0.048142
0.178103
-0.799825
0.024004
-0.103974
0.000259
0.136840
0.057282
0.043865
-2.406461
-0.251569
0.440259
1.583084
-0.000366
-8.188397
7.053667
2.358727
-0.000650
-0.010945
-0.005153
0.006009
1.570668
0.024182
-0.010697
0.393481
-0.018647
0.044341
0.001560
0.004865
0.012002
0.101368
0.603191
-0.019183
-0.272620
-0.001168
0.000162
0.213134
0.002635
-0.016360
0.004169
0.000273
-0.209256
-0.000183
0.017578
-0.009977
-0.121894
0.006985
-0.336332
-0.000626
0.028750
0.184379
0.039216
-0.007973
-1.015673
0.472058
-0.136864
0.310150
0.002467
-0.039561
-0.091018
-0.071543
2.103487
-0.000363
0.001009
0.001187
-0.058387
0.023185
1.298630
0.300172
0.680134
0.000017
0.010019
-0.001406
0.450254
-0.000428
0.039854
1.158847
0.151661
-2.438507
-0.374374
0.180999
-0.003359
-0.000494
-0.996292
2.347862
-0.639627
-0.589919
0.018549
-0.505773
-0.310071
-0.128290
0.669067
-0.000178
0.015563
-0.000947
-0.311453
0.224100
2.115000
-0.002493
0.438580
0.124675
0.301661
0.000323
1.031562
0.930667
2.609743
-0.060280
7.809737
0.256040
3.429013
-0.113490
-0.924119
-0.004800
0.001436
0.826700
-4.651388
-0.009933
-0.010408
-0.510450
5.966387
0.038731
-4.603305
-0.047220
-0.166084
0.007684
-4.430804
-0.060630
0.000546
0.019895
-0.574816
-1.883567
0.034609
0.002843
0.140647
-0.108916
-1.535155
-0.483097
-0.058625
0.000072
-0.754113
-0.090415
8.743489
0.016079
-0.002669
-0.085541
0.145191
-0.005630
0.053060
-1.103180
0.684357
-0.090594
-1.653179
0.639902
-0.089476
-0.016932
0.692822
-0.018134
1.572432
-0.280601
0.469718
-0.008587
0.006922
0.634295
0.083346
-0.808436
0.362240
0.035823
-0.000016
0.020591
-0.013426
-0.102224
0.000526
0.045393
0.226934
2.779201
-0.004761
-0.100112
0.170736
0.015502
0.411680
0.050701
0.451959
-0.184464
0.114651
-0.077034
-0.911429
-1.951844
-0.095532
0.263319
0.006662
-0.021248
0.001255
-0.002541
0.007725
-0.067600
0.000113
0.176850
-0.304013
0.022703
0.000923
0.004208
0.049218
3.046732
0.031962
0.000082
0.397090
1.627352
0.002592
0.003432
-0.013559
-0.938670
-0.012394
1.053826
0.006166
0.852605
0.043087
-0.021276
0.105888
-0.736640
-0.004389
-1.941837
2.495150
-6.493252
0.014147
-0.037591
-0.008442
-0.052257
-0.289179
-0.185662
-0.005082
-0.271784
-0.003778
0.055799
0.000450
0.047382
-0.080597
-0.000035
-0.084938
-0.068077
0.010598
-0.001584
-0.007523
-0.093556
-1.728947
0.005039
-0.026585
0.502672
0.033640
3.555211
-1.270481
-0.007818
0.000422
0.009694
0.006747
-0.136661
0.130353
1.546073
-0.072184
-19.545563
0.011168
-0.178258
0.752403
0.357366
-0.069414
0.059488
-0.007752
-0.006410
0.001043
-0.087726
0.166835
-0.070264
0.031213
0.175554
-0.269295
2.569138
-0.132064
5.695140
-0.120415
5.000586
0.138665
-0.002763
0.040134
-0.021172
0.023067
0.362726
-0.043838
-0.030023
0.001238
0.177625
-0.191780
0.828516
0.002925
-0.638691
-0.112361
-0.000792
0.187859
0.036254
0.217602
-0.000518
0.049622
-0.184026
-1.513716
-0.029600
0.041589
-0.009430
0.108517
0.002323
0.295870
-0.000179
-0.030830
0.312073
-0.237731
-0.021323
-0.001720
0.785710
-0.031616
-0.005481
-0.418123
-1.879417
-0.005132
-0.028503
0.077157
0.595040
-0.049445
4.610162
-0.069010
-0.057028
-0.119580
0.007985
-0.139187
-0.033504
0.041475
-0.049379
0.005665
0.000554
-0.887746
-0.050234
-0.240899
-0.878132
-0.002625
0.797069
-0.839646
-0.009458
-0.001483
0.567489
-0.000034
0.000109
0.048034
-0.130377
0.003402
0.132119
0.285859
0.029825
-0.012557
-22.318325
-0.093662
-0.001990
0.020833
0.028490
-0.002674
-0.000150
-0.326131
-0.713771
-0.334170
0.127473
1.778243
-2.019434
0.007367
0.059027
-0.053607
-0.004623
-0.552691
-0.151709
-0.088403
-3.342933
2.380399
0.000863
-0.013197
-0.013890
2.935092
0.321254
-0.005561
0.544251
0.012997
-0.066360
-0.207929
0.020129
0.004614
-0.012755
-1.577403
-0.040991
-1.010309
-0.023092
-0.065832
-0.979065
-0.210808
-3.613652
-0.513291
-0.263534
-0.008033
-0.014526
0.000434
-0.006576
2.945887
-0.090809
0.708417
0.211957
-0.363072
1.111326
-0.126055
0.000652
-1.482672
0.021549
-0.132483
0.025295
0.305312
0.969367
-0.029913
0.021111
0.008443
-0.908855
0.100983
0.000517
-2.461920
0.277112
-0.181917
0.000653
0.128027
0.000193
-0.898583
-0.000082
-0.010000
0.000224
-0.005452
0.000839
-0.733041
-2.362137
0.000004
-0.126974
22.821019
0.002488
0.023033
0.203415
-0.390744
0.005742
-0.491869
-0.144944
-0.031155
-0.000736
0.000129
0.014702
0.294827
-0.118579
-0.015663
0.898266
-0.022323
0.394875
-0.010024
-0.258482
-1.115666
0.307499
0.111554
-54.181953
0.196861
0.063851
0.255023
-0.037824
0.000389
-0.011553
4.403930
1.154037
-0.868654
-0.840426
0.000185
0.000071
0.519916
0.000021
0.009892
0.000044
-0.214050
0.349484
-0.059743
-1.558673
-0.000532
0.008131
-0.000646
0.166317
0.084121
-0.116099
0.118181
-0.687192
-0.254143
0.008090
-0.048244
-0.930656
0.335279
-0.019317
-0.129785
-0.061667
-0.000897
-10.600140
0.005778
-0.017354
-0.001651
-0.009822
-0.012593
-0.045302
0.482112
-0.069542
1.327973
-0.287938
-0.023967
0.043854
-0.000013
0.000160
0.009997
-0.099756
0.001872
-0.006680
-0.972662
0.055028
0.032313
-0.069656
-0.009211
0.000703
0.020841
0.001213
-0.370927
-0.018939
0.000837
-0.025718
-0.236562
0.004141
0.000666
6.257821
3.599718
0.758953
-0.021438
0.080867
-0.050866
0.029748
-0.075986
0.454091
-0.038499
0.039807
0.201265
0.001208
-0.018848
-0.114344
0.010187
-0.008197
-0.000031
-0.059740
0.002429
1.369130
-0.048967
0.662882
-0.012585
-11.800891
0.367564
0.188443
0.014295
-1.489232
-0.271044
1.092912
0.017466
0.183384
0.721330
-1.559867
-178.510106
-0.038073
-0.072743
0.114837
-0.204707
-0.243994
-0.290406
-0.204435
0.004405
-0.608987
0.006768
-0.025076
0.922359
0.253900
0.592385
-0.003222
0.088101
-2.268958
0.024203
-0.005145
-3.243238
-0.957567
-1.243237
0.001811
-6.970771
0.113520
0.400047
-0.095320
-4.881557
-0.021794
-0.001908
0.007390
-0.024321
-0.081760
-0.270688
-0.005583
0.256792
0.484920
0.065649
-0.350699
-0.321804
-0.000409
-0.001049
0.136083
0.256483
0.007491
-0.000425
0.024287
1.185443
0.009844
1.663041
0.227699
-5.835629
0.052238
3.891996
-0.075668
0.000001
-0.041464
0.021165
2.426906
-0.040299
-0.049101
0.000043
0.004752
0.016724
0.005801
-6.493311
0.239883
-0.101976
0.005465
0.070413
-0.795857
-0.277602
1.653186
-0.276862
-0.280838
-0.000067
-0.222414
-0.065514
0.057592
0.048742
-0.818551
0.106296
0.000022
-0.133507
-0.097569
-8.201742
-0.648286
0.000682
-0.096820
0.042560
-0.001874
0.003483
0.044806
0.001495
0.000000
0.000395
-2.234437
0.086528
7.604345
-0.201204
0.097615
1.018390
0.000376
0.008036
-0.173580
-0.800774
0.088910
0.053943
2.508879
-2.700246
-0.000659
-5.503332
-0.149733
0.000206
0.076707
-0.010570
-0.014408
0.011928
1.373763
-0.045706
-0.651155
-0.004256
0.254931
-2.359249
-0.143939
33.494374
0.488091
-0.021860
1.391321
-0.393006
0.058939
0.132323
0.006474
0.430305
-0.260230
0.014603
-1.420624
0.000963
-0.003388
0.151484
-0.002608
-2.593002
0.001684
-0.806553
0.002683
0.010547
0.004184
0.076515
0.097841
-0.000426
0.577413
-0.396369
0.707321
0.167627
-2.748040
0.029851
-0.281670
-0.100890
0.021346
-0.000025
-0.024703
0.003349
-0.048966
-0.007626
0.019341
0.360250
0.016351
5.846156
0.796723
0.049088
0.082277
0.325217
0.234142
0.121660
-0.098732
0.001837
0.001075
0.122780
0.432913
-0.003519
-0.098206
0.178902
0.020229
-0.008154
-0.593803
-3.855842
0.003757
0.034968
1.427481
0.069685
0.186975
0.513897
-1.459427
0.211929
0.009145
1.642956
-1.440088
-0.016896
0.064334
0.000058
0.137569
0.012349
0.016908
0.000998
0.005752
0.102845
0.004649
0.016747
-0.552708
-0.059695
-0.273421
0.390753
-0.552022
0.001597
-0.639307
11.701806
0.411873
0.000485
-0.142459
0.077906
-0.886817
-0.013126
-0.002072
-0.036707
0.240040
4.661498
-0.006094
0.017188
-0.011643
0.013139
-0.005030
0.293208
0.811120
0.036768
-0.241923
0.000498
3.342842
-0.002961
0.003928
-0.007024
-0.257354
0.000257
-0.101582
-0.839280
0.150800
-0.089166
-0.005478
1.312177
0.004093
-0.090022
-0.207789
0.763843
1.406088
1.139964
-0.030729
0.024183
-0.002702
0.074385
0.609858
0.027151
270.225807
-0.455974
0.789719
13.303339
3.473137
-0.005320
-0.408253
0.004908
0.085117
0.119356
0.159107
-0.246348
1.595253
1.314272
0.157656
0.012594
0.000408
0.008332
-0.001021
-0.118890
-0.032819
1.013963
0.006260
-0.343853
-0.006954
0.011362
-0.188531
0.822317
2.299384
-0.000209
0.017289
-0.266339
0.123890
-0.183371
0.006300
0.287815
-0.115675
1.854259
0.042420
-0.068031
0.004414
-1.022652
0.066325
0.026867
-0.000963
0.015223
0.002878
-15.083706
0.005264
0.022529
-0.190645
1.164682
-1.922275
-0.056539
0.060122
-0.982598
-0.119015
-0.682336
-0.010808
-0.052060
0.058173
0.000372
0.005112
-0.041020
0.003592
0.145342
-0.013369
-1.943712
-0.099022
0.203902
0.023672
0.335038
0.018392
0.328877
-0.023823
-0.045065
-0.280960
0.012016
-0.018607
0.010037
0.144137
0.034212
-0.019131
0.402187
-0.000004
0.297038
-0.005148
0.001652
1.425395
-0.001286
0.375942
-0.455073
0.936542
-0.000004
-0.012283
-0.022628
0.050155
-0.017062
0.151028
0.670028
0.087004
-5.372119
11.887594
-0.061310
-121.926332
-3.358549
-1.758995
0.201855
-0.010148
-0.123028
-0.000764
0.041388
0.522427
-0.020885
-0.022715
0.540462
4.355771
0.175181
-0.046185
-0.224571
-0.021350
-0.032652
-0.018954
-0.069118
0.006160
-0.035000
1.446499
-11.077516
-0.034982
-0.011184
-0.153912
0.230492
-0.169850
0.210435
-0.506193
-0.070166
4.120219
1.380182
0.212979
0.112857
0.488538
-0.085498
0.018952
-0.007082
-0.040576
-8.793915
1.214068
-0.022411
0.313429
0.018785
1.861622
0.005919
-0.002603
0.005804
1.468826
-0.650503
0.000158
0.098051
6.939830
0.001378
-0.226675
-0.620101
0.037209
0.678461
-0.393934
-0.009894
0.044635
0.000014
0.078575
-0.028693
0.000084
0.022132
-0.019465
-0.268357
0.005279
-0.008578
-0.025790
-0.160984
-0.066133
0.000030
-0.034403
0.574285
-0.000605
0.776800
-0.000825
0.000153
0.414187
0.002379
-0.108974
0.221048
-0.003625
0.016065
3.815666
0.000096
0.000331
-0.015994
0.700097
0.021924
-0.119361
2.109311
0.039977
-0.011670
0.016549
-0.428455
-0.108110
-0.302025
-0.419313
-0.021099
-0.004305
-0.035685
0.070169
-0.233443
0.106508
-0.010537
-0.003882
-0.256217
0.189088
5.912839
1.172280
-0.001359
0.094964
-0.008717
0.754661
-0.133063
-0.111211
0.002191
-0.024150
-0.015845
0.219569
-0.000504
0.056544
-0.029833
-0.016845
0.903235
0.062670
0.545679
-0.012984
-0.375426
-1.206859
0.027177
0.001302
-0.007440
0.024241
-0.000183
-0.018331
-0.050519
0.000461
-0.352726
-4.144537
10.724018
-0.032656
0.032553
0.067830
-0.842687
0.002482
0.067737
1.409797
0.025834
-2.736773
0.541076
-0.000219
-13.852681
-1.513432
-0.079852
0.000026
-0.002187
-0.044127
-0.305166
2.486131
0.058470
-0.500565
0.840240
-0.008093
0.997009
-0.035402
-0.006584
0.014161
-0.007453
6.709272
-0.295172
-0.391320
-0.094502
-0.345951
-0.494681
0.007065
0.022514
-0.736440
-0.036159
0.351435
0.023825
-0.000419
0.360415
-0.001192
0.016767
0.008426
-0.007124
-0.010250
-0.000780
-1.731220
-0.432984
-0.649326
-1.528700
0.104233
0.647876
0.038317
-0.003260
-0.017896
-0.003435
0.005763
-0.006171
-0.075465
-0.208037
0.045889
0.444169
-0.000139
3.163357
-0.192992
0.034516
0.038378
0.001642
-0.009671
-0.002648
0.039206
-0.311209
-0.224344
-0.015955
-2.276005
-0.004429
0.005605
0.050658
-0.146592
-0.004698
-0.037877
0.003353
-0.333983
-0.018541
0.007670
0.035712
-0.000488
0.006435
0.004433
-0.294017
-0.108414
-0.000818
0.383302
0.142755
-0.000018
-0.220635
0.012583
0.971892
0.002747
-0.319857
-0.001841
0.021251
-0.184014
3.401950
-0.260233
0.297597
-0.291667
-0.321487
0.292116
-0.038761
0.475738
0.061206
0.236625
-0.013638
-0.000929
-0.001208
-0.060548
-0.000142
-0.202336
-0.002648
-0.003404
0.483201
0.000208
-0.014197
0.007140
-6.747076
2.830820
0.080182
-1.303706
0.178051
0.007656
-0.059235
1.638556
-0.012180
0.006217
-0.002711
0.069899
-3.310399
0.508118
17.233441
-1.752941
0.013189
-0.001754
-0.022141
0.023699
-0.458894
-0.022288
-0.005784
0.013800
-0.139986
0.453645
-0.002325
-0.035230
1.169200
-0.203219
0.156372
-1.547452
-0.005462
-0.039005
0.009436
-16.469093
0.483670
-0.107977
0.389053
-0.033524
0.918960
-0.117991
-0.068535
0.000270
-0.010009
-0.553052
-0.021835
-0.308573
-0.034778
0.000630
-0.000959
-0.121361
0.141133
-303.728208
-0.000789
0.010385
-0.377603
0.127052
-0.017114
0.000265
0.046798
-0.074003
0.014610
-0.001794
-0.284916
-9.918816
-0.473453
0.090715
0.965688
-1.845403
0.185129
0.203506
0.449517
0.038950
-0.124524
0.002479
-0.628587
0.015782
0.437881
-13.098372
-0.000400
-0.000982
-0.151227
0.257419
-0.021824
-0.219902
-0.076156
-3.498531
0.139299
-0.815412
-0.002454
-0.109074
-0.633334
0.007039
1.398021
0.049222
0.339607
0.008301
-0.012373
-0.001329
1.671462
0.013859
-0.993415
-0.000021
-0.000622
0.004550
0.129213
0.759753
-0.012986
0.115612
-0.326287
0.003863
0.008600
0.972882
-0.188994
-0.180410
0.000270
0.030279
-0.008487
-0.000365
-0.000995
0.806890
0.035650
-0.726020
-0.413924
-0.057327
-0.044209
0.233025
-0.004558
-0.287195
0.000547
278.240679
-0.418962
-0.047144
0.104258
0.214396
-1.292349
-13.122262
-0.015240
0.745486
0.001433
-0.001510
-0.000202
-0.007926
1.476987
-0.103872
-0.421218
0.034459
0.006348
0.328764
0.002349
-0.004675
0.023324
-0.663788
-0.037630
-0.091264
-0.584054
0.254343
0.013041
-0.104370
-2.567341
-6.053462
2.361383
0.042554
-0.065440
-0.233956
0.000406
0.005526
-0.060903
-0.023604
0.160773
0.132426
0.024893
-0.064739
0.212550
-0.179647
-0.007411
-1.075705
-0.000075
0.054958
0.204971
-0.019565
0.032360
-0.041367
-0.006718
-0.004098
0.027717
-0.184325
0.138502
0.003990
0.025273
0.746022
-0.005588
0.001388
0.116781
-0.045974
0.001350
-0.079846
0.001857
-0.458443
-2.515028
-0.003076
0.050429
-1.382265
0.280801
-0.079552
0.019823
-1.188386
-0.282730
-0.001256
-0.005542
-0.000149
-0.000119
-0.944611
-0.034402
0.078723
0.001626
0.013038
2.153739
0.005666
-0.001760
0.614681
-1.376246
0.807911
-0.007108
0.003920
0.000272
0.120368
1.163013
-0.001209
0.495311
-0.011612
0.000926
-0.012518
-0.849611
-0.003127
-0.000539
-0.108478
-0.008603
0.394386
-0.647966
0.020531
-0.024474
0.056139
1.130475
-0.422220
-0.315544
-0.065442
-0.000864
-5.018359
0.027442
0.204867
-0.012277
-2.810924
-0.027705
-1.225437
0.003285
-0.002436
0.092451
0.007653
-0.001499
-0.034411
0.003523
-0.000249
5.323670
0.347119
0.084033
0.014105
0.001563
-0.000413
2.488129
-0.000037
0.022774
-0.002842
0.073432
0.009539
-0.001819
0.249666
0.237963
0.084029
-0.002400
0.022451
-0.004828
0.152098
0.027291
-0.050197
-0.005811
0.022490
-0.567667
-0.189344
-0.013399
0.009793
0.270489
-0.127401
-0.000956
0.000454
0.000312
-0.210085
-2.365269
0.000173
-0.008535
-72.556303
0.000016
-0.130834
-0.003385
-0.062306
-0.003032
0.014868
-0.000115
0.000001
-0.091747
-1.058178
-0.080517
1.467455
-0.041457
-0.092930
0.303038
-0.134907
0.032147
0.000193
-0.010940
-0.105118
-0.050950
-0.000423
-0.523442
-0.626719
-1.160561
-0.002835
-0.838945
0.240174
0.000069
0.042493
0.263139
-0.055215
0.131332
-0.117512
0.827343
12.544449
0.669876
0.000792
-0.016035
-0.008528
0.037817
0.627535
0.536341
-1.040630
0.003903
-0.000001
0.995451
-0.005587
0.012318
-0.048179
0.438521
0.075019
-0.008070
0.042438
0.002746
0.000263
-0.059304
-0.004369
-1.601482
0.001259
0.012242
-16.461721
-0.025813
0.002218
0.054306
-0.443807
0.016101
-0.022553
0.000381
0.087236
-0.001669
-0.004817
-0.237157
-0.031733
-0.373118
-0.000253
-1.235246
0.000001
-0.175675
-0.000008
0.174452
-0.393775
0.139873
-0.523282
0.002562
-0.005110
-0.000246
-2.698659
-0.417923
0.015871
-0.134490
-0.038379
-0.298117
-0.330546
-0.170912
0.000479
-0.000381
-5.887407
-0.379839
-0.084890
-0.188221
-0.189120
-0.000431
0.000037
0.000771
0.067099
-0.478343
0.000135
0.221802
0.003849
-0.031058
-0.001291
-0.047838
0.029388
0.090855
-0.181581
0.078845
0.706272
-0.005366
-0.073573
0.016202
-0.063888
-0.185812
-0.000140
-0.305966
-0.019355
0.020321
-0.024907
0.928621
9.156944
0.015682
0.000020
0.020985
0.019216
-0.011443
0.007864
0.000973
0.000741
-0.028859
-0.592186
0.002615
0.029251
-0.010486
-0.011703
4.914372
0.021417
-3.760834
0.005834
-0.038613
0.002466
-0.000014
-0.001855
-0.009590
0.006363
-0.236168
0.025258
-0.004556
-0.043595
1.187695
0.312578
-0.447093
6.946844
-0.013505
0.003043
0.001825
0.002147
-0.575947
-0.100982
0.024387
-0.131451
-0.817526
-0.055049
0.073042
-0.010706
-0.026660
0.300118
0.000001
0.010196
0.003724
-0.286320
1.510768
0.030741
0.000155
-0.000295
-1.166150
0.012058
0.026061
0.004699
2.242260
-0.001317
0.000000
-0.141069
-0.457630
0.070086
0.028070
2.359966
-0.000118
-0.129241
-0.630388
0.000092
-0.001624
0.313210
0.017731
0.020066
0.007107
0.003968
0.000355
-0.004614
0.010195
0.025552
2.925862
-0.019643
-0.000003
-0.000264
0.003028
0.001330
0.000115
-3.356038
-0.486028
0.001188
0.000267
0.661277
0.029268
-0.619436
0.006936
0.134908
-0.000027
0.745338
0.320681
-0.002915
0.197037
-0.028999
0.395780
-0.653511
-0.015385
0.000049
0.077821
0.011815
-0.000013
0.002400
-0.000063
0.061503
0.017684
0.527495
-0.000783
0.002690
0.243603
-0.007866
0.383339
0.000031
0.030190
0.000001
0.000005
-0.114020
0.099045
-0.000044
0.009261
-0.247099
-0.341506
-0.090471
-0.000249
0.021690
-4.838269
13.776646
-0.094707
0.341306
-0.057268
-0.078463
-0.017574
0.542694
0.381573
0.000840
-0.003936
0.090003
0.025918
-0.030005
0.000940
0.038055
0.000038
-0.096648
-0.007321
0.056854
0.020587
-0.093871
-0.027108
-0.743808
0.110651
0.876487
-0.051629
-1.192509
-0.032302
0.037010
-0.162381
-0.066828
-0.000002
8.143050
0.002743
-0.015247
0.300465
-0.002143
-0.163043
0.005038
-3.249745
0.004212
0.000043
0.749067
0.130013
0.311314
-0.014031
0.000016
4.926952
-0.055394
0.435246
0.367027
0.004237
0.002011
0.006811
0.000103
-0.012049
0.000227
-0.008895
-0.014041
-0.000972
0.006300
-0.318094
-0.001203
-0.277734
-0.077185
-1.644189
0.296914
-0.422330
0.000395
-0.095895
-0.156213
-0.000165
-0.007452
-0.010350
0.003158
0.957224
-0.003882
0.000596
-0.040707
0.012892
0.122691
0.000001
-0.021615
0.054699
-0.004385
-0.000200
-0.002871
0.366483
2.159949
-0.074761
-0.000017
-0.518949
0.000974
-0.013936
0.000835
0.002197
0.000181
-0.000742
-0.006800
-0.070962
-0.000688
-0.661994
-0.012149
-0.004423
-0.113210
0.000129
-0.074107
0.002138
0.004784
-0.015860
0.154401
0.000573
-0.020651
-0.000511
-0.000272
0.000061
0.000412
-0.011819
0.061696
0.000795
0.000469
-0.002102
-0.024322
0.022144
-0.225312
-0.003789
0.045918
0.002184
-0.005383
-0.005889
-1.267968
0.133688
0.021094
-0.004308
-0.033212
-0.001384
-0.001598
0.003068
0.001172
-0.000475
0.070223
-0.791426
0.022996
-0.219994
-0.317124
0.175686
-0.000020
0.003560
0.026617
0.000178
0.412728
-0.007798
-0.004744
-0.015544
-0.000034
-0.009723
0.026411
0.034794
0.133481
-0.000038
0.000004
-0.071481
0.026969
-0.001729
-0.000261
-0.136364
0.011811
-0.000141
0.335272
0.023224
-0.007614
-0.000360
0.001013
-0.005215
-0.000132
0.001791
0.738792
-0.039004
-0.274049
0.000264
-0.000617
0.009674
-0.001692
0.000000
-0.000615
0.001461
-0.006096
0.000838
0.314285
-0.000993
0.000009
0.000025
0.044280
0.000014
0.007765
-0.000958
0.004097
-0.005701
0.015149
-0.000079
0.000849
-0.047945
0.033663
0.091557
0.015852
-0.050531
0.017029
-0.761675
-0.207082
-0.209182
0.000159
0.000003
-0.904263
0.000024
-0.012102
-0.005595
-0.008830
-0.040418
0.018755
0.015366
0.000975
-0.076609
-0.007300
-0.000977
0.625051
0.000228
-0.000600
-0.108410
-0.081365
0.044549
-0.005574
0.001663
0.068387
0.045715
-0.001027
0.017119
0.004971
-0.026341
-0.000246
-0.009223
-1.013829
0.008019
0.000000
0.000278
-0.000036
0.279693
-0.001363
0.288439
0.004125
-0.000009
0.026692
1.259283
0.000001
0.000054
-0.216073
0.077818
-0.001160
4.692655
0.085067
-0.010543
0.005715
-0.022496
-0.000010
0.000006
0.222260
0.000554
-0.009364
-0.007049
0.000001
-0.000669
0.040134
0.000569
0.000813
-0.354786
-0.046608
-0.004035
0.059753
0.078395
0.337330
-0.000158
-0.004941
-0.000130
-0.000120
-0.001097
-0.070608
0.273711
0.044644
-0.608571
-0.276735
-0.140567
-0.039545
-0.001388
-0.000022
-0.009063
-0.160106
-0.000015
-0.000012
-0.565420
-5.266190
-0.000637
-0.051881
-0.008042
0.000995
-0.002426
0.003921
0.183636
0.000252
-0.000236
-7.443098
-0.159795
0.001165
-5.180387
-1.413472
-0.028301
-0.001353
4.459936
-0.175563
0.000345
0.000487
-0.001247
0.012119
-0.030320
-0.000096
0.038651
-0.007062
-0.000016
0.012685
12.637344
-0.012767
0.000083
0.000686
0.001126
-2.654932
0.019172
-0.000310
0.560639
0.060919
-1.534952
-0.022089
-0.087446
-0.078501
-0.490135
-0.008047
0.000001
0.000040
-0.000708
-0.000169
-0.000055
-0.068260
-0.000908
-8.083118
0.000347
0.000073
0.508163
-0.001808
0.010876
0.005361
-0.027712
-0.000061
-0.179776
-0.468553
0.284523
-0.107497
-0.319550
-2.810748
0.010893
2.297756
0.000565
0.000016
-0.001719
-0.491408
0.056602
-6.672739
-0.000887
0.000830
-0.268610
0.000045
0.000001
0.000509
0.931991
0.392646
-0.005671
0.631191
0.000097
-0.002348
-0.003531
0.000083
0.000629
0.023790
0.017280
-0.002489
0.144513
0.317774
-0.000046
0.017837
0.000005
-0.005166
-0.016019
-0.000410
-0.044623
0.001398
0.896620
-0.000526
0.000014
-0.036137
0.000712
-0.000000
0.012026
-0.019306
-3.240543
-1.441058
-0.013771
-0.002376
-0.134824
0.000002
0.000628
-0.014682
0.000085
-0.004735
-0.110089
-0.000802
0.026023
0.185849
-0.000555
-0.000026
0.007212
-0.000090
-3.750990
-0.000154
0.000000
0.001193
0.058889
0.000006
-0.016754
-0.005332
0.002164
0.000535
0.004336
-0.018121
-0.000045
-0.004114
-0.038879
0.534645
-0.067095
-0.000043
-0.109137
-0.006921
-0.201665
-0.000089
0.251385
-12.586357
-6.972505
0.000038
0.015939
-0.001277
-0.000000
0.000487
0.004167
-0.000001
-0.002098
0.003886
-0.010801
0.034600
0.001725
-0.201567
-0.000464
0.173810
-0.145251
-0.019919
-0.094879
-0.021464
0.014820
-0.000804
-0.000014
-0.000255
-0.706874
-0.008462
0.827996
0.669574
0.005918
-0.029530
0.020099
-0.026557
-0.007730
0.003610
-0.001460
-0.007292
0.000012
-0.009304
-0.001850
-0.001022
-0.002483
0.000136
0.175055
0.114415
8.920484
0.005493
-0.055410
0.000004
-0.049185
-0.000067
0.057526
3.842715
0.002068
0.003350
0.003294
0.000005
-0.015988
0.767869
-0.016709
0.005199
-0.971439
-0.012827
-0.007070
0.000125
0.019834
-0.004373
-0.000001
0.262163
0.000026
0.000260
0.110177
0.062026
0.456155
-1.670329
-0.000001
-0.140639
-0.076004
-0.023900
-0.000619
-0.000962
-0.004142
0.000735
-0.016505
0.000031
0.006691
0.174177
-0.060902
0.000012
-0.892170
-0.008929
0.001667
-0.000000
0.018149
0.049842
-0.064515
-0.036539
-0.200992
-0.010229
-0.000007
0.000118
-0.428170
0.109066
-0.002833
-0.001909
-0.007231
-0.972689
0.014297
0.578046
0.000054
0.122843
0.550986
-0.009441
-0.082112
0.000924
-0.146222
-0.000009
-0.150968
0.002287
-2.152373
0.001435
0.000004
-0.422679
0.000100
-0.000034
-0.031797
-0.000074
-0.020254
-0.007605
-0.000138
-0.001805
0.009042
-0.076821
-0.000153
0.000096
-0.033786
-0.001600
0.003321
0.075362
0.019531
0.026355
0.000397
-22.829044
0.020144
0.001774
-0.000390
-0.000042
-0.005265
0.204846
0.002294
-0.177950
-0.000156
-0.030315
-0.012984
-0.134454
-0.005634
0.046257
-0.000837
-0.834731
0.015676
0.063333
-0.005632
0.174154
0.001719
-0.039649
-0.003331
-0.000259
0.101368
-0.000405
-0.190446
0.000417
0.000061
-0.000042
-83.251481
0.000664
0.000206
-0.000070
-0.688629
0.571654
-0.002424
0.003201
0.030455
0.000063
0.000186
-0.000011
-0.003747
-0.026742
-0.141939
0.000318
-0.000045
0.308056
-0.274216
0.191643
0.008698
0.041712
0.002965
-2.469110
1.852895
-0.053258
-0.001773
-0.289290
0.128586
0.001919
0.030892
0.000588
0.000008
-0.000577
-0.003951
0.144953
0.023022
0.000046
-1.555646
-0.000216
-0.007912
0.011583
-0.572047
0.005474
0.001798
0.000149
0.024111
0.108703
-0.052856
0.003196
0.303778
0.000404
-0.000720
-0.000148
-0.000014
0.255849
0.036130
0.003850
0.031518
-0.000763
0.037564
0.000221
-0.000030
-0.005537
-0.445578
0.000001
-0.000001
1.160733
-0.000066
-0.002239
-0.023635
0.056379
0.059328
0.082265
-0.001475
-0.123070
0.000006
-0.628718
0.239127
2.790224
0.000221
0.000016
-0.040641
0.494396
-0.000985
0.001301
0.000009
0.098347
0.004259
4.418387
-58.522052
0.000001
-0.111823
0.007666
-0.021849
-0.001364
-0.001739
0.335256
-0.149560
0.011366
0.000143
-0.061809
-0.005546
-0.013039
-1.050543
0.000001
-4.675543
-1.063774
0.000001
0.022489
-0.000114
-0.000049
-0.143526
0.390103
0.631453
-0.011376
0.399612
-0.130064
0.002201
0.512188
-0.000001
0.088657
-0.016911
0.001246
-0.819703
-0.000190
0.000000
-0.000010
-11.701085
-0.109726
0.002391
0.002109
-0.010109
-0.015001
0.002131
-2.465929
0.000011
-0.008439
-0.092134
0.020985
-0.143022
-0.524308
-0.011852
0.090682
0.005702
0.000000
-0.017513
-0.009429
-0.000002
-0.001822
0.001069
-0.018231
4.433401
-0.008768
-0.023919
-0.268268
0.000064
1.728745
0.000041
0.753047
-0.004980
0.022013
-0.065393
-0.000080
-1.091799
-0.068747
0.001000
-0.031516
-0.000012
-0.011384
0.140814
0.000034
0.313440
0.000000
-0.631505
-0.058092
-0.044694
-0.033869
-0.021419
0.059243
-0.002141
-0.797358
-0.017484
-0.001750
0.050512
0.000801
-0.004434
0.769851
0.004371
-0.002481
0.000017
-0.409496
-0.007020
0.439841
0.000014
0.001642
0.015396
-0.190281
0.002046
0.318657
0.295382
0.006808
0.000390
0.008768
0.053330
0.000053
0.000087
1.466531
-0.239783
-0.004472
0.001944
0.020422
0.694958
-0.003959
-0.001090
0.603457
0.027725
-0.061896
-0.000106
0.001067
-0.001985
0.090898
-0.208014
-0.154212
-0.000271
0.000136
-0.000100
-0.003702
-0.007903
0.000299
0.358212
0.000037
0.446250
5.034451
-0.347640
0.009787
-0.000002
-0.004980
-0.061763
-0.000477
-0.059756
-0.028875
0.103963
-0.040331
-0.008408
-0.061789
-0.008105
-0.029810
-0.010435
0.477826
-0.429469
-0.001841
-0.275402
0.000440
-0.034768
0.012037
0.000718
-0.001817
-0.002250
0.007921
-0.112975
0.000025
-154.257292
0.001408
0.175309
1.031284
-0.297184
-0.116312
0.107865
-0.014074
0.146988
-0.014097
-0.002990
-0.052426
-0.014090
-0.243753
-0.003558
0.149901
-12.116747
0.003323
0.001417
-0.009185
-0.000016
0.001018
0.008056
-0.001453
-0.002130
0.002388
0.000716
0.000158
0.063622
0.000893
-0.000018
-0.002765
0.011621
-0.656422
0.000740
0.000043
0.339678
-0.030293
-0.015972
1.070147
-0.003748
-0.000000
-0.015775
0.034124
-0.000218
0.005394
-0.000969
0.000087
-0.000216
-0.000615
-0.001928
-0.000457
0.014267
0.009767
-0.000281
-0.006599
-0.000017
-0.075045
-0.001095
-0.000395
6.084294
-0.002733
9.893161
0.012206
0.000201
-0.519179
-0.000456
-0.397794
0.265225
-0.020958
0.102165
0.049000
-0.693111
-0.008062
-0.000527
0.000119
0.007753
1.337075
-0.000082
0.146423
0.039682
0.110736
-0.025579
-0.034575
0.020811
1.201186
-0.083725
0.015421
-0.000428
0.017462
-0.008284
0.311640
-0.000026
-0.001876
0.034428
-0.104006
-0.332410
0.000009
-0.430476
0.089764
0.037581
0.872646
-0.080175
-0.000001
0.000475
-0.729675
0.001622
0.001493
0.000004
-0.002325
-0.067496
0.005888
-0.000003
0.104363
-0.000035
-0.253896
-0.006233
0.094064
-0.034096
0.021870
-0.000308
0.006236
-0.005489
0.007313
-0.013815
0.000167
-0.033170
-0.274220
-0.036461
-0.352862
-3.607877
-0.191941
0.000023
-0.013317
0.000054
0.000338
0.000113
-0.000033
-0.239509
-0.761816
-0.073072
-0.000003
-2.120274
-0.526753
0.141071
-0.013530
0.156293
0.000026
-0.266772
-0.088429
0.000061
0.017667
0.000041
-0.005771
-0.332502
0.056226
0.000409
0.004861
-0.000133
-0.333605
-0.454247
0.000090
-0.286920
-0.162810
0.011337
-0.738058
0.080449
-0.000007
-0.003652
0.001297
-0.000000
-0.044356
-0.000993
-0.001115
-0.000128
-0.856210
-0.000599
-0.001675
-0.112831
0.008089
0.142401
0.000076
-0.000178
-0.031473
-0.000030
0.106659
-0.000086
0.194102
-0.000045
0.000000
-0.143912
0.000061
0.000078
-0.244892
0.845104
0.015484
0.001787
0.000077
0.000002
-0.014023
0.093192
-0.009605
-0.001947
-0.003966
-0.003685
0.000001
-0.005548
-0.015216
0.000521
0.001814
0.013590
-0.000468
-0.871867
0.062960
-0.036035
0.000091
-0.000386
0.379990
0.001583
0.002562
-0.157754
0.001121
0.107933
0.000238
0.022707
-0.862015
0.176955
-0.013752
0.108854
0.009987
0.037123
0.041349
0.088658
0.236451
-0.005356
0.002478
-0.000778
-0.416521
0.119753
0.029441
0.631999
0.000154
-0.010430
-0.000008
-0.000001
0.000553
-0.100603
0.000000
0.355698
-0.002961
0.000134
-0.164184
3.418288
0.000123
-0.613053
0.074499
0.075363
0.021435
0.026073
0.234236
2.362597
0.299041
-0.005285
0.057212
0.000111
0.001518
-0.001551
-0.183024
0.077966
-0.073089
-0.055542
-13.637815
-0.038669
0.093883
-0.138738
0.000006
-0.251090
0.004054
0.008832
-0.000000
-0.034236
-0.327074
0.016803
-0.000003
-0.861674
1.020968
1.131893
2.301924
0.048047
-0.577349
-0.000070
-0.003676
0.004778
-0.000086
-0.261248
0.000119
0.050968
0.002641
-0.016665
-0.109334
0.183296
0.000654
-0.000639
-0.287352
0.529437
-0.015065
0.000049
0.627278
0.000004
-0.021743
-0.000001
0.001405
0.027593
-0.144073
-0.045139
-0.001713
0.278915
0.000076
0.005642
0.029386
0.000659
-0.231336
0.009817
-0.479504
-0.000116
-0.000559
-0.000411
0.000506
0.014933
-0.006937
0.003432
-0.706250
0.033515
-0.001330
-0.000063
-0.000486
0.431281
-0.100073
0.020085
-0.000470
-0.662797
-0.000551
-0.477226
-0.000112
-3.215700
0.000107
0.021528
-0.112997
-0.000031
0.000004
0.048460
0.030586
0.000100
0.206482
0.000213
-0.003787
-0.719569
-0.000001
0.041756
0.088582
-0.000022
0.006911
-0.000033
0.338954
0.000619
-1.864781
0.000099
0.639517
-0.026017
0.001067
-0.286891
0.086408
-0.000580
0.000015
-0.000009
-0.055241
-0.212078
-0.000292
0.001575
-2.730375
0.001240
-0.039888
0.912610
0.020073
0.000051
-1.478679
-0.007760
-0.028453
-0.000331
-0.182542
-0.000806
0.003910
-0.000848
0.063281
-0.405601
-0.158700
0.011543
-0.409049
0.381226
-0.000015
-0.373774
0.705396
0.004156
-0.082831
-0.000062
1.141649
-0.046851
-0.000232
0.032919
-0.001415
0.000256
-0.258026
0.004506
0.000479
2.378571
0.059624
0.000191
-0.001579
0.097636
-0.593409
0.000792
-1.093952
-0.000116
0.000219
0.126278
0.090581
0.000263
-1.338082
0.000244
0.003024
2.615392
-0.129567
-0.631702
-0.005555
-0.000815
-0.330526
0.001254
-0.453776
0.449367
-0.015530
-0.179738
-0.003028
-0.014548
0.088380
-0.015004
0.050703
0.000004
-0.000305
0.061591
0.001716
-1.261102
-0.000096
0.000000
0.005772
0.000006
-0.156079
0.000010
-0.110307
0.089311
0.362781
0.781746
-0.000011
0.008677
-0.000249
0.024012
-0.000527
0.000329
0.006214
0.003033
-0.195757
-0.001579
-0.023847
0.724662
0.001167
0.000651
0.093458
0.087527
-0.405859
0.000000
-0.082871
1.450897
0.026759
-0.004706
-0.392717
-0.004828
0.779975
-0.000012
0.002333
-0.000081
-0.098001
-0.000917
0.004637
0.004104
0.000670
-0.173382
-0.077217
-0.003888
0.001112
-0.000591
3.329277
-0.023840
0.098076
0.038537
-0.000088
0.005714
-0.061232
0.000104
0.000016
0.001014
0.001074
-0.011840
-0.000176
-0.000223
-0.000097
-0.065679
0.016270
0.007106
0.007354
-0.000678
0.000004
-0.000357
0.038662
0.001127
0.000000
0.050844
0.070866
-9.026852
3.789894
-0.000024
-0.000425
-0.184538
-0.003394
-0.046328
0.000630
-0.002382
-0.002612
0.007975
-0.831128
0.061849
0.001379
-0.020996
-0.003237
-0.003935
0.051437
-0.000170
0.000434
0.086005
-0.049516
0.008512
0.037492
-0.010021
0.018222
-0.023526
-0.057059
-0.002863
0.000372
0.001100
0.000732
0.000023
0.010267
0.239056
0.110292
0.018880
0.001204
0.196957
-0.000206
0.010225
0.000005
-0.001704
-0.001337
-0.000003
-0.000033
0.000117
-0.000007
0.000523
0.000069
-0.011551
0.003438
0.014679
-0.015704
0.000002
0.001522
0.038405
0.004761
0.010541
-0.003389
-0.000114
0.000001
0.002671
-0.016367
-0.000102
0.001316
-0.017624
0.000695
0.000017
1.213087
0.619286
0.000219
-0.000011
-0.025368
-0.000002
-0.045193
-0.000275
0.003065
0.000124
0.016943
0.002426
-0.000315
0.000204
-0.034076
0.021099
-0.037264
0.274867
-0.000000
0.000014
-0.973231
-0.034423
-0.517932
-0.000666
0.003460
0.250470
0.211470
0.000000
-0.002004
-0.279439
0.000006
-0.006285
-0.000535
0.001206
-0.010783
-0.955639
-0.036321
0.002291
-0.215236
-0.201746
-0.934543
-0.855291
-50.550974
0.074424
14.778742
-0.000182
-0.000672
-0.004525
-0.025831
0.600342
-0.140555
0.001499
0.507294
-0.119063
0.429895
-0.280829
-0.000253
-0.012083
-0.000529
-0.014161
-0.000007
-0.000060
-0.000080
0.000098
0.004215
-0.030241
0.000184
1.249263
0.406112
0.045074
-0.213060
-0.010514
-0.000006
0.114250
25.064434
-0.005725
0.000000
0.120361
0.000048
0.298148
-0.008285
-0.001108
0.928188
-0.000019
0.006650
0.000456
-0.000275
-0.000091
-0.004257
0.001871
0.000675
0.198614
-0.016949
-0.002017
-0.000116
-0.000424
-0.134712
-0.329705
-0.001520
-0.000128
-0.000179
0.000080
-0.000199
-0.025382
0.005699
-0.000002
0.357218
0.000567
-0.000018
0.000786
-0.000008
-0.000010
0.284172
0.735506
0.000184
-0.000268
0.000039
-0.000011
-0.003199
-1.202782
-0.008392
-0.109880
-0.077195
-0.034117
-0.006135
0.002027
-0.000036
-0.197197
0.001097
0.102389
-0.686169
-0.007721
0.000001
0.010749
-0.235452
-0.001076
0.008241
-0.002869
-0.031364
0.784369
0.009067
0.013492
0.005183
-0.007586
0.000009
0.001953
-0.000006
0.092060
-0.044738
0.000012
-0.001065
0.003808
0.059970
0.092843
0.027774
-0.225459
0.003476
0.001994
0.597563
0.087020
0.000007
-0.017753
0.013178
-0.000004
0.089790
-0.028210
-0.028200
0.006344
-0.018277
-0.500808
-0.000047
0.008696
0.022515
-0.033798
0.000000
-0.003354
-0.000001
-0.000085
0.108626
-0.000007
-0.090294
-0.001297
-0.000117
-0.001684
-0.000381
-0.283455
-0.621465
0.010633
0.000054
-0.000009
-0.012138
-0.015094
0.014439
0.078595
0.000055
-0.074858
1.911187
-0.005394
0.007851
-0.000354
-0.013930
0.010671
0.040789
0.416921
-0.137833
0.125749
0.000243
0.015896
0.007741
0.008253
0.040674
0.002537
-0.015528
0.527119
-0.112511
0.003172
0.079968
0.020961
-0.000004
9.627516
-0.024976
-0.022451
-0.000865
-0.000342
0.030336
-0.177518
0.050399
-0.177330
-0.000988
0.000029
0.000443
1.260208
0.409245
-0.011222
0.012318
-0.000007
-0.176460
0.003522
-0.225129
-0.000043
-0.003206
0.000149
0.000539
2.590371
-0.110827
-0.352449
-1.078535
0.049219
-0.001271
-0.000019
0.113765
-0.000012
-0.000004
-0.004559
0.042598
0.100843
-0.053586
0.012512
0.000013
-0.144772
-0.001257
-0.089447
-0.001152
58.095654
0.009524
0.010007
0.010612
0.002239
0.016940
-0.053122
-0.018970
0.009217
-0.120051
-0.325386
-0.003379
-0.000560
-0.174494
0.712922
0.116927
-0.035769
0.000091
0.001137
-0.004878
-0.000070
0.004504
0.175382
0.070513
-0.004454
0.030784
0.023588
0.031661
-0.117606
0.016129
-0.000973
-0.165548
0.002477
-0.115352
0.004232
0.024098
0.032336
0.951695
0.245035
0.004850
0.000000
-0.635886
0.000184
0.574507
0.000618
0.251453
-0.232236
0.414842
-0.134319
0.082026
-0.050943
-0.321999
0.001362
-0.398459
-0.003149
0.004444
-0.000967
0.488417
-0.218959
-0.078009
0.221136
-0.000087
-0.000000
2.262868
-0.000699
-0.000011
0.032443
-0.184117
-0.069686
0.019399
0.001107
-0.000189
-0.068535
-0.017670
0.283003
0.000038
0.029516
0.005789
-0.289451
0.016299
-0.000179
-0.001029
-0.281195
-0.002629
0.206795
0.001331
-0.000671
-0.000034
0.702945
0.000164
-0.001817
-0.079707
-0.023720
-0.081496
-0.198555
-0.000294
0.001611
0.055722
-0.000003
0.263877
-0.666012
-0.475060
-0.003157
0.001011
-0.000024
0.063232
-0.000002
0.016778
0.001477
-0.182785
-0.000173
0.002886
-0.000015
0.052325
0.007417
-0.843228
0.010896
-0.075991
-0.514669
0.023879
0.092365
-0.001039
0.478303
-0.002179
0.000028
-0.000945
0.000100
-0.000303
-0.049221
-0.000507
-0.013053
0.107287
0.440234
-0.445072
-0.011676
0.000200
0.000006
-0.027558
0.002280
-0.013739
0.199889
0.022779
-0.002137
-0.002501
0.009384
0.008791
0.000000
0.010156
-0.036914
-0.111609
-0.003086
-0.389849
0.002648
-0.012704
-0.000003
-0.034491
-0.621366
0.010184
-0.001193
0.553598
-0.001492
0.000017
-0.001573
0.001832
-0.000097
-0.000001
-0.000062
0.009994
-0.180472
-0.232671
0.006748
0.469978
0.015423
-0.258719
0.034330
0.002186
-0.000082
0.430034
0.013700
-0.030793
-1.017722
0.013209
-0.000024
0.120862
0.177630
-0.041265
-0.000003
-0.020700
0.430889
-0.732660
0.037663
-0.060596
0.017368
0.003595
-0.000022
-0.001032
0.000468
0.000003
-0.000001
-0.019915
0.007382
0.011544
-0.000022
0.163235
0.000677
0.011992
0.002011
0.086840
0.000633
-0.009933
0.000025
0.000248
-0.054106
0.406807
-0.000344
-0.193909
-0.943303
0.108690
-0.000126
-0.001115
0.055435
0.054485
-0.004376
-0.001018
-0.034006
0.287613
0.009512
-0.000007
-0.001327
-0.000000
0.003341
0.000530
-0.038148
-0.432755
-0.006977
-0.020491
0.000032
-0.000256
-0.021939
-0.034600
0.040208
-0.000000
-0.001751
0.183671
-0.000121
0.032745
-0.476250
-0.009741
-0.443879
-0.000294
0.000731
-0.000014
-0.000426
-0.185850
-0.014285
-0.000189
0.209202
-0.001571
-0.000243
0.000006
0.215338
-0.044180
0.000177
0.200443
-0.502604
-0.031345
0.003974
-0.003379
-0.569870
1.121219
0.003912
-0.000097
0.001406
0.039066
-0.004716
-0.000599
0.003443
0.884845
0.412016
0.444943
0.288955
0.000026
0.001917
-0.002890
-0.135754
0.101826
0.136164
-0.027197
-0.267633
0.000532
0.000353
-0.005568
-0.045175
0.023448
-0.002655
-0.001248
0.043060
2.131943
0.061998
-0.000382
0.000014
0.016147
-0.000621
0.034888
-0.002836
0.026903
-0.004996
-0.000099
0.035483
0.000215
-0.101644
-0.495785
-0.000212
-0.391903
-0.152190
0.070298
0.331586
-0.018080
-0.652690
0.727539
0.029276
-0.890487
-0.037923
0.003493
-0.000781
-0.992523
-0.002336
0.000020
0.000536
1.148818
0.000453
0.209810
-0.000263
-0.010899
0.007543
-0.000016
-0.000213
-0.000140
-0.001187
0.055517
0.038802
-0.037992
2.868832
0.180272
0.058787
-0.000055
-0.014970
-0.000002
-0.080032
0.000072
-0.000539
-0.000342
-0.005607
-0.000070
-0.066637
-0.000266
0.000600
-0.000000
0.032808
-0.002983
-0.094008
-0.015965
0.033275
-0.301081
0.001898
0.358775
-0.000007
-0.003700
0.050848
-0.008888
-0.001568
0.000997
-0.025993
0.000395
0.001999
-0.000563
0.015706
0.107334
0.000626
-0.115060
-0.000975
-0.000783
0.000043
-1.317767
0.807683
-0.074234
0.171177
0.919378
-0.004551
-0.041900
-0.000882
0.198484
0.078732
0.000005
-0.458037
-0.000029
0.000183
-0.130602
-0.000040
-0.002993
0.000659
-0.000319
-0.002045
0.011703
-0.000014
0.002890
0.140799
1.108689
-1.506362
-0.000005
-0.011010
-0.000004
0.060329
-0.278240
0.373824
0.663064
-0.000195
-0.027671
0.011145
-0.000107
0.000001
-0.000006
-0.082543
0.036510
0.173137
-0.000491
0.000466
0.000165
1.798430
0.002632
-0.000000
0.806993
-0.000903
-0.001474
-0.000483
0.001166
-0.384496
0.062117
-0.019056
0.717366
2.424027
1.788050
-0.000216
0.000964
-0.000067
0.005333
-0.165530
-0.000119
-2.110710
0.000344
1.066724
-0.000957
-0.003341
-0.000081
-0.000050
-0.002519
-0.162732
0.005018
0.000930
-0.000797
0.017705
0.000069
-0.000105
1.133302
-0.265706
0.030542
-0.002855
-0.263599
0.000001
0.055049
-0.369323
0.043151
-1.585733
0.000391
0.000005
0.000111
0.001264
0.000001
0.209032
-0.000410
-0.000001
-0.556986
0.000043
0.011039
0.091259
-0.000055
0.094549
-0.644017
1.142771
-0.986258
0.114935
0.059543
0.082134
-0.014141
0.000002
0.002517
0.055246
-0.000091
0.003367
-0.013472
-0.002611
0.000040
-0.359714
0.593172
-0.000000
-0.002987
-0.001614
0.161737
-0.382299
-0.001681
0.131705
-0.003409
0.013241
0.556250
0.042853
-0.000418
0.005745
-0.002349
-0.338007
0.028558
-0.009948
-0.122777
0.000055
-0.127192
0.015918
-0.002100
0.007289
-0.167655
-0.000006
-0.000019
0.000039
-0.611924
-0.459413
1.154519
0.150079
-0.009617
-0.250621
0.076377
0.826625
-0.000320
1.178977
0.039993
-1.368524
-1.063758
0.000001
-0.000659
0.000038
0.036792
0.140342
0.715108
0.973100
-0.012361
0.003939
0.001709
0.001228
0.146183
-0.290394
-0.024196
0.102521
-0.023908
0.054933
-0.372885
-0.000024
0.121652
0.000027
-0.046582
-0.001458
-0.000030
0.168929
-0.035932
-0.000858
-0.022951
0.037943
-0.009149
-0.050637
-0.000528
0.004660
0.000436
-0.006278
0.000137
0.000002
0.001138
0.165296
-1.499797
0.000128
0.876154
-0.000280
0.000062
0.170297
-0.001439
0.027219
-0.000037
3.080970
0.009991
-0.340466
0.000003
-0.951175
0.382865
0.000001
-0.116728
1.499240
-0.000948
-0.106428
0.000008
0.001631
-0.068100
-0.002270
-0.006375
-0.002514
-0.240805
0.456143
0.000632
-0.012434
0.001564
0.122272
-0.009430
0.071323
0.081099
-0.000016
-0.030639
0.016207
0.000043
-0.371058
0.000019
0.000062
-0.011421
-0.000153
0.068770
0.008589
-4.491824
0.000927
-0.000000
-0.000630
-0.001214
-0.000030
-0.112672
-0.002417
0.437092
-0.041606
0.023357
0.000004
0.089863
-0.000048
0.004097
-0.167118
-8.167046
0.000002
-0.007274
0.090957
-0.487851
-0.168171
-0.027569
-0.105661
-0.000001
0.000765
0.000007
-0.001371
-0.000028
97.664921
0.000002
-2.592702
-0.093849
2.710407
-0.146739
-0.000549
0.112065
-0.219014
-0.000016
0.182335
0.000000
-0.000180
-0.000115
-0.000001
-0.202694
-0.000188
-0.002942
-0.000107
-0.024212
0.007497
0.063109
0.001169
-0.000000
-0.000237
-0.000188
0.035964
-0.000841
-0.000389
0.024073
0.000006
0.000005
-0.000024
0.013269
0.029385
-0.009208
0.039280
0.003833
-0.000043
0.000030
0.102927
-0.000451
0.000308
-0.889475
0.001982
-0.092427
-0.375507
-0.004416
0.000007
-0.001458
-0.416189
-0.002953
-0.039831
0.037603
0.000306
0.000375
0.002187
0.034790
0.568448
-0.477120
0.299859
0.000002
0.000030
0.152190
-1.212813
-0.157393
-0.005779
-0.000083
-0.014723
-0.001273
-0.031600
0.014459
0.008737
-0.000079
-0.006028
-0.428505
-0.802402
-0.000006
0.000029
0.017520
-0.000962
-0.004676
0.030493
0.003671
-0.113672
-0.000164
-0.041630
-0.038954
-0.000025
0.002352
0.000825
-0.082037
0.171216
0.004745
0.001461
-0.030432
0.543602
0.156848
-0.003702
0.005052
0.000026
-0.174196
-0.004900
-0.000062
0.070982
-0.226541
-0.001928
0.395745
-0.125132
0.000003
-0.195504
0.003048
-0.000030
0.000020
-0.144746
-0.020858
-0.000000
-0.000844
-0.001000
0.000006
0.019173
-0.004482
-0.000124
0.063370
0.000583
0.254940
-0.000329
0.175630
-0.113833
0.000133
0.000118
-0.078712
-0.000093
-0.215250
-0.033482
-0.000006
-0.011994
-0.000022
-0.126690
2.766858
0.000287
-0.483501
-0.016454
0.032966
-0.112500
0.001401
0.000000
-0.000004
0.000182
-0.000029
0.231408
-0.000033
0.000205
-0.001990
0.013643
-0.174280
-0.000165
-0.004332
0.004676
0.005984
0.010064
-0.000081
0.200966
-0.051903
-0.000366
0.148013
0.042251
0.623944
0.000029
-0.824334
0.014275
-0.000021
0.000049
0.006172
-0.000096
0.317874
0.125613
-0.000060
0.259558
0.011000
-3.409359
0.274783
-0.285721
-0.000002
-0.001480
0.036790
0.001105
0.000075
0.001191
-0.002533
0.345668
-1.513953
-0.004455
-0.058148
-0.038717
0.105158
-0.126769
-0.001430
0.005590
0.073547
-0.008790
-0.003319
-0.000000
-0.000207
0.019898
-0.781757
-0.168933
0.026150
-0.000413
0.761738
-0.246815
0.013428
-0.000001
0.091350
0.000510
0.001011
-0.001028
-3.339824
0.006425
0.005927
-0.408817
0.000059
0.593397
-0.000344
-0.170009
-0.000008
-0.029316
-0.661589
-0.000024
0.000008
0.004244
-0.000001
0.265988
0.000163
-0.007109
0.001317
-0.000085
-0.567299
-0.003466
0.008106
-0.021724
-0.000032
0.094312
-0.003059
-0.000023
-0.073157
-0.001268
0.091165
1.372103
0.001271
-0.000336
0.045042
0.017182
-59.832323
0.128948
0.059436
-0.003356
0.000136
-0.491326
-0.000002
-0.000000
0.081955
-0.000001
0.154155
0.156052
0.046583
0.000005
0.034751
0.038158
0.002117
0.163586
1.034488
1.124375
0.001176
0.281909
-0.000676
0.003480
-0.276474
-0.000000
0.019076
-0.005363
0.096608
0.393997
0.266146
-0.343834
0.000005
-0.019151
0.000075
-0.008693
-0.000023
0.000372
-1.129738
-0.014467
0.000002
0.015407
-0.002279
1.074225
0.054565
-0.015446
0.000144
-0.008067
0.638108
0.262172
-0.443331
-0.024193
0.000317
-0.276925
0.002668
0.000365
0.168305
-0.000011
-0.012154
0.000571
-0.000001
-0.558717
0.000004
-0.000104
0.006491
1.237756
0.000070
-0.010237
0.000548
-0.000018
238.244730
-0.737029
-0.015488
-0.000000
-0.001600
0.000419
-0.000295
-0.257733
0.000002
0.001264
-0.126359
0.000221
-0.000001
0.168851
0.057024
0.519778
0.000402
0.000201
-0.005630
0.000042
0.000045
-0.029646
0.253785
-0.002734
0.000347
0.000190
0.007825
0.226004
0.012381
-2.860081
-0.022519
0.000004
0.000290
0.127913
-0.727778
-0.000016
-0.208088
0.000189
-0.000132
0.000005
0.007400
-0.000022
-0.933134
0.000529
0.002281
0.367885
-0.000042
0.013932
0.005932
-0.077121
-0.305865
0.216178
-0.001018
0.011303
-0.000483
-0.000099
-0.003813
0.000018
0.053346
0.750752
-0.001588
-0.000309
-0.000362
0.149952
0.334830
0.000612
-0.586038
0.015965
0.000358
-0.000745
-0.403405
0.008000
0.248500
0.000312
0.409914
-0.880910
-0.000166
-0.000398
-0.000798
-0.000028
-0.000013
-0.006842
0.000265
0.000275
-0.008037
0.000706
0.000002
0.026643
0.026660
0.000620
0.003014
0.034815
-0.000111
0.116254
0.012281
0.000009
-0.057431
-0.407236
-0.000001
0.051222
-0.008572
-0.042576
1.745730
0.000038
4.583768
0.013953
-0.001687
0.000052
0.007360
-0.001984
-0.021866
-0.001268
0.222097
0.005507
0.001717
-0.005248
0.000177
0.077617
-0.000672
0.014088
0.044506
-0.000002
-0.019741
0.000932
-0.000000
0.000000
-0.036502
0.258149
-0.000000
0.000001
0.965208
0.237945
-0.000000
0.047038
-0.252864
0.000638
0.000187
0.003778
0.000012
-0.046376
0.017045
0.003841
0.011654
0.005632
-0.018509
0.110299
0.073663
-0.000100
0.192406
0.000890
0.000298
0.007010
0.397403
0.000089
-0.426013
0.001208
-0.064748
-0.200990
-0.028708
0.000000
0.425137
-0.000333
-0.000056
-0.248743
0.272892
-0.012975
-0.006265
0.013709
-0.000768
0.004733
-0.000003
-0.001684
-0.000028
0.000009
-0.000035
-0.330376
-0.000006
-0.079819
0.017833
0.001232
0.206716
-0.039005
0.087573
-0.000001
0.000726
0.000007
0.002140
0.302799
0.000650
0.008176
-0.338304
0.161264
4.212060
-0.027401
0.000743
0.000252
-0.000323
0.021656
0.000087
-0.000137
0.008639
8.575865
0.010934
0.003388
-0.006346
-0.008755
-6.354466
0.000001
0.069123
0.146610
-0.000003
-0.002640
0.000767
-0.000023
-0.026205
-0.021143
0.000001
0.126560
0.000182
-0.118576
-0.016511
-0.002636
0.000121
0.018369
-1.363281
-0.623619
-0.001579
-0.000037
-0.057498
0.000460
-0.344844
0.016934
-0.035746
0.393695
-0.006998
-0.000065
0.063896
0.153413
0.241569
-0.002370
-0.005115
-0.000005
-0.000003
0.000098
2.498095
-0.000048
0.058792
-0.041221
0.000042
-0.000118
-0.052134
0.038361
0.273286
0.170825
-0.000893
0.000203
-0.028400
-0.046334
0.073743
0.000355
-0.000000
0.208259
-0.000272
0.332400
-0.001977
0.307386
-0.086317
0.000187
0.000894
0.218248
0.000165
0.008994
-0.172132
0.328121
0.507722
-0.000047
0.003316
0.001018
0.018996
0.047846
0.082278
0.003620
-0.001281
0.011121
-0.007497
-0.099962
-0.104714
-0.033697
-0.000042
-0.005741
0.001847
0.027550
-2.304339
0.084664
0.108529
-0.030985
0.005063
-0.008841
1.571731
-0.000733
-0.010674
0.007112
-0.080461
0.000016
0.001456
0.099057
0.066708
-0.107248
-0.503616
-0.000014
-0.711860
0.001338
-0.647503
-0.142216
-0.010881
0.000000
2.684199
-0.306454
0.000062
0.000147
0.000129
-0.145361
1.159743
0.000772
-0.005564
0.098188
0.004258
0.035699
-0.016186
0.340031
0.064546
-0.005886
0.000562
0.000123
0.359663
0.223568
0.067611
-0.100829
0.000042
-0.005174
0.000062
0.453863
0.026957
1.768709
0.155939
-0.000064
0.175037
0.000518
-0.000157
0.000482
0.291666
0.115795
0.000062
-0.000559
-0.174805
0.025045
-0.233614
0.001731
0.488618
0.358732
0.001201
-0.154613
-0.019158
0.030573
-0.921376
-1.432024
0.026804
0.963380
0.000176
0.006479
0.388628
-0.052079
-0.000467
0.301340
0.031389
-0.185099
0.164367
-1.541876
-0.053982
0.000139
-0.340608
0.043029
-0.057516
0.364991
-0.000148
-0.217811
0.025286
-0.000022
-0.043937
-0.010129
-0.010501
0.000005
0.009310
-0.001331
-0.012928
-0.037794
-0.001069
0.299954
0.000260
-0.124681
6.155733
-0.002874
-0.000282
-0.003656
-0.151171
-0.020292
0.042688
-0.000090
0.193388
0.000029
0.002858
-0.000001
-0.003533
0.008651
-0.000412
0.093810
0.000267
0.013022
0.000174
0.931267
-0.002529
-0.137490
-0.217934
0.000001
0.015044
-0.100989
-0.221361
0.006695
-0.003862
0.103445
0.001140
0.021053
0.040106
-0.031765
-0.000986
-0.000111
-0.000355
0.000040
-0.001762
5.224928
-1.132581
-0.045694
0.983498
0.033225
0.287157
0.002707
-0.000208
-0.010998
-0.000000
-0.020875
0.003171
0.105248
0.078630
0.000582
-0.008541
-0.036801
0.000007
0.000413
-0.012768
-0.210048
1.690730
-0.000175
-0.110883
-0.825358
-0.018098
0.028528
0.000578
-0.000003
0.157842
-0.078388
0.612946
-0.214021
-0.003816
-0.030796
0.000043
0.004615
0.000001
0.000066
0.602474
0.587338
0.000111
-0.009132
-0.015735
-0.375510
-0.014992
0.277182
-0.141384
-0.000105
0.002422
-0.000750
0.000000
-0.984225
-0.000446
0.042547
-0.019507
0.000555
-0.273664
-0.051866
1.057358
0.026486
0.000021
-0.001713
-0.002076
-0.001592
-0.000842
-0.003329
-0.000178
0.004475
0.000001
-0.001240
0.000074
0.011782
1.347443
0.060325
-0.023803
0.001391
0.103540
0.000074
-0.177268
-0.000006
0.001482
-0.000000
-0.000666
0.027933
0.220502
0.001334
0.000010
0.000064
0.098501
0.000014
-0.000477
0.126448
0.000285
-0.052394
0.000018
0.031338
-0.000284
0.159651
0.000066
-0.000282
-0.224753
0.185650
0.000192
-0.002046
0.001334
-0.010199
0.004804
0.423295
-0.240035
0.198019
0.069552
-0.116072
-0.000781
0.128318
0.000526
0.000762
-0.167802
-0.009842
0.030941
0.000959
0.009026
0.000728
-0.000124
0.189771
0.000188
-0.604234
0.000058
-0.000033
1.710068
-0.000478
-0.138629
-0.063033
-0.000087
-0.144313
-0.000002
0.132925
-0.000283
0.186400
-0.387644
0.148467
0.011773
0.000051
0.000062
-0.000277
-0.022167
-0.005124
0.012562
-0.000003
0.047996
0.003551
-0.369600
-0.000235
0.000003
-0.000011
0.003379
2.118435
-0.018148
0.000053
-0.000077
0.000435
-0.001716
-0.008609
48.427889
-0.000246
0.140077
0.000078
0.006451
0.001345
-0.071049
-0.253486
-0.000000
-0.010181
-0.005091
-0.021328
-0.000049
-1.701297
-0.000639
-0.003468
0.000200
-0.000001
0.000683
0.000038
-0.000466
-0.010286
0.000388
92.584469
0.000027
0.599338
-0.000006
0.723024
0.004908
0.118038
-0.103462
0.013926
0.000047
0.000383
-0.072547
3.946574
0.194599
-0.121124
-0.165796
0.103046
-0.663733
0.001460
0.046147
-0.000178
1.687383
-0.135924
0.046664
0.000112
0.041225
0.460702
0.001036
-0.217577
-0.041677
1.265983
0.030579
-0.000047
-0.002313
-0.000033
-0.003352
-0.000003
0.003380
-0.062356
0.000008
-0.014424
0.002987
0.219130
-0.021707
1.089097
-0.000022
-0.007666
0.005272
-0.273941
0.000002
0.001522
0.021212
0.001433
0.121690
0.034942
0.095399
0.000176
0.003062
0.002152
0.001310
-0.829579
0.006504
0.471727
-0.000192
-0.610368
-0.000216
0.002933
0.000308
0.203399
0.005705
0.482771
0.002803
-0.040083
0.000207
0.000899
-0.056863
-0.003624
-0.748970
-0.096907
0.003481
0.229970
0.264989
0.000024
0.064681
-0.017530
-0.354358
-0.506509
-0.000009
0.002695
0.036094
-0.106405
-0.492264
-0.237866
0.191430
0.105943
-0.011866
2.607927
2.788004
0.019978
-0.131619
-0.586967
-0.056103
-0.002351
-0.020170
0.566424
0.000000
-0.002419
0.449373
-0.000175
0.056483
-0.184674
-0.014646
0.000007
0.000444
0.000001
0.000006
0.057590
0.182053
0.000050
-0.009712
0.000098
0.022861
0.129032
0.000273
-0.125162
-0.000083
0.928682
-0.003394
-0.057554
-0.013284
0.009072
0.001711
0.002583
-0.000068
-0.000386
-0.439042
-0.000726
-0.000001
-0.007647
0.000007
-0.000279
0.000000
-0.342833
-0.004680
-0.270921
0.075734
0.013659
-0.000299
-0.000633
0.022573
0.013233
-0.077807
0.001349
-0.163458
-0.242120
0.008658
-0.009047
-0.927926
0.018740
-8.895815
0.000000
-0.122755
-0.740693
-0.114294
0.000030
0.000075
-0.151755
-0.002655
0.001436
-0.001997
-0.006778
0.045131
-0.000034
-0.000099
0.000253
0.037451
0.116351
-0.005751
0.001180
-0.050781
0.757910
-0.000521
0.007899
0.000001
-0.001879
0.085057
0.000086
0.002405
-0.000029
0.000000
-0.041703
0.000010
0.000056
-0.139793
-0.242508
0.874358
-0.009554
-0.000168
-0.000082
0.010889
1.178855
-0.001866
-0.000005
-0.029310
-0.004344
0.000072
-0.006854
0.036745
0.165589
0.126892
-0.006555
0.000006
0.080439
0.378504
-0.000004
0.000007
-0.000033
0.000156
-0.123852
-0.208343
0.003936
-0.000104
-0.003335
-0.276311
-0.000111
0.398085
-0.001659
-0.000057
-0.001834
0.012821
-0.131370
0.010553
0.000000
-0.000179
-0.001224
0.029512
0.000303
0.042965
-0.092058
0.000409
0.000001
-0.001641
0.000001
-0.265122
0.000000
-0.073181
-0.003516
0.005263
0.033282
-1.809154
0.007985
0.010065
0.327573
0.016305
0.109750
0.135023
-0.000182
0.002177
-0.012628
0.007317
0.000021
-0.000003
-0.033736
0.000126
-0.108006
0.398294
-0.000307
-0.003478
-0.121508
0.000597
0.000008
-0.252997
-0.000935
-0.863008
-0.000540
0.118509
-2.508893
0.038246
0.069519
0.068666
0.372910
-0.000027
0.063463
0.004529
0.096899
-0.009968
0.000235
0.022931
0.000006
0.004680
-0.001212
0.000034
-0.022301
-0.122353
-0.051480
0.000303
-0.000157
0.000966
0.001449
0.000005
-0.001336
0.107794
0.003847
0.023978
0.078567
0.175544
-0.005606
-0.000169
0.327690
0.003222
0.010613
0.297388
0.004334
0.079334
0.001418
0.375372
-0.012003
0.000022
0.034416
-5.527347
-0.002697
0.000301
-0.102115
0.029679
0.000002
0.000008
-0.239611
-0.119520
0.006336
0.004058
-0.000007
-0.092521
-0.002797
-0.005697
-0.000005
0.008750
-0.000015
2408.817493
0.000003
-0.001966
-0.034485
-0.018302
0.757030
0.010982
-0.003304
0.000316
-0.458231
0.000755
0.000001
-0.011965
-0.265533
0.006080
-0.006529
-0.005128
-0.000005
-0.014270
-0.251129
-0.000002
0.032173
-0.000190
-0.001153
0.001398
0.034782
-0.035455
-0.063568
-0.108304
0.000411
0.003496
-0.125533
-0.000702
-0.010176
0.000002
-0.000073
0.000002
0.000188
0.000002
0.232907
0.045264
-0.011329
-0.152787
1.270141
-0.000018
0.000002
-0.106427
-0.000370
-0.000739
0.455844
0.002704
-2.456943
-0.062420
0.005998
-0.001108
-0.255683
0.002726
0.000080
-0.000073
-0.003355
0.011261
0.000041
0.001021
-0.007664
-0.002538
-0.203149
0.001751
-0.009083
0.000001
0.000438
0.000031
-0.000993
0.467682
-0.103276
-0.100952
0.000331
0.132533
-0.094779
0.801038
0.000148
0.000228
1.121979
-0.000020
-0.015483
0.000731
-0.048989
0.000175
0.151206
-0.029775
0.139209
0.000003
-0.058693
-0.226210
0.066106
-0.001072
-0.030202
-0.003863
-0.063744
1.330722
0.001749
0.005429
0.004660
-0.000006
0.000042
-0.114350
-0.000302
-0.000096
-0.001774
1.064374
0.127642
-0.007400
-0.278430
-1.545014
0.000001
0.000062
-0.000782
0.001916
-0.000161
0.043433
-0.007450
-0.000052
-0.237845
0.000008
-0.000184
-0.406935
0.000000
-0.473292
-0.435427
-0.000473
-0.202885
-0.398390
-0.006085
-0.547196
0.003914
-0.099485
1.268827
-0.000002
-0.120921
0.000551
3.942623
0.122965
0.082247
-0.021932
-0.086337
0.000000
0.001350
-0.007465
-0.485642
-0.006275
0.000166
-0.210603
-0.061164
-0.070213
-0.000202
-0.004791
-0.000127
-0.011191
0.342827
-0.000003
0.017444
-0.787429
0.000286
-0.000004
-0.040375
0.000079
-0.006414
0.000254
0.000005
0.030212
0.000019
0.002826
0.961907
0.000159
-0.000022
-0.002853
0.000230
-0.000457
-0.142563
0.121135
0.000002
0.055322
0.000015
-0.000725
-0.005762
0.003228
-0.225811
0.033168
-0.629476
-0.000011
0.014276
-0.000904
-0.027568
-0.241471
-0.007030
0.008284
0.001261
0.017652
0.000103
-0.000624
0.000103
0.005938
-0.000001
-0.303434
0.011683
-0.000452
-0.044707
0.005051
0.001868
-0.000979
-0.000001
-0.201914
-0.645240
-0.931053
0.000253
-0.364425
-0.001162
0.000084
1.372611
-0.040180
0.000028
-0.015158
0.333204
-0.004621
0.002761
-0.000001
-0.079550
-0.038244
-0.006541
-0.000011
0.042543
-0.023248
-0.203033
0.410378
0.000325
-0.223440
-0.005204
-0.181767
-0.000451
0.057361
0.834957
-0.007200
-0.024432
-0.001132
-0.092225
0.007255
0.002533
-0.029651
0.000104
0.336561
-0.000514
0.002225
-0.044377
-0.246262
0.000035
-0.000452
-0.000807
-0.005693
0.000028
-0.000298
0.001488
-0.000011
-0.000008
-0.083836
-0.052099
-0.005454
-0.195492
-0.041556
-0.019224
0.000002
-0.000008
-0.380029
-0.000127
-0.000016
-3.267851
-3.515784
0.349950
0.002758
-0.000000
-0.021277
0.003237
-0.000014
-0.211233
-0.075852
-0.194422
12.262736
0.000420
-0.012970
0.013031
0.130739
-0.002943
-0.716517
0.026555
1.155202
0.000590
0.001564
0.000009
-0.116432
0.014320
-0.014442
-0.354158
-0.209822
-0.030948
-0.000221
0.344540
-0.003143
-0.022928
0.002233
-0.006994
-0.000017
-0.000344
0.002576
0.026482
0.000908
-0.015067
-0.000835
0.001372
0.013352
0.444309
0.000742
-0.232408
-0.015241
0.000553
0.001284
-0.000002
0.115766
-0.047466
0.000275
-0.437758
0.111843
-0.027854
0.053654
0.311534
-0.405900
-0.043829
-0.214810
-0.773189
0.001122
-0.299518
0.002334
-0.007639
2.409537
0.000036
0.134830
-0.001380
0.003980
0.003776
-0.000095
-0.000303
0.000060
0.000400
-0.006670
0.011705
-0.003352
-0.000373
0.000006
-0.001677
-0.009926
-0.682411
-0.000001
-0.000020
-0.023153
-0.033641
-0.493775
0.000032
0.072355
3.655548
-0.597478
-0.003317
-0.000769
-0.000069
1.032197
0.024083
0.008726
-0.000140
6.087113
0.000086
0.048858
-0.118361
-0.092724
-0.639692
0.377549
-0.000242
0.001241
-0.000004
0.000291
-0.000093
0.088019
-0.253579
0.719057
0.019900
0.027913
-0.001719
-0.001755
0.000132
0.058451
-0.031624
0.000018
0.522191
0.000002
0.360239
-0.228282
-0.231613
-0.000023
-0.000003
0.046369
0.028451
-0.000056
-0.109052
-0.059141
-0.067711
0.010555
0.000059
0.197584
0.000521
-0.000270
-0.175222
0.000007
0.009178
0.001156
-0.000096
0.002045
-1.193764
-0.000003
-0.001721
0.002233
0.116360
0.002170
-0.000000
-0.000543
-0.000007
-0.000000
-0.000000
1.870684
0.000346
-0.000600
-0.016817
-0.059055
0.042556
-0.002473
-0.000723
0.001609
0.000096
-0.000651
-0.000557
0.000000
-0.001015
0.004536
-0.117593
-0.000006
-0.005438
0.037504
0.000492
0.505238
-0.068609
-0.396443
-0.133314
-0.484085
0.003134
0.009265
-0.005253
-0.000037
0.000001
-0.000510
0.001349
0.000374
0.000064
-0.216219
-0.000000
0.843988
0.000822
-0.000006
0.000276
-0.000021
-0.188743
0.000000
-0.000036
-0.073428
0.003262
0.065086
-0.076690
-0.002149
-0.402369
1.022353
-0.001423
0.128033
0.000034
0.087942
0.039398
-0.000010
0.002961
-0.040691
0.001500
-0.000003
-0.001883
0.000328
-0.005984
-0.000103
0.000015
-0.000478
0.030446
-0.270120
-0.144428
-0.000420
-0.000002
-0.000010
0.017458
-0.000038
-0.106192
0.011497
-0.000447
0.076233
0.013277
-0.476512
-0.001919
-0.032725
0.000040
0.000898
-0.000000
0.002552
-0.070714
-0.186356
0.367250
-0.020023
-0.000028
0.000539
0.000644
-0.000827
0.006341
-0.000062
0.000004
0.002874
-0.000114
-0.238983
0.003851
0.017303
0.840543
-0.000010
-0.057888
0.000025
-0.115583
-0.153468
0.000131
0.000143
-0.000335
0.000311
-0.000061
0.000013
0.000000
0.000238
0.042138
0.014699
-0.001371
-0.405978
-0.033865
-0.000009
0.020001
0.000844
-0.000532
0.000002
-0.000006
0.001241
0.001065
0.693167
0.006023
-0.000004
0.465244
-0.012759
0.028272
0.015099
-0.000114
0.000000
0.035217
-0.069570
0.001853
0.093358
0.000724
-0.005328
-0.000002
0.000001
-0.000007
0.050832
-0.005839
0.001854
-0.000000
-0.000767
-0.005625
-0.014067
-0.000127
0.037245
-0.000027
0.000370
-0.000525
0.242904
0.376483
0.000000
0.057564
0.000000
-0.054229
0.045492
-0.009775
0.050815
-0.923791
-0.007636
-0.007552
0.048303
-0.000302
0.000000
-0.000044
-0.005956
0.018124
0.009406
-0.049961
-0.017351
0.101256
-0.001527
-0.002429
0.008126
-0.000066
0.000013
0.000855
-0.000581
0.000075
-0.000000
-0.016732
0.000222
0.497391
-0.137776
-0.000780
0.000000
0.000002
-0.000174
-0.022165
0.150043
0.002028
0.006198
-0.093148
-0.002388
0.000543
0.040192
0.002015
0.000250
-1.764310
-0.060669
0.013866
-0.032750
0.002019
-0.032234
-0.001337
-0.000000
0.000826
0.046650
0.000063
-0.368080
-0.000938
-0.000043
0.067674
-0.069547
-0.000400
0.003849
0.001090
0.000879
0.000469
-0.000463
0.051289
0.051180
0.000000
-0.503811
-0.076404
0.014907
-0.594690
-0.028946
0.152315
-0.034877
-0.017058
0.001180
-0.002364
-0.208864
0.000886
0.001225
0.002861
0.066805
0.011128
-0.088140
0.000456
-0.710261
-0.014506
-0.013185
-0.000100
-0.322230
-0.000867
0.000111
-0.000023
0.097615
-0.001140
0.000505
0.175962
0.019374
0.127138
-0.001392
0.000044
0.030264
-0.009305
0.639555
0.000086
0.007839
-0.282182
-0.000022
-0.000927
-0.000051
0.031129
-0.033506
0.032688
0.028318
-0.003319
0.000010
-0.037536
0.019534
-0.580321
-0.024040
-0.002446
0.675234
0.073587
-0.010381
-0.124173
-0.004737
-0.000000
-0.050012
0.083758
-0.011691
-0.007450
-0.000238
-0.166916
-0.035582
0.001544
-0.000010
-0.001742
0.418764
-0.000018
-0.060773
0.001863
-0.196545
0.337317
0.004045
0.000168
0.013104
-0.889659
-0.192435
-0.001720
0.864980
0.001295
0.019696
-0.001282
0.017991
-0.185323
-0.000006
-0.250885
0.012443
-0.002059
0.647715
0.003550
-0.000239
-0.000008
0.000357
-0.013719
0.013101
-0.005911
0.002138
-0.000065
0.000002
-0.000001
0.000352
-0.000267
-0.001053
0.002573
-0.002733
-0.000194
0.209323
-0.019068
-0.003680
0.018400
0.120945
-0.077826
0.000013
-0.037099
-0.000026
-0.000049
0.000846
-0.054875
0.001558
-0.076234
-0.000005
-0.000947
0.162975
-0.802301
-0.037964
-0.000030
0.557618
-0.000019
0.001570
0.000340
0.000008
0.300504
0.035408
0.129756
-0.073783
0.000009
-0.184892
-1.055137
-0.000691
0.072921
0.575787
0.742404
-0.531163
-0.000668
-0.518448
0.006060
-0.222006
-0.005543
-0.018755
0.001218
0.014117
-0.634124
0.000001
0.510979
0.000065
-0.000462
0.336059
-0.000196
-0.000000
0.021362
-0.280903
0.000030
-0.000003
0.004434
0.118157
-0.002693
0.000003
-0.002880
0.091003
-0.209578
-0.561310
-0.053550
-0.000090
0.222814
0.988413
-0.000588
0.000821
931.365666
0.023782
0.000094
-0.021869
0.000023
0.018899
0.152425
0.002521
0.000505
0.000682
-0.203787
0.082785
0.163303
0.000994
-0.003267
0.004785
0.000117
0.000116
-0.052323
0.000253
-0.006938
-0.000040
-0.000980
-0.000213
-0.287465
0.615908
0.001893
-0.159772
-0.000002
-0.000872
-2.534639
0.045690
0.177520
-0.000457
-0.000082
0.000129
-0.011245
-0.010480
-0.242071
-0.000050
-0.000000
-0.407036
-0.003753
0.618710
-0.071122
0.000204
0.000570
-0.000283
0.000441
-0.299941
0.000001
0.846444
0.003750
-0.045777
0.000310
-0.147640
-0.015306
0.000001
-0.000270
0.888270
0.000012
0.001161
0.000609
-0.216149
0.005756
0.062333
0.000003
0.020140
3.468664
0.000001
-0.127439
-0.002551
-0.007558
0.001505
-0.001652
-0.002703
-0.000001
0.000993
0.003516
-0.055990
-0.008142
-0.031818
0.394891
-0.000068
0.310619
-0.000000
-0.000000
-0.080497
0.000836
-0.012365
0.000001
-0.000603
0.012040
-0.131525
0.005080
-2.106311
0.002145
0.000497
0.002302
0.000232
0.000011
-0.003189
-0.045347
-0.000030
0.034962
-0.546860
-0.037759
0.013940
-0.000115
0.118051
-0.093655
0.460478
-0.000168
-0.013932
-0.000021
-0.000153
0.021835
0.000162
-0.020004
-0.031015
-0.000028
-0.174389
0.097514
0.026684
0.000076
0.000000
-0.000870
-0.000092
-0.184072
-0.000896
0.371938
-0.000200
-0.000114
-0.047624
-0.000014
-0.094836
0.042930
0.002497
-0.006214
0.237422
-0.000499
0.116647
0.016005
-0.001059
-0.001958
-0.001879
0.248585
-0.006146
-0.086132
0.128918
-0.000110
0.000164
-0.032495
0.037189
0.000354
0.000012
-0.038726
0.004815
-0.002030
0.043383
0.019800
-0.026870
-0.001086
0.092471
-0.000001
0.001071
0.000480
-0.000000
-0.000317
0.000003
-0.000237
-0.000004
-0.052492
0.021966
0.034629
-0.002122
0.002495
-0.039278
-0.000436
0.000075
-4.764046
-0.000002
-0.000090
-0.068814
-0.000354
-0.007422
0.003185
0.000040
-0.000425
0.000088
0.001339
0.001724
0.058444
0.047622
0.002261
0.022829
0.571984
-0.000353
-1.823608
0.001246
0.103626
0.000000
-0.000001
-0.094263
-0.242412
-0.142234
0.010771
-0.139695
-0.000501
-0.000237
0.161667
0.059206
-0.000003
-2.219023
0.022409
0.000007
-0.001254
-0.001198
0.001619
-0.000020
0.000069
-0.102125
-0.000155
0.104247
-0.170579
-0.153314
-0.565190
-0.001086
0.121465
0.043297
0.382975
0.244613
0.003853
0.301189
0.002251
0.000090
0.000487
-0.002590
0.006275
-0.001271
0.183236
0.000008
-0.142352
-0.037655
-0.000009
-0.000109
-0.425686
-0.187509
0.000000
-0.006251
-0.000004
0.000247
-0.003119
-0.000154
-0.000004
-0.000001
0.059143
0.050766
0.000024
0.002909
0.000073
1.296840
-0.003057
-0.000004
-0.023638
0.155846
-0.000021
-0.000017
0.015351
-0.000303
-0.000326
-21.864875
0.021574
0.002369
0.001499
-0.000390
0.000396
0.000001
0.048789
-1.480091
-0.042377
-2.982813
-0.000039
0.000001
0.027169
0.330016
0.064553
0.000002
-0.000464
0.000278
0.055470
0.000246
-0.000002
-0.137155
0.254834
0.200018
-0.016108
-0.000593
-0.000258
0.000000
0.000708
0.188113
-0.000365
0.004552
0.150925
0.122793
0.010702
0.006539
0.579116
0.189759
-0.154788
-0.000001
0.000667
-0.297475
0.137299
0.000409
-0.014032
-0.002314
-0.000134
-0.000126
0.000483
-0.000000
0.056152
-0.001997
0.000003
-0.062297
-0.002454
0.003381
-0.000030
0.004197
-0.052971
0.000003
0.010267
-0.004342
0.000148
-0.000002
0.003267
-0.198464
0.001361
0.000023
-0.174445
-0.002041
0.092082
-1.242122
-0.070751
-0.078625
0.136032
-0.059056
-0.015039
0.006655
0.011484
0.000635
0.005429
-0.038282
-0.238701
0.022691
0.000603
0.001689
-0.000002
0.068444
0.000005
-0.000000
0.084485
0.000545
-0.014034
-0.000002
0.003011
-0.000003
0.000051
-0.009908
-0.002974
0.463271
-0.000067
-0.000110
-0.234500
-0.000012
-0.029773
-0.000347
0.000002
-0.004636
0.010501
0.050659
0.002504
-0.004878
-0.161236
-0.001280
0.235886
-0.225187
-0.000956
0.537305
-0.001369
-0.540752
-0.000057
-0.000002
-0.000053
-0.185672
0.000060
-0.070654
13.208762
0.002119
0.000396
0.000020
0.000613
0.000022
0.000048
0.059476
-0.003312
-0.006159
-0.104214
0.216521
-0.035538
-0.174869
0.005375
-0.241814
-0.227623
-1.526514
0.004599
-0.000000
0.008661
-0.004071
-0.285942
0.079355
-0.137357
0.046165
0.000024
-0.096822
-0.000002
0.164006
-0.000016
-0.000104
0.000031
-0.001833
0.000935
0.260031
-0.001451
-0.033218
-0.000000
-0.039563
0.000000
-0.000291
0.000313
0.000000
-0.000001
-0.235880
-0.000031
0.000006
0.000566
0.002413
0.010840
-0.335673
0.000846
0.000327
0.023086
-0.000004
0.005025
-0.074460
-0.000417
-0.141246
-0.001905
0.000003
-0.144952
-0.187067
-0.000010
0.193054
0.017950
-0.000008
-0.046074
0.000001
-0.004131
-0.000143
-0.053750
-0.000364
0.020918
-0.000052
-0.001631
-0.000000
0.000777
0.526960
0.000002
0.902842
0.440233
0.000263
0.001087
-0.001463
0.001240
-0.124672
0.000104
-0.365312
0.364026
-1.206810
0.000063
0.000047
0.000000
0.000027
0.273731
0.000306
-0.233474
-0.070434
-0.026974
-0.025675
0.000117
0.192925
-0.000980
-0.001648
-0.000009
0.000014
-0.000151
0.397563
0.000034
-0.001134
0.000084
-0.018150
-0.561287
0.001592
-0.001051
0.099509
-0.004522
0.041304
0.011497
-0.160318
-0.080317
0.008240
0.028871
0.003494
0.000069
0.000033
-0.440022
0.011280
0.024395
-0.080070
0.014313
-0.000093
-0.000836
-0.000014
0.003138
-0.188025
-0.177370
0.004189
-0.038836
0.000000
-0.000003
0.130338
0.018053
0.000007
0.000968
0.085508
0.000001
-0.013063
0.004137
-0.000000
-0.000015
0.000001
0.004313
-0.354570
0.001712
-0.001690
0.004083
0.000545
0.277921
-0.031689
0.008137
-0.000086
0.111787
1.987593
0.020676
-0.000074
-0.036973
-0.103890
-0.000019
0.024679
0.000687
0.002273
0.000001
-0.123263
0.001101
0.001256
0.017266
0.023067
-0.169337
-0.000203
-0.000000
-0.010460
0.060067
-0.000001
0.000000
0.000001
-0.001902
-0.000017
-0.024821
-0.000002
0.000000
5.517861
0.000049
-0.001435
0.010090
0.061529
-0.009468
0.002590
-0.280764
-0.114233
0.000591
-0.004171
0.216121
-0.136006
0.000003
0.047432
-0.385152
0.003713
-0.019352
0.000511
0.132833
0.050808
0.000000
0.141395
0.001030
0.000765
-0.000021
-0.045032
0.286435
-0.067264
-0.000002
-0.000474
0.000001
-0.000061
0.000083
-0.194972
-0.183151
0.000905
-0.340396
-0.587927
0.005738
-0.000663
0.204362
-0.000231
-0.005945
1.510756
-0.044646
-0.000142
0.000001
-0.182107
0.002859
-0.000000
-0.000735
0.335871
0.000002
-0.055840
-0.000006
0.000456
-0.000044
-0.000544
-0.039913
0.021104
-0.011360
-0.010456
0.000551
0.000792
-0.000000
-0.150497
0.000000
-0.014909
-0.000150
-0.004294
-0.105764
0.264911
16.499429
0.122622
-0.005923
-0.000128
0.638752
0.017862
0.000056
0.027812
0.000364
-0.015417
-0.005523
0.018378
0.019415
0.084397
0.075596
-0.124365
0.000002
0.056634
-0.000000
-0.405207
0.000008
0.097521
-0.000005
-0.007982
0.000004
0.000007
-0.000007
0.035390
0.004715
-0.000000
0.000000
0.826710
-0.000006
0.121979
-3.693848
-0.000004
-0.010020
-0.000639
1.397064
-0.000059
-0.000000
0.033071
0.067919
-0.130334
0.027588
0.001002
0.290527
-0.000191
-0.877749
0.064909
-0.002700
0.011247
-0.286988
0.001047
-0.000116
-0.000214
0.000506
0.000000
-1.783146
0.000129
0.000005
-0.000003
-0.009520
0.000002
0.000000
0.000674
0.000433
1.167536
-0.000020
-1.511940
-0.000000
-0.000039
0.005912
-0.061095
-0.088705
0.000127
-0.000284
0.019892
0.000002
0.281966
0.000019
-0.000021
0.001522
0.365659
0.969858
-0.000000
-0.001010
0.000000
0.016298
0.044943
-0.189488
0.004695
-0.000000
-0.406596
-0.000389
0.018936
-0.007783
-0.000000
-0.001831
0.000238
-0.000011
-0.000959
-0.042463
-0.000000
-0.104697
0.006661
-0.269167
-0.000740
0.072558
-0.000002
-0.000019
0.067417
0.001001
-0.114655
-0.001254
0.000205
-0.000055
0.018898
0.000028
0.000000
0.000011
-0.000083
-0.000015
0.361938
-0.035018
0.002424
0.000024
0.789326
-0.000039
-0.000002
-0.014706
-0.004040
-0.004989
-0.083506
-0.001778
-0.348589
0.001300
-0.142426
-0.145981
0.050927
0.005503
-0.000184
-0.000110
0.000885
0.040053
-0.311231
-0.000121
-0.000118
0.014208
-0.000081
-0.217806
-0.000175
4.279432
-0.000369
-0.120102
0.000182
-0.000047
-0.001038
-1.268090
0.000006
-0.091277
-0.057196
0.050524
0.000320
-4.290848
-8.716218
-0.000372
0.071942
0.000150
0.067224
0.000001
0.145913
0.000011
-0.000235
0.000103
0.038382
0.032761
-0.656331
-0.000002
-0.000073
-0.000017
0.037758
0.021791
-0.000119
-0.040640
-0.017644
0.013788
-0.000000
-0.051274
0.000727
-0.265231
0.001352
0.001833
-0.000086
0.187389
-0.004271
0.018941
0.002156
-0.001944
0.008912
-0.000053
0.195243
0.096204
-0.063863
0.000036
-0.060851
-0.000295
-0.001762
0.000000
-0.003531
0.033858
0.014174
0.024825
-1.033007
0.263202
-0.370786
-0.000721
-0.017475
0.006717
0.000820
0.065775
0.014441
0.003403
0.000226
0.007681
0.001826
-0.008743
0.004253
0.003647
0.002303
-0.158565
0.000674
0.001616
0.000326
-0.000332
0.001910
0.000406
0.000491
0.003160
0.000449
0.371531
0.003427
0.035902
-0.000102
-0.052398
-0.160948
0.052916
0.004858
0.884495
-0.000214
0.000015
0.049148
-0.063232
0.001319
-0.057350
0.005040
0.136104
-0.001374
0.445775
0.001000
0.016914
-0.014857
0.033345
-0.320172
-0.026689
-0.000003
0.000010
-0.000073
-0.319189
-0.038078
-0.000005
-0.051287
-0.000311
-0.000000
0.123268
-0.000040
0.354394
-0.031932
0.000180
0.072726
-0.070010
-0.002036
-0.000141
0.440570
0.000000
-0.012726
-0.000089
-0.157110
0.008062
0.000074
0.000000
-0.000384
-0.019483
0.004288
-0.025094
0.039073
-0.000117
0.004434
-0.000119
0.050891
-0.000038
0.418199
0.020305
-0.000935
0.000000
0.000008
0.000548
0.000008
0.332142
-0.027409
-0.009822
0.000020
-0.000076
0.556693
-0.000000
-0.000007
0.229224
-0.521781
-0.049399
0.000006
0.053123
-0.137603
0.381662
0.000557
0.000001
0.000095
-0.000009
-0.026741
-0.000026
0.004526
0.014311
0.028101
0.001718
-0.381468
-0.134604
0.000091
-0.018223
-0.000498
0.007563
-0.000223
0.000870
-0.001086
-0.000023
0.250619
-0.000082
1.597179
0.048216
0.009732
-1.080666
0.135416
0.120030
0.000001
-0.003656
0.152943
-0.051624
0.000335
0.000945
0.000077
-0.035822
-0.000289
-0.005681
0.083212
0.020139
-0.003291
-0.000009
-0.004374
0.022831
0.003207
-0.094308
0.000352
0.000050
0.000006
0.002448
-0.006015
-0.000000
-0.000012
-0.400421
-1.020094
0.000000
-0.000000
-0.432125
0.034165
0.000004
-0.241760
-0.063154
0.003035
0.000536
-0.000689
-0.000379
-0.000021
0.004566
0.244563
-0.000009
0.002865
0.104471
-0.227882
-0.000546
-0.007935
0.000011
0.004537
0.004886
0.015441
0.031890
-0.029223
-0.005745
0.000289
-0.000266
-0.010785
0.020821
-0.031704
0.465998
0.000160
-0.061284
-0.012409
-0.000000
0.000020
0.071359
-0.000012
-0.000856
-0.000001
0.003395
-0.037177
-0.001673
-0.040334
0.000036
-0.024097
0.000009
-0.095994
1.318512
-0.000002
0.000410
0.055550
0.006957
0.022807
0.452857
-0.000005
0.003799
-0.198199
-0.000007
-0.006856
0.000147
0.002116
-26.340864
-0.000051
0.020873
-0.012153
-0.000630
-0.046535
-0.005514
0.364892
0.100472
0.000007
-0.090549
0.002454
-0.004559
0.224203
0.022922
-0.010888
0.003938
0.680053
0.000119
0.042336
-0.000019
0.313632
0.000122
-0.000002
-0.051197
0.390178
-0.248602
0.000043
-0.000086
-0.000048
-0.000019
0.136513
0.000950
3.436860
-0.302612
0.000377
0.000016
0.000000
0.052271
-0.000130
-0.041750
0.000817
-0.000881
-0.000030
-0.075148
-0.057247
-0.015382
0.000366
0.008795
0.000000
-8.767144
-0.023767
0.000000
-0.088842
-0.004013
0.041032
0.195932
0.000000
-0.006406
0.005744
-0.000392
0.007691
-0.018104
-0.176507
-0.045439
0.000159
0.050084
-0.023936
0.074874
-0.000111
0.004792
0.260067
-0.000000
0.036348
0.000210
-0.025395
-0.000075
0.000001
0.984600
-0.291235
-0.001177
-0.015126
-0.480948
0.000001
0.000076
-0.009476
0.039534
0.000084
0.167450
0.000007
0.000424
-0.035902
0.046223
-0.489843
-0.000008
-0.000035
0.006986
-0.000000
0.000522
-0.000024
0.000943
0.000000
0.013680
0.012530
0.000010
-0.002859
-0.017853
-0.000007
0.000296
0.000323
-0.825220
0.002040
0.000538
0.128955
0.532236
0.173706
-0.254652
-0.430414
0.006446
-0.444760
0.113859
0.220460
0.367399
-0.150502
0.004183
-0.065339
0.000000
0.010323
-0.117277
-0.000023
-0.000001
0.965009
-0.000843
-0.013964
0.000000
0.000531
0.005992
-0.024533
0.000011
-0.000011
-0.010387
-0.037386
0.025055
0.000005
-0.000022
-0.000320
-0.000035
-0.085856
-0.009569
-0.011101
0.173753
-0.155093
-0.000000
0.369359
0.030550
0.000038
-0.000000
0.117429
-0.000553
-0.000001
0.002551
-0.000013
-0.000637
-0.000038
0.000103
0.000363
0.010253
-0.000018
0.000010
0.031121
-0.000354
0.009076
0.002661
-0.000005
0.000604
0.000000
0.156721
0.047175
0.000031
-0.000000
-0.054852
-0.058495
0.026016
-0.088837
-0.004342
0.005924
0.005294
-0.034875
0.241532
0.135208
0.000120
-0.071442
0.054727
-0.000002
-0.007968
-0.001586
-0.002291
-0.123269
0.000003
-0.000584
0.802873
0.005385
-0.000043
0.002596
-1.253842
0.422940
0.000009
-0.168307
0.000017
0.109636
-0.000000
0.000455
0.008692
0.000280
0.002671
0.000962
0.067219
0.003513
0.001107
-0.000094
-0.034127
-0.187309
0.000054
-0.000039
0.137469
0.000508
0.000003
0.474919
0.283669
0.000000
0.188590
0.789559
-0.000007
-0.351583
0.000000
0.000046
0.007136
-0.314199
-0.000089
-0.538357
-0.014715
0.405400
0.011547
0.000022
-0.000000
0.002807
-0.003179
-0.208451
-0.136682
0.057504
0.000001
-0.000001
-0.522837
-0.011849
0.054006
0.097428
0.205434
0.645277
0.000268
-0.010614
-0.290979
-0.000643
0.432798
-0.000053
0.009690
0.005848
0.000617
-0.000168
-0.001876
0.006814
0.057341
0.014493
-0.040978
-0.000000
-0.000000
0.000001
0.003573
0.000654
-0.001152
-0.000000
-0.012901
0.335914
0.047264
0.652719
0.489530
0.000008
-0.114006
0.008452
0.496313
0.002097
0.021329
-0.000001
0.053498
-0.000193
-0.006883
-0.000055
-0.029652
-0.000110
-0.043443
0.048663
0.539233
0.000027
0.091643
-0.000001
0.003231
-0.018467
-1.524170
0.000847
0.000329
0.000442
0.039409
0.260008
0.000114
-0.000141
0.105076
0.010698
0.000000
0.014266
0.001455
-0.121476
0.013384
-0.000411
-0.009127
0.000070
0.007022
0.000230
0.006827
-0.023000
-0.000353
0.251253
-0.005571
-0.010557
-0.378105
-0.021900
-0.452473
164.483097
-0.396811
0.000034
0.004389
-0.000000
0.060922
0.328495
0.000001
-0.000018
0.381472
-0.000000
0.270289
0.000015
0.067014
0.002140
-0.031124
0.006638
-0.021175
0.071935
0.808075
-0.000001
0.008215
-0.057270
0.002924
0.000000
-0.000000
0.087193
-0.000253
-0.000008
0.005668
-0.002383
0.041438
-0.059586
-0.184464
-0.002610
0.000048
-0.175007
-0.000000
0.000173
0.018708
0.010084
-0.052956
0.000028
0.001402
-0.000379
0.000001
-1.981167
-0.000523
0.210038
0.000000
-0.445520
0.000220
-0.000000
0.000241
0.002239
0.001762
0.296134
0.038507
-0.000118
0.737487
0.000051
1.949263
0.032603
0.044940
-0.000737
-0.001481
0.000000
0.030056
0.000550
0.323647
-0.000000
-0.015258
0.000041
0.000027
0.026845
0.014464
0.000114
-0.000119
-0.000028
0.000186
0.000329
-0.000012
0.000017
-0.283206
0.582032
-0.000000
0.000028
-8.240407
-0.007425
-0.078182
0.004062
-0.395059
0.000025
-0.630515
0.000098
-0.000633
-0.000059
0.185511
1.929073
0.032674
5.414986
-0.000000
0.000028
-0.002650
-0.000004
-2.706510
-0.013108
-0.000440
0.009169
0.002826
-0.000284
0.000796
0.183067
2.767853
0.023852
0.154520
0.000022
-0.012278
0.000001
-0.000006
-0.570849
0.097030
0.000000
0.047889
0.018208
0.000004
-0.057397
-0.035144
0.039714
0.007345
0.275065
-0.306529
-0.144629
0.005966
-18.904795
0.002441
-0.002688
0.000051
0.000220
0.000068
0.032844
-0.153218
-0.008970
0.104812
0.000002
-0.000319
0.000049
-0.013921
0.022370
0.069858
0.036466
0.000006
0.000002
0.081098
0.001057
0.009454
-0.000729
0.137665
0.001692
0.000007
0.076631
-0.000265
0.325625
-1.206115
-0.000257
0.425349
0.121339
0.005479
-0.000670
1.450711
-0.000002
-0.003663
0.001376
0.000031
-0.000005
0.000021
0.047922
-0.057475
-0.000001
-0.000014
-0.002066
0.015742
0.031664
0.083376
0.024831
0.000099
-0.047113
-0.321634
-0.002467
0.000752
-0.003348
0.000055
-1.010963
-0.002895
-0.002338
-0.000409
-0.000281
-1.345481
-0.000000
-0.000004
0.001041
0.016688
0.225915
0.020365
0.065669
-0.014229
-0.000626
-0.000779
0.000073
0.485834
0.000317
-0.000000
0.000016
-0.003584
-0.026392
0.000214
-0.298147
-0.003649
0.002233
-0.030901
0.130919
0.000012
-0.340209
0.012271
-0.000001
0.003516
0.753785
0.005824
-0.000089
-0.012628
0.116718
-0.000000
-0.004053
0.080735
0.004898
-0.088281
0.339041
0.001981
0.000963
0.003999
0.024762
-0.048102
-0.000270
0.005420
-0.000000
0.003855
-0.226487
-0.001173
0.157723
-0.000000
-0.000002
0.003797
-0.000382
0.002795
0.009706
0.021356
-0.006261
0.009003
0.000041
0.000528
-0.162120
0.015564
0.041848
0.002036
-0.000096
0.000090
-0.002066
0.000001
-0.001618
-0.000078
-0.102273
-0.161056
0.000000
-0.008021
-0.048695
-0.108350
0.136049
0.000055
0.034446
0.036948
-0.059829
0.000634
-0.000005
0.000022
0.004634
0.009461
0.000003
-0.001480
-0.000646
0.000360
0.108299
-0.000001
0.004146
-0.000294
-0.000475
-0.235758
-1.142847
0.284175
-0.023538
-0.000209
0.001969
0.013205
0.000000
-0.039780
0.000009
-0.000056
-0.029208
0.028825
0.000001
0.345400
0.000515
-0.000043
14.983816
-0.529434
-0.001145
-0.000007
0.129264
0.884411
0.311360
-0.000350
0.000000
0.000000
0.000026
-0.000067
-0.000151
0.000009
-0.000131
0.169932
0.004546
-0.009895
0.000119
0.016681
-1.117839
0.542472
-0.007673
-7896.056903
0.005418
-0.000026
0.001722
-0.707093
0.000020
0.868797
-0.000608
0.000006
-0.109018
-0.000027
0.000191
-0.000104
-0.000071
-0.002420
0.093279
0.026001
-0.000139
0.000203
-0.000341
0.000050
0.259883
-0.003760
-0.000667
0.135989
-0.000000
0.000151
0.000068
0.007352
-0.000003
-0.000000
-0.000000
-0.619285
0.201363
0.205001
0.002126
-0.001149
-0.000115
0.001943
0.000002
0.000526
0.000002
0.125265
0.090553
-0.007339
0.006779
0.000000
0.012854
-0.000098
0.160461
0.000256
-0.000001
0.003181
-0.646524
0.007538
-0.000080
0.010181
-0.011941
-0.001914
0.000000
0.000161
0.000003
-0.007176
-0.416746
-0.000006
0.000000
0.000005
0.000780
0.008064
0.019841
-0.000979
-0.000000
-0.181292
0.001958
-0.000022
-0.071522
0.001871
-0.043434
-0.029007
0.113150
-0.000004
-0.000430
-0.037833
0.112598
-0.008147
0.004630
0.001430
0.032814
0.002464
0.137008
-0.000026
0.000000
0.114076
0.004143
0.000879
-0.017243
0.000248
0.000009
0.000006
-0.021495
0.000000
-0.000003
0.215006
-0.012049
-0.016794
0.044099
0.174646
-0.000081
0.565294
0.000045
-0.030520
0.000022
0.000349
-0.004724
0.000000
0.000000
-0.000049
-0.126353
-0.192993
-0.000236
-0.021585
0.000006
0.000385
0.331970
-0.209473
0.641313
0.047424
0.000266
-0.001256
0.154007
-0.024875
-0.000006
0.041009
-0.000340
0.064889
0.000012
-0.000469
0.002934
0.000000
-0.000000
-0.090174
0.017821
-0.113539
-0.009097
0.340614
0.000000
0.089916
0.074668
-0.301291
0.000754
-0.000007
-0.000024
0.011347
0.251326
-0.000012
0.166307
-0.002463
0.000000
-0.001084
-0.266737
-0.138655
-0.000253
0.011265
3.140191
-0.000004
0.064316
-0.000044
-0.000003
-0.011835
0.032183
-0.000201
0.005766
0.001810
-0.001038
-0.000098
0.051716
0.018330
0.016756
0.011488
0.001754
-0.000148
0.005468
-0.002080
-0.000008
0.000926
-0.061741
0.000714
1.207788
0.000000
-0.000144
0.000195
0.003587
-0.090868
0.000003
-0.000297
0.723547
0.318201
-0.000883
-0.000003
-0.034536
0.003457
0.001198
0.003115
-0.000181
-0.000000
-0.020854
-0.000027
-0.000658
0.000097
0.026239
0.138865
-0.079634
0.000000
-0.580597
-0.473870
0.000023
0.006674
-0.041365
-0.000003
0.011705
0.612482
-0.000016
-0.000000
0.024347
0.000000
0.000015
0.083022
2.327867
0.001097
0.436606
0.038100
0.343340
0.051410
0.000006
-0.343467
1.360458
0.000097
0.035744
0.011878
0.000002
0.009421
0.103648
-0.070024
0.000065
0.000157
-0.009269
0.012801
0.000000
0.011951
-0.000030
-0.005515
0.000171
-0.288033
-0.000000
0.002467
-0.001493
0.000387
-0.000101
-0.000000
0.000026
-0.060840
-0.000828
-0.011249
-0.058505
-0.000139
-0.001404
0.528842
-0.000318
-0.773198
-1.624738
-0.000499
-0.023506
-0.023540
-0.000200
0.001975
0.166991
-0.000000
-0.228649
0.013002
0.000000
0.000016
0.014422
0.001363
-0.000000
-0.001945
0.008473
0.000063
0.147214
-0.002584
0.001362
-0.000001
0.000020
0.000001
0.000072
-0.000128
-0.000229
0.000057
-0.187470
0.000002
0.037896
0.175615
0.053563
-0.000040
-0.030097
-0.004822
-0.000204
0.000099
-0.006370
0.002970
0.313083
-0.002845
0.000000
0.496811
0.442080
0.147322
0.000001
0.658369
0.067316
-0.991849
0.091729
-0.002301
-0.206572
0.056926
0.009297
-0.002239
-0.000006
-0.010659
-0.002743
-0.000000
0.291382
-0.007525
-0.000006
-0.000023
-0.000547
-0.165517
-0.036642
0.000127
0.200732
0.079353
0.000335
-0.006666
-0.128839
-0.069705
0.000615
0.000000
-0.160812
0.008911
-0.079793
-0.002636
0.074624
-0.006030
0.034247
-0.000803
-0.001099
0.291310
0.000001
-0.017668
0.015684
-0.000114
-0.000023
-0.005185
0.000033
-0.000008
-0.058734
0.000001
0.133159
-0.317683
0.000065
-0.000000
0.000954
0.002054
-0.001861
0.000001
0.022813
0.000599
0.050934
0.000000
0.005747
-0.083167
-0.004720
-0.042811
0.000006
0.016381
-0.001027
-0.758093
-0.000002
-0.000334
0.000009
-0.000442
0.000539
0.000065
-0.015889
-0.000086
-0.017726
0.447822
-0.108001
0.204944
-0.056756
0.197103
0.155460
-0.001844
0.010601
0.020490
0.000130
0.008279
-0.026308
-0.006009
-0.001921
0.000014
-0.000752
-0.000001
0.000648
-0.110709
0.073200
0.006300
-0.001688
0.028734
-0.345088
0.000030
0.009606
0.000130
-0.009294
-0.092680
-0.000475
0.000161
0.000001
0.003324
0.000041
-0.000456
0.000000
0.000181
0.001004
0.000000
0.000006
-0.025090
-0.670651
-0.005279
-0.000000
0.012726
-0.000000
-0.002642
-0.000458
-0.365716
0.121437
-0.010838
0.005049
0.004767
0.000666
-0.020892
-0.173016
0.000003
-0.007832
0.002339
-0.041408
0.004286
-1.125662
0.002602
-0.000041
-0.000692
-0.067459
0.000005
0.539537
0.173711
0.000049
-0.004349
-0.000001
0.000005
-0.000030
-0.000013
0.000129
-0.003639
-0.016218
-0.001561
-0.000000
-0.000222
0.158083
0.014746
-0.034435
-0.002083
0.007622
-0.000000
0.018594
-0.000020
0.016465
2.799318
-0.043401
0.020824
-0.000022
1.019360
0.041060
0.189068
-0.000000
0.006037
0.000254
0.000793
-0.049667
-0.415315
0.001100
-0.000002
-0.014995
0.003704
-0.000117
0.412828
-0.012349
-0.144548
-0.000000
0.002997
-0.000013
-0.005843
0.000087
-0.238785
-0.000176
-0.000178
0.002879
-0.000008
-0.000044
0.083128
-0.001371
-1.016572
-0.000000
0.000089
-0.003853
0.444889
-0.000001
-0.081435
0.000712
-0.000004
0.103934
0.008302
-0.000023
-0.002102
-0.000041
-0.448457
0.025639
-0.000000
0.000003
-0.000054
0.000946
0.000658
0.000012
-0.003397
-0.007374
0.025522
0.000089
4.127444
-0.000092
0.017689
0.002244
0.018660
-0.113385
0.000002
-0.001170
-0.121603
-0.002934
-0.000000
0.000292
-0.155733
-0.021078
-0.006176
-0.031352
0.281391
0.010369
9.410630
-0.652239
-0.000108
0.043143
-0.000000
0.000143
0.000016
-0.274488
-0.140038
0.000516
-0.000146
0.166179
0.000123
-0.000117
0.155957
0.057206
0.003227
0.238340
0.008347
0.028242
0.000001
0.003381
0.008298
-0.000072
-0.021099
-0.110759
-0.000004
-0.107703
-0.018853
-0.221426
-0.002595
-0.001555
0.000638
0.005988
0.031328
-0.000000
-0.000007
-0.000003
-0.003302
-0.099896
-0.011778
-0.000028
-0.001016
-0.009190
-0.000001
-0.074273
-0.524967
0.000037
0.000000
