0.111010
1.023070
0.790411
0.192646
2.569332
0.000392
0.072479
0.318199
0.000587
0.002580
0.273412
1.402611
0.098639
194.371091
0.272051
4.112598
0.181163
0.024713
0.507684
0.016208
6.566119
0.004296
0.018833
1.000000
1.000000
0.485692
0.723641
0.064589
0.066449
1.000000
0.446077
0.071199
0.870374
0.824808
0.634399
0.034429
0.610910
0.922426
0.438543
0.915731
0.060114
0.004419
1.064119
1.074204
0.082172
1.103952
0.285844
0.853198
1.000000
1.446244
3.484207
1.000000
0.934758
1.000000
0.025360
0.542176
0.770960
0.889037
0.273101
0.885727
1.000000
0.009324
0.721648
1.000000
0.101523
0.751231
0.317423
0.893647
1.757200
0.757117
0.819025
4.404407
0.032013
1.000000
0.909948
0.002554
0.680712
0.690077
0.080302
1.146983
1.000000
0.800582
1.000000
1.032909
0.784085
0.732822
0.833243
0.357782
1.000000
0.777049
1.239041
0.872907
0.794525
0.794882
1.122730
1.000000
0.923786
0.012050
0.002554
0.621002
1.000000
0.749945
0.028248
1.797616
0.456243
0.079178
1.023884
0.796539
1.037764
1.000000
1.187859
0.016398
0.125441
2.939272
0.743870
0.753588
0.072393
0.628842
0.959874
0.882139
2.141452
0.688777
0.247731
1.153491
0.945143
1.037408
0.069653
0.531155
1.417219
1.000000
1.000000
1.042359
0.906639
0.607906
0.284218
1.611796
0.956851
0.344166
1.169201
15.789004
1.000000
0.186377
1.857289
1.946740
0.782948
1.037911
1.050734
0.121419
0.266525
0.080588
1.249461
0.590238
2.115800
0.879419
1.000000
1.198414
1.042910
0.613215
0.596933
0.313378
1.916937
0.683565
0.876161
1.264284
1.506494
0.137106
1.282126
0.994101
0.299381
0.076135
1.006145
0.786057
0.073031
1.162612
0.905488
2.377278
0.608441
0.629931
0.444249
2.905310
0.941439
0.777627
0.016035
0.842843
1.018414
0.743464
1.136086
0.310689
0.305975
0.825630
1.125430
0.541492
0.786017
18.951736
1.383629
1.033067
0.001800
0.708849
0.005924
0.429379
0.350119
2.104640
0.638855
0.423505
1.032255
0.969411
0.207620
1.036057
0.347850
1.143702
0.863831
0.084436
0.994928
0.931421
1.143561
0.002282
0.298301
1.000000
1.470135
0.406824
0.149890
1.000000
1.490237
0.949059
0.942028
1.122524
1.088557
0.372258
0.278356
3.194928
1.036786
0.303517
1.270565
1.148705
0.370315
0.147797
0.823226
0.442686
1.093077
0.493254
0.766381
0.132362
1.027034
0.373917
1.160548
0.592342
0.358917
1.286909
0.000316
1.074604
1.261894
0.520561
0.909709
0.392784
2.537825
0.423060
0.816132
0.002999
0.864166
0.667619
0.338709
2.883504
0.847988
0.145184
2.002577
0.885773
0.158047
0.630496
0.789042
0.658932
0.089072
2.634416
1.019201
1.813065
1.245338
0.126572
0.404603
0.692207
0.563495
0.001461
0.671122
0.147406
1.158266
1.001763
0.389954
0.090827
1.035188
0.901515
1.184665
1.055921
0.982158
1.651651
0.544136
1.006440
0.016243
0.985918
1.319573
0.960441
1.108696
0.893025
0.955527
0.660002
0.974899
0.989773
1.516738
2.692901
2.655589
1.000000
4.231768
2.039520
1.044340
0.680240
0.000633
0.663964
0.998846
1.027855
0.931634
19.757496
0.530645
2.714123
0.245577
0.073809
0.415569
1.227089
1.248088
0.077498
1.077703
0.115530
1.448704
0.759897
0.764312
1.047165
1.839887
0.003188
0.521961
0.933299
0.966517
0.409989
0.055489
0.164985
0.714186
0.349466
1.232044
0.975477
0.984439
0.403165
0.619526
0.957531
0.059854
0.748643
1.128522
1.214504
0.821479
1.026732
0.817689
0.139769
2.492433
1.355243
1.005870
1.175604
1.018804
1.260042
0.250885
0.264869
0.363636
0.386284
0.731359
0.565950
0.917749
0.792612
1.000000
0.780970
0.972235
0.160197
1.913133
0.131138
1.006438
0.011249
1.340355
1.064664
1.148490
0.158833
0.883239
0.123724
0.013953
0.645878
1.030294
0.055972
0.896500
0.987051
1.046581
0.444775
0.246545
0.046795
0.592760
1.085975
0.833980
0.671584
0.989922
2.589540
0.295782
0.262455
0.804094
0.197485
1.189845
0.616694
0.291371
1.168910
0.979368
2.730872
1.635261
7.342097
0.228032
0.138990
0.753148
1.531997
0.195511
1.047321
0.833264
0.487922
1.150601
0.182747
0.822133
0.475698
0.968391
3.083298
1.593082
0.235193
1.619872
6.365549
2.775015
0.527885
1.006503
0.558391
1.253735
1.315203
0.878189
0.777864
0.967398
1.037818
1.000000
0.931482
1.000000
0.648568
0.110344
1.309700
3.335801
2.971922
0.201436
0.038535
0.849512
0.995187
0.154823
0.222527
0.858391
0.665610
1.000000
0.021114
0.320290
1.111476
0.544936
1.121383
0.181824
1.079013
0.453888
0.856599
0.344647
1.000000
1.548738
1.276632
0.110699
0.442963
0.458878
1.132171
0.067635
0.555411
0.930136
0.649501
5.738011
0.983085
0.951231
0.486515
0.885879
0.638973
0.779013
0.287874
1.000000
0.747349
0.001321
0.610979
0.928119
0.670792
1.277706
1.000000
1.212476
1.000000
0.007272
1.233874
0.931451
1.003246
0.542271
1.322541
0.988351
0.833841
0.893586
1.000000
0.416537
1.130948
1.042657
0.185059
0.023269
1.015290
1.195612
1.099279
1.013005
1.062214
0.173658
1.000000
2.595923
0.936373
0.954481
0.987226
0.786054
0.678921
1.068541
0.395448
1.522401
0.990509
0.951206
1.000000
0.895123
0.608477
1.126078
0.931257
0.612912
0.999999
0.330986
1.462885
0.853268
0.114491
0.957515
0.999740
0.884167
0.713139
0.236801
1.200976
0.888214
0.103076
0.313950
0.854234
0.428075
0.196842
0.264559
0.974285
0.969359
0.185750
1.149526
0.273936
0.165900
0.934432
0.784228
0.988453
1.794191
0.076173
1.078752
1.113670
1.049956
0.055000
1.110392
0.973771
0.542445
0.999999
0.773194
0.171822
0.524429
1.748253
0.443973
0.049646
1.429784
0.972338
0.897064
0.052877
3.294698
1.021507
0.162683
3.198900
1.362093
1.028745
0.252783
3.299270
0.523457
0.048029
1.101527
0.708180
0.470735
2.552821
0.422422
0.838891
1.054814
0.256747
0.019789
0.927805
0.691196
1.794593
5.078377
0.449918
0.898255
0.276184
1.157788
1.302214
0.858642
1.485431
0.404066
1.431852
0.003799
0.235225
0.200046
1.283065
0.330601
0.274982
0.711795
0.831047
0.982157
0.870858
1.330544
1.885872
1.227571
0.001670
0.666848
1.065594
9.891863
0.685087
0.926716
0.798299
1.214889
0.369268
0.872902
0.417415
0.853478
0.623274
0.204803
1.442765
1.021707
1.006343
0.572020
0.315767
0.958398
0.825285
0.281538
1.897145
0.982146
0.937798
1.118754
0.852993
0.823747
0.805944
0.043505
1.594628
0.331718
1.479321
1.193432
0.986844
1.817018
1.728112
0.832010
0.818131
0.673362
0.910353
1.351626
0.469630
0.377569
0.773999
0.526228
1.268761
0.865476
0.717531
0.819755
0.784378
1.081619
0.991358
0.252740
0.473672
1.022267
0.091202
0.978773
0.914213
0.583891
1.238448
0.107586
0.027239
1.053371
2.045883
0.065099
0.919840
0.237119
1.005683
0.270144
0.965779
1.034077
0.856136
0.020317
0.362643
0.731389
0.973033
0.823697
0.483932
0.000616
0.661889
0.628807
0.000216
0.459708
3.401277
0.727799
0.903941
0.078544
0.064697
0.953878
0.968417
0.887916
0.695245
0.584838
0.472522
0.261926
0.760545
1.024980
1.884590
1.520663
0.243220
0.989815
2.579860
1.240419
0.937969
0.939882
0.066081
1.000000
0.870812
0.195325
0.025344
0.882149
0.084654
1.066940
0.040596
1.163807
0.691120
0.343167
1.476416
0.689071
1.183514
2.927782
1.997087
0.358407
0.420781
1.097704
1.050879
0.147142
1.053020
1.281228
0.932171
1.741107
1.540511
0.927543
0.713915
0.975628
0.391781
0.000300
0.901618
3.012487
0.966020
0.811736
0.240088
0.123208
0.793342
0.015356
1.110832
2.878172
0.404814
0.508671
0.000623
0.957527
0.956038
0.628325
1.232484
1.364768
0.904999
1.115656
0.611809
1.361729
1.328795
0.839918
0.936025
0.725551
1.015646
0.248431
0.526994
1.000113
0.769160
0.082782
0.906504
1.185204
0.868423
1.004488
10.664443
1.009391
0.473799
0.928690
1.446271
0.860585
0.000000
0.251565
1.076824
0.985971
0.289543
1.053842
1.264314
0.065980
0.987810
1.646930
0.663172
1.157698
0.192074
0.204129
1.032389
1.263285
0.393088
0.042330
0.938966
1.213792
1.116152
1.164212
0.678913
0.909000
15.764850
0.975800
0.959372
8.866525
0.835932
0.165310
0.942351
0.245619
1.277347
0.634141
0.894192
1.011175
0.154318
0.082928
1.434726
0.620833
1.069902
0.020311
0.843299
0.750359
0.000150
0.068572
0.104805
0.898206
0.974430
0.935855
0.844299
4.226057
1.155278
1.077153
1.151992
0.825577
0.615336
0.530767
0.929621
1.027671
0.721749
0.196256
0.015609
0.875754
0.843079
1.393930
0.355153
0.927499
1.139061
0.026794
0.462796
0.908236
0.115470
2.207496
0.064559
1.187059
0.593183
0.310381
0.723863
0.486549
1.017171
1.484973
0.771264
0.005059
1.002098
1.943320
0.798837
2.050020
0.391925
0.971445
1.102169
0.774349
1.027931
10.197786
0.135490
1.078252
2.943468
1.440929
1.284757
1.331846
0.279565
0.890055
1.647179
0.838693
0.000799
0.034196
0.358730
2.253570
0.939707
0.824338
0.063592
1.094176
1.047811
0.055388
0.871230
1.147169
0.761239
0.078689
1.103146
0.241545
0.507430
0.044074
0.297863
0.942865
0.976145
1.034765
0.867939
0.965506
1.193970
1.097900
1.073061
1.308990
0.633703
0.505843
0.755031
1.262316
1.011610
0.554239
1.217253
0.936983
0.353944
0.973182
1.056626
0.911775
0.058114
0.826447
0.932327
1.202374
0.604337
1.103211
1.385548
1.065409
1.901182
0.969810
1.118624
0.506480
0.937125
0.859545
0.829152
1.141330
1.121737
0.779895
1.194325
0.013640
1.902858
1.013413
0.325662
0.851492
0.542156
1.185596
0.278730
1.982916
0.409326
0.011766
0.020719
0.870974
1.299704
1.038193
1.777018
0.916474
0.039172
0.794208
1.634944
1.077427
1.483574
3.140448
1.846472
0.013274
1.010098
0.645465
0.242933
1.341533
1.079835
0.741632
1.073145
0.942972
3.914546
0.525918
0.997449
1.345066
0.889031
0.924233
0.779929
1.040662
1.108994
0.940251
0.683703
0.187549
0.095280
1.523255
1.074932
1.152937
0.859825
0.818673
0.016586
1.558952
1.133280
0.519367
0.708751
3.292770
2.279253
0.985366
4.674879
0.789307
0.490985
0.939752
0.052733
1.309744
1.315512
0.730339
2.299494
1.366740
1.178111
0.000213
1.301833
1.115981
1.533044
0.534066
1.266463
1.000000
1.106665
0.376247
0.551932
0.300771
1.025252
0.709059
1.024307
0.974286
1.960671
1.154226
1.089215
1.043164
2.059441
0.779708
1.514997
0.959032
0.658923
0.381038
1.089793
1.054719
1.262182
1.071126
0.868842
0.317635
0.364602
0.773441
1.959749
0.485930
1.104719
1.062242
0.317729
0.119100
0.848747
0.053263
0.375193
1.116028
0.085373
0.659127
1.624777
0.797126
1.002076
1.203705
0.821298
0.232140
0.435528
2.150075
0.824707
1.193112
1.338893
0.661072
0.021291
0.771608
1.257234
1.000000
0.881287
0.955328
1.147193
0.993579
1.231291
1.000000
0.611837
1.087034
0.153818
1.937941
0.888967
1.000000
1.177363
1.052880
0.504093
1.214586
1.083185
0.736418
1.116647
0.729055
0.904857
0.781999
1.282252
1.496579
0.012259
1.009729
0.142901
1.236258
1.445462
1.012371
0.451391
1.026855
0.995366
1.000000
0.852642
0.950022
0.060970
1.099152
1.031450
0.061267
1.027913
0.613903
1.047752
0.668317
1.492806
0.971166
1.093373
0.797504
0.837639
0.502933
0.786782
1.331380
0.330208
1.007561
0.991072
1.291520
0.542877
2.598903
0.000686
0.042711
0.735801
0.074263
1.771573
0.788198
0.734736
1.036820
1.000000
0.809987
3.369017
0.266729
0.854696
0.000713
0.864399
1.000000
0.520774
0.583208
3.936005
0.004862
1.200028
0.523036
0.255869
1.106086
0.701538
0.000370
1.858344
0.614084
0.415153
1.169767
0.917061
0.720831
1.424695
0.481260
0.255210
0.069075
0.609390
16.775742
1.000000
1.030894
0.588294
0.446180
1.300399
3.665281
0.371701
1.240982
1.020975
0.748078
0.170674
0.305291
0.698218
0.845793
0.479452
0.513308
1.061926
0.105154
1.468747
0.765426
0.962991
0.566731
0.718801
1.024896
2.253655
1.053643
0.843971
0.284674
0.707989
0.612905
0.060379
0.976602
1.135638
0.911465
0.886297
0.950040
1.079233
0.960917
0.429897
1.169448
0.136529
0.919280
0.980524
1.258986
0.009508
0.853557
0.434411
0.582504
0.764920
0.282145
0.766613
0.638034
0.109834
1.061512
1.040685
0.066476
0.669057
0.689432
0.294844
0.977508
0.482222
0.155266
1.092050
1.302230
1.782541
0.294909
0.940401
0.757251
1.312264
0.025680
0.717203
0.968018
0.726669
0.985704
1.391837
0.841764
0.514844
1.000000
0.536731
0.584455
0.658060
0.638015
0.504998
0.985645
0.587436
0.744316
0.761196
0.778258
0.467153
0.650604
1.088637
0.751658
11.016946
0.217580
0.539427
0.916813
0.046111
0.352355
1.191168
3.171990
0.781089
0.914515
1.004777
2.892367
2.038675
0.928841
1.023161
0.912113
0.589918
0.500211
0.000000
1.636062
0.253594
0.991294
1.263071
1.111119
4.128234
0.963651
0.093616
1.017642
1.003698
0.049270
4.023340
0.906361
5.119466
1.781966
1.406593
0.983484
0.959518
0.840258
1.260243
1.000000
0.994037
1.448441
1.087765
1.000000
1.025330
1.040877
0.375419
1.019092
0.038876
1.133448
0.345729
0.808548
0.361000
1.215778
1.906247
0.008777
0.315480
0.003897
0.904615
0.926762
0.606451
0.642469
0.935820
0.046216
1.171264
0.550519
0.703216
4.101356
0.088419
1.975638
0.308633
0.632753
0.766199
1.125813
0.643769
0.733332
1.051911
0.954719
1.421157
1.708820
1.000000
0.069927
0.679706
0.895685
0.003514
0.535592
1.749243
1.148204
0.690095
0.795580
1.729727
0.051715
1.134717
0.013411
0.771967
1.055319
1.368532
0.037717
1.087833
0.096086
1.260114
0.057794
0.861014
0.873984
1.336732
0.630116
1.328662
0.522848
0.720214
0.332105
1.109122
0.924789
0.000012
0.735428
0.477907
0.855977
0.138629
0.812940
1.036852
0.663356
1.160832
1.149364
0.993086
1.078879
0.087246
0.932961
1.033021
2.001441
0.999862
3.460158
0.860551
0.012684
0.692447
1.151629
0.574850
0.444201
0.749005
0.630291
0.024931
0.763361
0.897143
1.753263
1.682326
0.000330
1.095040
0.321173
0.218807
1.262891
0.804127
0.015454
0.834418
0.455958
0.089824
0.164259
0.168578
0.863688
0.022261
1.926244
0.476340
0.824287
2.001436
1.161254
0.131847
1.055128
0.872033
3.623277
0.988121
0.702680
1.866686
0.053544
1.000000
0.714121
0.245224
0.916517
1.196665
0.750571
0.812469
0.983598
0.973074
0.001999
1.497538
0.243442
0.305405
0.357699
0.020016
1.055168
0.868870
1.123746
0.632893
0.200814
1.679122
0.851258
1.064440
0.132958
2.834450
0.010707
1.069300
1.222006
1.510398
15.472251
0.595891
1.230446
1.004250
0.595429
0.250109
0.950127
1.196495
1.001368
0.399171
0.893531
1.351039
0.749864
1.611208
1.044390
0.851778
1.891907
1.094362
2.153713
0.054463
0.770422
0.060193
0.495585
1.016228
1.165584
0.680635
1.061744
0.727369
0.722559
0.927694
0.892859
1.024058
0.910197
1.000000
2.190556
0.269194
2.793861
1.000000
0.018623
0.925784
0.003538
0.902419
1.337721
0.659137
1.000000
0.999692
0.648908
1.329747
1.204887
1.020143
1.652090
0.421675
0.427315
0.617668
0.000789
0.342283
0.045091
1.442694
0.193658
0.006149
0.637601
0.243914
0.020016
1.038327
1.856899
0.126091
0.387106
3.382318
0.099169
0.034329
1.018907
0.453194
0.117129
1.593357
2.099269
0.051177
0.507566
0.985905
0.436767
1.180781
1.357892
0.242134
1.021217
0.648204
0.658668
0.250963
0.002657
0.423195
1.050749
0.106680
0.534900
1.119151
1.122132
0.000926
0.977509
0.045572
1.664680
1.104399
1.166662
0.239589
2.403691
0.009737
0.024805
1.152686
0.389184
0.041049
0.674121
1.002675
0.592666
0.320057
0.848136
0.913862
0.107918
1.379134
0.908791
1.604405
1.183698
0.013504
2.659507
1.298487
0.818069
1.611946
1.001871
0.832438
0.713671
0.021590
1.007123
0.990755
1.562746
0.922222
0.126707
0.005534
0.151460
0.958391
0.314231
0.083299
1.015700
0.544044
0.303571
1.049978
0.617738
0.794313
0.991362
0.889192
0.974972
0.741348
1.381220
0.948824
1.431146
0.166402
1.154271
0.152552
1.807086
0.006083
1.353584
0.908812
1.454521
0.561121
0.773949
0.000004
0.037401
1.199720
0.767518
0.983317
0.524069
1.097891
1.004011
1.553583
0.563927
0.710155
0.412384
0.084674
1.197222
0.910370
2.199832
1.021942
1.243626
0.000016
0.323418
1.117393
1.009959
1.129342
0.401085
1.386010
1.386359
0.014596
0.524558
1.352770
0.539192
0.683520
0.892071
1.017992
0.850494
1.039765
0.586339
0.481264
1.383286
1.198644
0.910811
0.855617
0.882269
1.002092
1.055657
1.011405
0.919432
0.930976
0.987636
0.256206
0.374731
3.707955
0.826555
0.784064
1.731418
0.070926
0.966547
0.033175
0.317306
1.396107
0.841901
0.891967
0.675516
1.176063
0.653965
0.006226
1.738322
0.356932
0.540722
0.535520
1.295493
0.250320
0.966678
0.994117
0.674446
0.489714
0.973933
0.410017
0.294716
0.021124
0.731939
0.638095
1.413455
1.227106
0.233063
0.377781
0.084048
0.734377
0.930595
1.113623
1.998032
0.656165
0.784736
3.772301
1.116818
5.060214
0.918960
0.147831
0.466799
0.528475
0.986843
0.293910
1.006946
0.998350
0.875475
0.964349
0.041100
1.732744
1.071150
1.010716
1.026189
0.983385
1.233451
0.008167
1.348692
0.950100
0.182078
0.163649
0.007809
0.618978
0.270881
0.697740
1.727354
1.014274
0.958810
0.697789
0.955380
1.278928
1.421036
0.000062
0.998734
0.118923
1.166929
0.719894
1.179462
0.335796
0.792775
0.058321
1.020850
0.087669
1.507137
0.915180
0.923105
0.917104
0.757438
0.091334
0.909948
0.614523
0.012720
0.444466
1.189532
0.973448
0.760366
1.379895
0.710354
1.078560
4.982585
0.005840
0.405160
1.048891
2.362828
1.233460
0.792344
0.718766
0.963861
0.073496
0.985606
0.538982
1.058478
1.026558
1.232293
2.548552
0.154108
0.649408
0.778617
0.569696
1.046329
1.003643
0.761332
0.673597
1.238531
0.861777
0.942732
0.117103
0.001135
0.007968
1.040636
1.785704
0.971625
43.224739
0.606460
46.531555
1.129252
0.714057
0.907593
1.428942
1.022523
3.337637
1.015521
1.030863
0.483657
0.558409
0.852518
1.026256
0.935637
1.075773
1.022637
0.999462
1.044072
0.525237
1.040321
1.188165
0.761616
1.087965
1.386451
1.097322
1.395910
0.801126
1.433106
1.329064
0.493305
0.157346
1.069129
0.029302
1.133843
0.763553
0.630489
0.992324
0.881551
0.870030
1.241728
0.782748
1.011650
0.918452
0.004317
0.856087
0.669427
1.176301
0.544117
1.000000
0.733342
0.392191
1.181751
0.017793
0.561744
0.090361
1.849290
0.859260
0.000892
0.902713
0.000011
1.987495
0.649397
0.544688
0.659945
0.357393
1.044006
0.340390
0.552326
0.652322
1.119342
1.063619
0.551166
1.359526
1.310834
1.119273
0.701312
1.194398
1.177492
2.167624
0.004119
0.046537
0.296909
0.267533
1.783003
1.116674
0.516098
0.622641
0.561868
0.680629
0.982595
0.096407
0.818370
1.009914
1.077587
3.540494
0.660801
1.009921
0.830865
1.283605
0.965426
0.013422
1.005240
1.216092
4.389762
1.108474
0.455547
1.258319
0.912883
0.665969
0.243402
0.001727
0.054906
0.551558
0.963916
1.027026
0.030430
1.100496
0.174175
0.001160
1.189866
1.109203
3.490508
0.218887
1.694690
0.505004
1.426295
0.771962
0.952062
0.857639
0.611479
0.604731
0.943712
0.788315
0.218227
0.796580
0.457813
0.006357
1.108471
5.420699
1.113131
1.692840
1.099841
1.472731
1.584682
0.994369
0.573414
1.171973
0.053064
0.082103
0.772138
0.991479
0.937543
2.381872
0.617377
0.101011
0.516436
1.205652
1.046047
1.818827
0.976368
1.078555
0.858264
0.997366
0.785522
0.000027
0.750453
0.000031
0.755115
0.744965
0.245785
1.000000
1.058484
0.032746
0.519471
1.152902
0.337376
0.085270
0.049466
1.021633
0.549808
0.099049
1.019329
1.659717
0.373471
1.085441
0.720198
0.904001
0.884660
0.998270
0.634842
0.379705
0.316156
1.201381
0.879121
1.013983
1.050828
0.504936
1.000000
0.662034
0.935558
1.007310
0.465329
0.053793
0.986161
0.972800
0.962008
0.338022
6.818192
0.585271
1.000000
1.337156
0.280916
0.804677
0.901304
0.997857
0.014794
1.140200
0.723865
0.476638
0.942308
0.092493
0.548449
1.048990
2.013050
0.106721
1.160765
0.870252
1.007377
0.004116
0.979523
0.961347
3.818764
2.084792
3.173722
1.303422
1.104882
0.012472
0.028103
0.600177
0.026921
1.116427
3.539904
0.122318
0.100637
2.632172
1.447234
2.131486
1.217852
0.913650
0.750968
1.000079
0.596337
0.952450
0.899575
0.846827
0.278539
0.879670
1.001770
0.838064
0.930799
1.705234
1.522337
0.549584
0.141059
1.113105
1.163429
1.980292
1.153157
0.389903
1.044739
0.642089
0.167148
0.411866
1.013713
0.603162
0.364795
1.038121
0.697281
0.283357
1.145461
1.320377
0.633147
8.050726
0.805868
1.016945
0.943931
0.937950
1.071063
0.882542
0.039776
0.176375
0.830134
1.282173
0.795111
0.311482
0.368307
1.049657
0.711183
2.687982
0.557189
1.356877
1.151194
0.861379
0.391019
0.925608
0.942875
1.359421
1.049382
0.004427
0.779156
0.821933
1.348475
0.297345
1.023825
4.108929
1.009034
0.023398
1.008152
0.973009
0.449439
0.550693
1.369917
0.796136
0.944234
0.315990
0.032797
1.335608
0.934320
0.343541
1.109261
1.023630
1.018476
0.100783
0.173786
0.547040
0.497250
0.559865
0.814504
0.334577
0.002396
0.947531
3.834937
0.468703
2.451191
1.105390
1.388949
0.880957
0.469901
1.385711
1.938640
0.993744
0.767727
0.406848
1.205058
0.835430
1.144243
0.980065
1.027625
0.245791
1.299237
0.844889
0.176009
0.701052
0.988576
0.805072
0.812509
0.807082
1.028114
1.825715
1.055903
0.363313
0.699136
3.250825
0.796796
0.913869
0.949686
0.517445
1.698842
1.007978
0.974623
1.027259
0.950175
1.025039
1.007229
2.472563
0.988742
0.481946
0.262020
0.236878
1.013101
0.125525
1.225490
0.958642
0.472817
0.049250
0.378263
1.196507
0.712896
0.018457
0.875025
0.311920
1.033125
0.563585
1.012553
0.573815
0.211755
0.505253
0.699785
0.963845
0.048194
1.710869
0.058039
0.207429
0.958569
0.990229
1.034577
1.175631
0.798971
6.795284
1.133833
0.615591
0.954263
0.012873
4.281041
1.365519
0.094797
1.019877
1.572035
0.133535
1.009866
1.786205
0.227449
1.011768
0.404374
1.354078
0.978941
1.005241
1.046328
0.750777
0.754774
1.419667
0.464657
1.591903
0.998908
1.122070
1.412270
1.024050
1.842934
0.994452
1.079492
0.222379
1.026465
0.721160
1.002875
0.381025
0.917056
0.614739
1.056486
0.758139
0.411254
1.249767
0.566922
0.941346
1.195156
0.044017
1.098156
1.041506
0.938878
1.099159
0.988570
0.945810
1.049559
1.018872
0.289781
0.727154
1.187740
1.000652
0.968073
0.083812
0.993377
1.241233
1.080378
0.696214
0.285927
0.844980
0.859744
0.851659
0.041248
1.011141
0.933222
0.852151
0.479406
0.427048
0.584567
1.335523
1.397365
3.562211
1.050675
0.621503
0.658058
1.053275
0.974430
0.560415
0.352810
0.905417
1.029712
0.963039
1.093106
1.272531
1.057969
1.171808
0.962490
0.722975
0.019643
0.639440
0.996729
1.137276
0.868197
1.039852
1.331001
0.918798
0.752270
1.190159
1.085256
0.056138
0.866509
2.593723
0.410259
1.070051
0.825809
1.369051
0.992785
0.181189
0.044943
0.219143
0.124459
0.609796
0.823493
2.130468
1.025098
0.013478
0.420681
0.719432
0.023621
1.004685
0.121061
1.010491
0.349145
1.132214
0.820789
1.774092
1.020796
1.105402
0.927749
2.551657
0.140092
1.004272
1.166975
1.010650
0.551278
1.034279
0.002416
0.980892
2.513247
1.224203
0.912133
0.422212
1.598512
0.235148
0.956857
0.706553
0.983451
1.302503
1.309358
0.712194
1.230915
1.050855
0.532733
0.139068
7.181340
0.039253
1.003594
0.342280
0.572929
0.138984
1.007984
1.009560
1.093197
1.002109
1.353385
0.424225
1.145366
1.097476
1.859318
2.992823
1.085196
1.015622
0.329171
1.103400
0.656128
0.823162
1.188399
0.012193
1.112271
0.988883
0.041227
0.747047
1.102233
1.003800
1.102542
1.080619
1.046342
0.003294
0.822352
0.822840
0.993203
0.915935
1.209048
0.948065
1.000872
1.162737
1.092902
1.289594
0.139396
0.182784
1.042833
0.346655
0.608132
0.933020
1.726401
1.095331
0.800985
0.000701
1.030637
0.890270
0.851011
0.342385
1.490808
0.883920
0.978081
0.546902
0.967589
0.693550
0.790009
0.866729
0.679945
0.973477
0.920395
1.284603
0.738720
0.887897
1.080573
0.370360
0.924802
1.268817
0.569606
0.976704
0.180080
0.719760
1.026764
0.857233
0.952132
0.060489
0.559366
0.920168
1.205928
0.392235
0.857393
0.650196
1.096143
0.232811
0.607817
1.113463
0.899878
1.111870
0.467230
1.261838
0.980396
1.040595
0.402337
0.525274
0.998586
1.816892
0.008567
1.000000
1.231620
0.726950
0.922759
1.009428
0.828352
0.900712
2.063745
0.970033
0.323328
2.056617
0.981648
0.983958
1.009087
0.072246
0.186436
0.515901
2.664822
1.023147
1.706422
1.112216
0.958538
0.935879
1.192633
0.883004
2.910815
0.958433
1.007224
1.118308
0.996587
0.443800
0.810717
1.178783
0.722764
0.963106
1.237334
0.496944
0.977044
1.107100
0.997890
1.576596
1.037572
1.101176
1.020182
3.448459
0.129510
0.470192
0.920601
1.324555
2.614755
0.516814
0.137896
0.016618
1.516004
1.124295
0.446508
0.676412
0.290644
1.025956
0.086527
0.968844
0.837849
0.967291
0.065885
4.051293
1.571946
0.864290
0.574136
0.003267
0.540060
0.108656
0.120317
0.968932
0.091189
0.901424
1.197534
0.688717
0.058443
0.960518
0.843892
0.948583
5.488209
1.101465
1.037529
1.040570
0.119567
0.179790
0.997272
2.467626
0.330316
0.270371
1.379301
1.152299
2.162141
0.691884
0.840383
0.217827
1.000000
1.023256
0.614929
0.561536
0.925889
1.014399
1.016874
0.992324
0.869987
0.904425
0.848523
0.965898
1.502548
0.054755
0.973734
0.153171
2.392290
0.931711
1.104908
1.046654
0.772658
0.927040
0.991066
0.577190
0.998443
0.765619
1.840933
0.949424
1.114880
0.919738
0.024690
0.395745
3.254460
0.483874
116.982688
0.997398
0.393311
1.687080
1.970600
1.071120
0.880615
0.639678
0.811346
0.849152
4.216690
0.370597
1.039186
1.116676
1.061392
0.946105
0.488279
1.050193
0.861537
0.899095
0.701553
1.065579
1.342934
0.188184
0.266147
0.674763
0.799722
1.482955
1.074910
1.308292
0.638371
0.888721
0.843214
1.235070
0.940468
1.087247
1.109894
0.001346
1.456281
1.534040
1.971422
0.384091
0.594069
0.437717
1.227627
1.282403
0.046704
1.276916
1.380677
0.112190
0.343390
0.688976
0.476648
1.722399
0.610419
0.040335
0.379339
0.675250
0.604431
0.438480
0.528679
0.017306
0.590821
0.926646
1.540719
0.569749
0.925003
0.170476
0.764825
1.163208
0.189055
0.858752
2.805653
0.421330
0.214648
2.565282
0.932166
0.986935
0.884366
0.734594
0.619967
0.460369
0.748444
1.129448
1.697582
0.000414
0.006107
0.847388
1.850981
0.104423
0.534479
0.280007
0.211234
0.011665
0.009400
1.070126
0.908839
0.146446
0.000024
0.535486
1.118604
0.829267
1.182630
0.752653
0.602136
0.006017
0.000343
0.065558
0.351048
0.973878
0.072863
0.676343
0.081956
0.757333
1.156480
0.000009
0.170907
0.030416
1.139219
0.018043
0.412591
1.204417
0.231148
0.577464
2.309878
0.497882
0.002787
2.468200
0.179218
4.482245
1.000000
1.000000
0.213409
0.657302
0.227411
0.000519
2.095275
3.783838
0.201548
0.410951
0.889991
1.265878
5.604900
0.000291
0.049478
0.007521
0.993859
0.409718
1.665451
0.325685
0.256559
0.073351
0.169010
0.410431
3.117054
0.229550
0.785554
0.365281
0.489277
0.154181
0.541275
0.547653
0.340734
0.078598
0.539383
0.715630
0.953952
6.764187
3.740559
0.534469
0.509674
0.376629
0.601906
5.167459
0.000263
3.047840
0.050118
0.297795
0.294625
1.110631
0.000000
0.516721
0.491990
0.607816
0.009055
0.307517
0.227131
0.293619
0.062815
0.582107
0.267713
2.465717
1.250878
1.433954
2.517009
0.403972
0.440951
1.643728
0.016663
0.060792
0.159039
0.673421
1.300847
0.182671
0.253814
0.853473
1.462739
0.276315
0.475859
0.780478
1.376942
1.909274
1.972880
0.862897
1.936109
0.715114
0.980368
0.895230
0.325506
0.033530
0.649838
0.590069
0.010500
6.656676
0.704120
8.438295
2.148982
0.182325
0.054798
0.163325
1.500038
1.140203
0.000007
0.027225
1.124884
0.000127
5.433402
0.361402
1.854711
6.248669
0.620858
0.298731
0.182574
0.143467
0.111439
0.216799
0.119569
1.951993
0.003229
0.442430
1.434203
0.471255
0.051869
0.440727
1.150821
0.610560
2.485174
0.206617
2.180137
19.416263
0.445797
0.039303
2.248850
1.024496
5.171962
5.350912
0.559069
0.818823
0.012256
0.021651
1.126776
0.511152
0.008022
0.051800
0.310318
1.433757
1.176977
2.579496
0.477956
1.222522
1.291214
0.595484
1.105515
0.419872
1.141849
0.147527
0.775425
0.055116
0.027920
0.313399
0.018416
0.869433
0.988281
0.063025
0.758590
2.007241
0.002058
1.328977
0.710627
0.569483
0.371804
0.490241
1.732108
0.583974
0.065058
0.400913
1.960781
0.571596
0.263236
0.017405
0.585425
0.140433
1.757180
0.000000
1.493003
0.505763
0.203140
2.382463
1.463752
0.472794
0.575109
2.435544
0.003842
0.205791
1.374399
0.003310
0.040511
0.241887
0.177647
0.001574
2.500163
1.809807
0.136529
0.058724
3.514891
0.046542
0.530290
1.216917
0.053860
0.703478
0.479087
0.459554
0.946126
0.000000
0.966336
0.077908
0.224332
0.010390
0.271916
1.157304
0.171789
2.007870
0.000006
0.023979
0.037177
0.413423
0.000028
0.216525
0.000000
0.739305
2.328317
1.008646
0.806949
1.400541
1.123207
0.009412
0.437100
0.562855
0.451718
0.413744
0.000282
8.535418
0.087814
0.000911
0.370496
0.542184
0.116704
0.165820
0.015893
0.426889
0.772048
0.006778
0.145579
0.008722
0.001156
0.870016
1.121444
0.001927
0.025220
2.363996
0.059249
0.035112
0.905858
0.003252
0.388139
0.193546
0.068462
0.024861
3.132727
0.550331
0.018606
0.764297
1.972103
0.002715
0.236186
0.102361
0.008999
0.951280
4.895111
0.075794
0.016440
1.270653
0.438733
0.059137
0.000002
0.877403
0.000048
0.777346
0.010180
0.001845
0.040314
0.178148
0.458216
0.348313
0.642809
0.192108
0.250812
1.027904
0.000879
2.037265
0.048483
1.001875
1.765654
0.135721
0.046272
0.708194
5.953985
0.025616
1.089367
0.013807
0.001249
0.001563
8.241740
0.000000
0.073258
0.056607
0.002639
0.620586
0.000000
1.111129
0.507672
0.282223
1.771062
1.368336
0.028193
0.335619
0.604234
0.001116
0.129514
1.075651
0.172063
15.343295
0.014812
0.599873
3.034930
0.427416
1.237645
1.484087
0.224493
0.054480
0.071446
0.035080
0.903105
0.027526
0.808618
3.156151
1.825075
2.012670
0.096136
0.000000
0.127188
0.124628
0.079858
1.342525
0.149791
0.035371
0.188692
0.003750
1.670079
0.893667
0.034966
0.000138
0.238304
0.045507
0.000648
1.965255
0.004434
1.146469
0.624209
1.046557
0.253529
0.872550
1.115413
0.061023
1.088180
1.100383
0.000027
0.128918
0.000649
0.223496
0.117923
1.307061
1.601080
0.007911
0.915812
0.011912
0.233301
0.178482
0.146421
0.816910
0.050613
0.024900
0.100621
0.900588
0.094176
0.549573
0.000000
0.001016
1.397417
0.721370
0.008199
0.307033
0.063722
0.002553
1.068604
0.891754
0.007189
0.814062
0.096460
0.040821
0.082328
0.000169
1.735675
3.666428
0.027535
0.008050
0.000001
0.873148
0.002201
0.297195
0.000366
1.468970
0.814733
0.002023
1.005458
0.126219
0.055163
0.938720
1.966712
0.000940
0.269319
0.057746
0.000094
0.363460
0.612720
1.150980
0.259373
0.626097
0.008926
0.107118
0.130085
0.543867
42.929209
0.252764
6.752276
0.000052
0.644583
0.021149
1.164075
0.000000
2.030603
23.378997
4.261731
0.079635
0.338520
0.008738
1.021221
0.288871
1.103255
16.368878
0.000001
0.099115
4.695543
1.311521
0.002260
0.021588
0.097302
0.011329
0.008590
0.000000
1.869569
0.329916
0.251275
0.406937
0.919016
1.059541
0.568776
0.000037
0.026796
1.048258
0.925807
0.127436
0.222771
0.000001
1.059171
0.004070
0.018560
2.174478
0.010054
0.632020
0.510265
0.114778
0.012545
0.286010
0.002542
0.491370
0.024366
0.050930
0.003570
0.864383
6.925241
0.811659
0.055373
0.051528
0.103540
0.174585
0.824501
0.437848
0.169568
0.279325
0.686940
0.127331
0.067692
0.928996
0.000009
1.173226
0.273281
0.003871
0.490115
0.030743
0.288997
0.298219
0.067388
0.195303
1.117547
0.000002
1.408880
0.456942
0.003264
0.733789
0.015870
0.000112
1.586542
0.004146
0.363682
3.009877
1.329580
1.012561
0.030686
0.040722
1.104390
1.336546
1.273387
7.020236
1.708682
0.000065
0.417401
0.000376
0.109144
0.004478
0.772602
0.000240
0.269772
0.084167
3.625722
0.000919
0.806324
263.795628
3.072069
0.388213
0.018946
0.002521
0.042756
1.010439
0.061915
0.822134
0.881497
2.358429
0.000460
0.901554
0.150048
0.022715
0.501710
0.000210
1.014091
0.956861
0.074449
0.624649
0.028889
1.617960
0.041538
0.430120
0.069130
0.034727
0.038303
3.084961
0.051127
0.987812
0.000000
0.001110
0.000000
0.002468
1.862120
0.025597
0.180386
0.043394
0.000212
0.109973
0.738890
4.848412
0.375557
1.426732
0.024430
0.067462
0.091660
0.000593
0.000000
0.119289
0.908825
0.620027
0.116546
0.000933
0.000000
0.382697
0.222087
0.267289
0.000534
0.082119
1.100996
0.068147
0.000068
0.001180
1.971997
0.047241
1.112832
0.000000
0.050831
0.016288
0.066021
0.551576
1.225129
0.499993
0.774678
2.381629
0.000643
6.291207
1.034441
0.112050
0.005970
0.018088
0.836744
1.176486
0.175828
0.698453
0.448387
0.076591
0.000000
1.610087
0.031643
2.769572
2.991793
1.561826
0.015884
1.239810
0.053837
0.001960
0.482097
0.000012
0.000015
0.019454
1.396942
0.035829
0.794996
0.065307
0.034838
0.007871
0.000048
0.000000
0.000612
0.000000
0.516407
0.067007
0.014163
0.135686
0.001192
0.340838
1.306734
0.000188
1.111273
0.462812
0.000405
0.407367
0.003036
0.091065
0.462731
0.685816
0.220632
0.008031
0.090719
0.900860
0.010531
0.027228
0.601224
1.870814
0.360752
0.032511
0.619100
0.000000
1.750800
0.000000
0.408089
0.053224
2.294350
0.029212
1.331133
3.384676
0.289744
0.142406
0.002151
2.004546
0.086135
0.053608
0.017740
1.100519
0.001518
0.000000
0.184426
3.219367
0.000000
0.000722
0.023990
0.828726
0.385873
0.264690
0.000025
0.653618
1.195325
1.992230
0.098823
0.322114
0.045246
1.000000
0.000756
1.260534
3.314150
0.007189
0.675834
0.853822
0.201810
0.026687
0.553036
1.709917
2.945250
0.000000
0.029698
0.273525
0.026670
7.759868
0.045662
0.000000
0.109047
0.175878
0.002965
0.172082
0.097059
0.001620
1.224828
0.648954
0.000001
0.017164
0.061646
1.052937
0.002884
0.000607
0.003565
0.000059
0.187303
0.983497
0.165222
0.095819
1.070582
0.161329
0.177055
0.083778
0.037169
0.743132
0.022098
0.328158
0.111915
0.429325
0.186133
1.196842
0.191683
0.498158
0.332557
0.739868
0.046102
0.022169
0.629733
0.038721
0.165751
0.097780
0.000000
0.022414
0.001255
0.345424
0.313456
0.027438
0.107751
0.007509
17.071665
0.021415
0.057700
0.011890
3.093217
0.000167
0.000000
0.000249
0.000834
0.808079
0.007654
0.083513
0.005105
0.000009
0.000000
0.517157
0.000460
1.332748
0.037071
5.512987
0.000314
20.024908
0.059203
0.027352
0.016946
0.763084
0.013300
1.278189
0.014969
0.181356
0.000017
0.024277
0.310850
0.196720
0.362745
0.087056
0.015236
0.003144
0.007475
0.216568
0.338187
0.018175
1.095178
0.268264
0.004677
0.002829
0.385144
0.003283
0.018361
0.247815
0.999507
0.074523
1.338353
0.422362
0.494073
0.011403
0.142655
0.089223
0.425548
0.000568
0.015384
0.000107
0.006546
0.515413
0.011847
1.000000
0.049170
0.008244
1.406477
0.788068
0.026690
0.229169
0.007662
15.173943
0.000353
0.030196
0.000012
0.159866
0.000088
0.000001
0.182017
0.000429
1.014201
0.275195
1.063711
0.000000
0.004489
1.523300
0.000343
0.716902
1.340725
0.000025
0.037377
0.060577
0.002856
0.004823
0.026725
1.666058
0.000371
0.484814
0.422362
0.213942
0.050783
1.162071
0.000000
0.142046
0.021621
0.047549
0.036805
0.200182
0.011064
0.003653
0.218911
0.000098
0.023831
0.000399
0.005014
0.016440
1.000000
0.000343
0.000013
0.000471
0.653479
0.002066
0.657464
1.088629
0.054865
0.652987
0.000896
0.868787
0.000000
0.239441
0.009893
0.000154
3.543403
0.665181
0.012507
0.000666
1.376552
0.000391
0.087808
0.000000
0.000565
0.245235
0.126104
1.623526
0.036322
0.371813
0.005847
0.000056
0.000000
0.054322
0.151069
0.005666
20.542531
0.000000
0.000004
0.000000
1.099736
0.265659
1.084015
0.000082
0.008354
0.002293
0.000169
0.007562
0.000000
0.600659
0.032985
0.000013
0.007074
0.248108
0.000039
0.000091
0.061626
0.188687
1.145622
0.050346
0.433943
0.000152
0.003400
0.021024
0.000005
0.074907
0.095385
0.013215
0.002103
0.000000
0.221839
0.425539
0.000031
0.158894
0.000006
1.139024
0.041314
0.181821
0.043129
0.005519
0.334968
0.000294
0.000000
0.002270
0.793891
0.000118
0.065867
0.000823
0.015539
0.945948
0.060680
0.050597
0.134148
0.388561
0.000038
0.987723
0.549614
0.088061
0.012479
0.000195
0.934352
0.000000
0.000000
0.180509
0.001500
0.000651
0.016662
0.021142
0.752737
0.410514
0.427014
0.000108
1.091367
0.000000
0.001091
0.644916
0.009861
0.012724
0.986124
1.709630
0.000000
0.008640
0.288047
0.074815
2.272349
0.321635
1.080225
1.440523
0.020231
0.001100
1.016246
1.017303
0.012878
0.498768
0.000000
0.002126
0.000000
0.346586
1.034342
0.000017
0.084315
0.101531
0.003451
0.014842
0.996988
0.040821
0.007333
0.000002
9.860694
0.534251
0.003945
0.121645
0.124327
0.786412
0.021319
0.919238
0.006095
0.003210
0.008666
3.025556
0.795495
0.318167
0.216780
0.542447
0.000000
1.116366
1.038744
1.000000
0.004242
0.599288
0.158711
0.170542
0.001901
0.001346
0.818253
0.408442
0.033112
0.020372
0.000099
0.000000
0.081101
0.000167
0.094808
0.044371
0.037769
1.048966
0.015153
0.256662
6.892775
0.019072
0.993392
0.189520
1.865748
0.461848
0.059502
0.304581
0.000000
0.054611
5.929440
0.000097
0.319894
0.000000
0.054106
0.000264
1.063663
0.058669
0.000114
0.014310
0.000855
0.000042
0.062987
0.350524
16.614423
0.281643
0.000001
0.000001
0.797497
0.005404
0.000281
0.002662
0.000062
0.026056
1.127958
0.000894
0.226023
0.192580
0.642197
0.008536
0.210861
0.000139
0.268967
0.334400
0.153766
0.026401
0.489734
0.126584
0.211695
0.367231
0.000019
0.025828
0.002528
0.046636
0.000000
0.043785
0.619667
0.000021
1.090834
0.121226
0.000189
0.038191
1.002115
0.230980
0.108492
0.008775
0.092371
4.231599
0.000103
0.014341
0.067961
0.000001
1.037488
0.887778
0.022808
0.001080
1.084906
0.403305
0.679873
0.100928
0.113468
1.145540
0.668415
0.916063
0.000000
0.847737
0.076261
0.002362
0.177958
0.000741
0.972542
0.024548
0.323669
1.384061
3.392072
0.028716
0.000002
0.008022
0.000095
1.075568
0.007363
0.001886
0.000047
0.002456
0.983119
3.775960
0.000846
0.018086
1.139502
0.030600
0.362444
0.000025
0.049010
0.906231
0.023814
1.003541
0.000289
0.000000
0.904779
0.007621
0.673862
0.000105
0.015935
0.018912
0.000052
0.593553
0.003236
0.163643
0.983628
0.000015
0.000206
0.087767
0.015930
0.000000
0.001573
0.000631
0.000629
0.005975
0.148085
0.604420
0.003070
0.036799
0.000010
0.063167
0.676735
0.869352
0.001123
0.003030
0.047339
0.028304
0.302194
0.000010
1.778868
0.064446
0.107505
0.019851
0.000003
0.006173
1.508439
0.493528
2.686046
0.001459
0.039829
0.197938
1.116272
0.008141
0.006093
0.001097
0.001506
0.872952
4.305614
0.023057
0.000026
0.000063
0.960703
0.881653
0.007327
0.012122
0.387013
0.161256
1.321778
0.427455
0.028402
0.003136
0.146237
0.013993
2.495362
0.172085
1.270058
0.048562
0.003685
1.003858
0.055863
0.000026
0.292001
0.007382
0.005217
0.000003
0.031786
0.000706
1.797324
0.001776
0.000000
0.001658
0.088907
1.686672
0.467685
0.004718
0.061681
0.244289
0.000000
1.151272
0.977067
0.969915
0.000067
1.190978
0.520250
0.091891
0.625670
0.000032
0.040253
1.034257
0.266615
0.000223
0.053337
1.013808
0.000531
4.865536
0.000569
2.803751
0.575888
0.009147
1.261833
0.262755
0.051861
0.015236
0.002268
0.745426
0.000000
0.000016
0.639821
0.364636
1.061309
0.019798
0.000103
0.000001
1.074057
0.000000
0.009291
0.000237
2.225120
1.101877
0.000000
0.000000
7.888844
0.000003
0.002413
0.242439
0.000831
0.063731
0.199449
0.058642
0.028743
1.169388
0.000039
1.015932
1.042365
4.880174
0.000035
0.103754
0.002526
0.005095
0.000137
1.267042
0.000622
0.346225
0.676962
1.022361
1.283018
0.000000
0.003314
0.416253
0.003071
1.039441
0.000000
0.000039
0.000141
1.056624
0.022119
0.000036
0.000010
0.000000
0.973173
0.086731
1.020316
0.002180
0.000787
0.000050
0.000927
0.027924
1.261847
1.014109
1.795531
0.936478
5.416904
0.000000
0.000028
0.003805
1.245567
0.902533
0.143743
0.823200
0.002723
0.003278
0.000070
0.003097
1.112277
0.000000
0.077138
0.003553
0.343040
1.126972
0.201261
0.088851
0.077003
0.709110
0.012017
0.115426
0.001225
0.036887
0.630514
0.019575
0.185391
0.000000
0.016206
0.000000
0.007237
1.020290
0.220470
0.839308
0.195199
0.004913
0.071353
0.208912
0.096044
0.000889
0.383071
0.032331
0.522947
2.084704
0.003375
0.029430
0.765062
0.831817
0.000181
0.008165
0.083566
0.000378
0.004984
0.027707
1.237250
0.382367
0.339517
0.005157
0.844599
0.000000
0.000109
0.016731
0.004538
0.888286
0.080327
0.110740
0.380280
0.532621
1.300321
0.869352
0.568699
0.111348
0.834027
0.001091
0.000844
2.389193
0.007390
10.887169
0.000000
1.009096
0.003194
0.000000
1.082000
0.548447
0.497933
0.310240
0.000003
4.333363
0.725404
0.000022
1.409004
0.055958
1.042534
0.251664
0.016579
0.004406
0.821015
0.004596
0.000002
0.002449
0.046653
0.000000
0.000002
1.705112
4.852875
0.619162
0.000000
0.000034
0.000000
0.000130
0.065689
0.000034
0.000167
0.077019
0.000016
0.246085
0.326522
0.087526
0.000000
0.127285
0.000625
0.007665
0.258631
0.996710
0.000000
0.000000
0.030768
0.031593
0.997512
0.001390
0.002450
0.000000
0.015901
0.849329
0.938600
0.000640
0.913175
0.682242
1.265973
0.159801
1.016651
1.688846
2.335662
0.449292
0.003142
1.015249
0.000495
0.000003
0.145182
0.000516
1.491720
0.110745
0.226259
0.694103
0.003760
0.000000
0.634674
0.017909
1.080434
0.002527
1.024865
0.004163
0.014240
0.000000
0.019270
0.655626
0.000000
1.056207
0.785890
0.132846
0.005225
1.049208
0.039353
0.046784
0.662581
0.690843
0.000031
0.000966
1.428419
0.001055
0.112831
0.000595
0.348572
0.000051
0.000002
0.002399
1.011213
0.000399
0.000000
0.000098
0.985550
0.112304
0.527475
1.435400
0.000007
0.035344
3.794550
0.006739
1.027714
0.000060
0.000577
1.038196
0.089029
1.211934
0.772372
0.000000
0.000000
0.009835
10.458580
0.070360
0.010906
1.038933
0.000000
0.155203
5.638396
1.008944
0.000000
0.026257
0.016643
0.033877
0.026740
0.049282
0.051954
0.003158
1.060061
1.137190
0.142219
0.009458
0.000020
0.074784
0.845520
0.921228
0.020332
0.137737
0.114772
1.013562
0.959455
0.000004
0.000000
1.382295
0.000000
0.104779
0.002522
0.006328
0.033250
0.000058
0.000000
0.638248
0.002265
1.174030
0.000007
0.000001
0.010171
0.173727
0.137230
0.003359
0.058197
0.000001
0.000140
0.000001
0.000000
0.972751
0.136489
0.000016
1.393259
0.000154
0.958993
0.000194
0.169049
0.465130
1.026419
0.862444
0.193594
0.000000
1.590486
1.239854
0.590086
0.000155
0.862181
0.996784
13.413354
0.011031
0.004206
0.010631
0.013206
0.067301
0.882315
0.073965
0.001143
0.001207
0.049340
0.006962
0.947755
0.107240
1.036980
1.109349
0.005762
0.002790
0.000467
0.000557
0.000019
0.002763
0.968732
0.187086
1.287775
5.307723
0.000644
0.757712
0.023000
0.863937
0.008339
1.000000
0.999999
0.003482
0.918760
0.615706
0.000000
0.176514
0.001872
0.013404
0.001418
0.000000
0.867049
1.030769
1.277946
0.000000
1.286632
0.317887
0.000127
0.080333
0.931693
0.085997
1.610383
0.123678
5.755991
0.719329
0.016019
0.061365
0.786761
0.004489
0.815391
0.004182
0.844609
0.020223
1.018841
1.041137
0.181074
0.000000
0.963003
0.979639
0.003676
0.336456
0.016369
0.019543
1.517077
0.822700
1.230762
0.000049
0.770256
0.000047
0.000094
0.868492
0.049588
0.009460
0.901209
0.272867
0.549583
0.790634
0.447488
1.036977
0.036031
0.678328
14.712067
0.000188
0.000128
0.939953
0.000006
0.000000
1.006167
0.001214
0.000551
0.155843
1.080473
0.000011
0.000001
0.002549
0.010304
0.000663
0.000551
0.026777
0.506796
0.347471
0.000094
0.919225
0.109111
0.021613
0.958157
0.000063
0.003638
0.000038
0.000034
0.291664
1.121381
0.235006
1.323467
0.112321
0.000445
0.000000
0.363747
0.042529
1.033089
0.000000
0.002478
0.060243
2.189544
0.967438
1.238690
0.959985
0.385986
0.002136
0.001040
0.974984
0.000863
1.108779
0.172964
0.004327
0.074832
0.005627
0.001898
0.263379
0.068136
1.122123
0.001331
0.000005
1.107507
0.060041
0.900605
0.000062
0.000000
0.891981
0.044020
0.990471
0.014075
0.000000
2.076344
0.381582
0.004170
0.001477
0.000161
0.999423
0.097108
0.069382
0.000105
0.000110
1.320540
0.960784
0.207205
0.022174
0.330071
0.032732
5.500112
0.274425
1.004799
0.104621
0.001939
0.839456
0.000780
2.046182
3.840539
0.078676
0.000005
1.010391
0.091446
0.996290
0.868286
3.415761
0.000000
0.011276
0.934744
0.007587
0.069049
0.003194
0.000422
0.621488
0.000621
0.044318
0.002934
0.001877
0.003656
0.887687
0.632462
0.006743
0.109627
0.038029
0.016076
0.001637
0.015952
0.975349
0.078491
0.010543
0.000215
0.000000
0.000052
0.019235
0.034004
1.017124
0.715807
0.167956
0.000001
0.000663
0.872779
0.904721
0.000000
0.004993
0.000000
0.011952
0.043055
9.803412
0.901049
0.013209
0.004539
0.002281
0.000083
1.523410
1.027937
0.608566
0.007414
0.016858
0.047689
0.673805
0.000824
0.005516
1.069401
0.062086
0.015858
1.517786
0.757430
1.431896
5.568295
0.001537
1.132607
0.002290
1.001699
0.014180
0.996882
1.030389
0.000302
0.052804
0.326216
0.490150
1.553660
0.109680
1.576370
2.728596
0.000002
0.000238
0.323089
0.220809
0.748882
1.040990
0.000007
0.060911
0.005458
0.000005
0.002288
1.034961
0.034752
0.001014
1.005677
0.015653
0.093951
1.059015
0.983346
0.934392
0.377869
0.000051
0.511471
0.260529
0.119841
0.111241
0.017605
0.555668
0.532265
0.749658
1.193492
0.930300
0.000726
0.000000
0.946840
0.003371
0.153701
1.138160
0.163879
0.000323
0.008627
1.010589
1.202988
0.042584
0.954711
1.014556
0.016001
0.000055
0.003542
0.110497
1.311822
0.556814
0.001125
0.000460
0.011059
0.010020
0.000004
1.015024
0.293068
0.278007
1.010673
0.662135
0.121980
1.558814
0.140539
0.249986
0.105547
0.000003
0.038702
0.026272
1.023207
0.000003
0.191047
0.000000
0.381612
0.143985
1.267805
0.005960
0.000000
0.000141
0.867635
0.700146
0.987265
3.019682
0.002088
0.014410
0.874362
0.030193
0.000411
1.023332
2.169031
0.000000
0.010256
0.132328
4.087822
0.122945
0.000088
0.000766
0.000000
0.665981
0.024791
0.000004
0.084364
0.000000
1.041807
0.011346
0.000001
0.988724
1.061147
1.266485
0.010613
1.060864
0.001950
0.943958
0.043360
0.000038
0.007120
0.606247
0.048908
0.000000
0.000000
1.006904
0.047352
0.134948
0.014735
0.000618
0.558358
0.691106
0.341018
0.282595
0.195513
16.700139
4.448444
0.919378
0.979700
0.001451
0.749732
0.848224
0.003368
1.539954
0.013193
0.113648
0.000101
1.009807
0.053892
0.000235
0.121717
0.151925
0.000001
0.866173
1.069415
0.001650
0.882582
0.771628
1.174296
0.000264
0.016141
0.000000
0.035131
0.008363
0.016772
0.115733
1.065481
1.019178
0.000323
8.329983
0.000117
0.005503
1.165095
0.002005
0.156699
0.000002
2.968968
0.048240
3.606777
1.083691
0.045678
0.011525
1.114627
0.891005
1.161051
0.943323
0.000635
0.001100
0.005721
0.715028
0.045410
1.389498
0.000183
0.000486
24.033116
0.003696
0.877650
1.660803
0.000021
0.003584
0.905596
0.561219
0.033143
0.021259
0.001715
0.000000
0.043113
0.000000
0.692476
0.000008
1.001960
0.020954
0.000001
1.060064
0.000001
0.000002
0.000000
0.649067
0.001029
0.982531
2.515454
0.776316
0.069402
0.032824
0.849139
1.360544
1.476305
0.748488
0.002472
0.000241
1.350241
0.027078
0.000051
0.000000
2.892483
1.639016
0.000523
0.925372
0.002926
0.002535
0.974032
0.818999
0.000042
1.000000
0.000005
0.007603
0.039779
0.844856
0.004539
0.000000
6.148755
0.022391
1.344506
0.000108
0.000005
0.985048
0.969214
2.145428
0.000000
0.000050
0.008597
0.989105
0.000001
0.008554
1.650570
0.124372
1.488803
0.035725
0.623932
0.384672
1.054789
0.736015
1.149356
0.042514
0.895367
1.626634
0.933320
0.000000
0.668114
0.000127
0.618224
0.000472
0.348673
0.007794
1.045784
0.000245
0.091347
0.049592
0.920546
0.017981
0.987618
0.000567
0.921900
0.645578
0.000729
2.009898
1.216002
0.872024
0.000001
0.001955
0.005648
1.052341
0.037859
0.000010
0.000000
0.951956
0.593624
0.000001
1.001129
1.017054
0.003165
0.001343
0.000000
1.149799
0.976628
0.989849
0.000000
0.000278
0.000001
0.974587
0.378713
0.818960
0.000019
0.894206
0.056478
0.844667
0.096013
0.000000
1.381754
0.000016
1.012889
1.021083
3.990876
0.747309
1.162212
0.767078
1.301199
0.006883
0.000000
0.000000
0.004829
0.000000
1.665922
0.000002
0.581545
0.760059
0.901765
0.801648
0.002495
0.864813
3649877.916845
0.463185
0.075533
0.087992
0.000000
0.656048
1.239019
0.785068
0.812733
0.899297
0.925189
0.851607
0.139457
0.000000
0.004899
1.198100
0.652176
0.008893
0.000000
0.034066
0.266190
1.139697
1.098173
0.921526
0.101996
1.163143
0.000000
0.000000
0.000000
0.000000
0.000000
0.000000
0.000000
0.000000
0.000000
0.000000
0.000000
0.000000
0.000000
0.000000
0.000000
0.000000
0.000000
0.000000
0.000000
0.000000
0.000000
0.000000
0.000000
0.000000
0.000000
0.000000
0.000000
0.000000
0.000000
0.000000
0.000000
0.000000
0.000000
0.000000
0.000000
0.000000
0.000000
0.000000
0.000000
0.000000
0.000000
0.000000
0.000000
0.000000
0.000000
0.000000
0.000000
0.000000
0.000000
0.000000
0.000000
0.000000
0.000000
0.000000
0.000000
0.000000
-1.#IND00
0.000000
0.000000
0.000000
0.000000
0.000000
0.000000
0.000000
-1.#IND00
-1.#IND00
-1.#IND00
-1.#IND00
-1.#IND00
-1.#IND00
-1.#IND00
-1.#IND00
-1.#IND00
-1.#IND00
-1.#IND00
-1.#IND00
-1.#IND00
-1.#IND00
-1.#IND00
-1.#IND00
-1.#IND00
-1.#IND00
-1.#IND00
-1.#IND00
-1.#IND00
-1.#IND00
-1.#IND00
-1.#IND00
-1.#IND00
-1.#IND00
-1.#IND00
-1.#IND00
-1.#IND00
-1.#IND00
-1.#IND00
-1.#IND00
-1.#IND00
-1.#IND00
-1.#IND00
-1.#IND00
-1.#IND00
-1.#IND00
-1.#IND00
-1.#IND00
-1.#IND00
-1.#IND00
-1.#IND00
-1.#IND00
-1.#IND00
-1.#IND00
-1.#IND00
-1.#IND00
-1.#IND00
-1.#IND00
-1.#IND00
-1.#IND00
-1.#IND00
-1.#IND00
-1.#IND00
-1.#IND00
-1.#IND00
-1.#IND00
-1.#IND00
-1.#IND00
-1.#IND00
-1.#IND00
-1.#IND00
-1.#IND00
-1.#IND00
-1.#IND00
-1.#IND00
-1.#IND00
-1.#IND00
-1.#IND00
-1.#IND00
-1.#IND00
-1.#IND00
-1.#IND00
-1.#IND00
-1.#IND00
-1.#IND00
-1.#IND00
-1.#IND00
-1.#IND00
-1.#IND00
-1.#IND00
-1.#IND00
-1.#IND00
-1.#IND00
-1.#IND00
-1.#IND00
-1.#IND00
-1.#IND00
-1.#IND00
-1.#IND00
-1.#IND00
-1.#IND00
-1.#IND00
-1.#IND00
-1.#IND00
-1.#IND00
-1.#IND00
-1.#IND00
-1.#IND00
-1.#IND00
-1.#IND00
-1.#IND00
-1.#IND00
-1.#IND00
-1.#IND00
-1.#IND00
-1.#IND00
-1.#IND00
-1.#IND00
-1.#IND00
-1.#IND00
-1.#IND00
-1.#IND00
-1.#IND00
-1.#IND00
-1.#IND00
-1.#IND00
-1.#IND00
-1.#IND00
-1.#IND00
-1.#IND00
-1.#IND00
-1.#IND00
-1.#IND00
-1.#IND00
-1.#IND00
-1.#IND00
-1.#IND00
-1.#IND00
-1.#IND00
-1.#IND00
-1.#IND00
-1.#IND00
-1.#IND00
-1.#IND00
-1.#IND00
-1.#IND00
-1.#IND00
-1.#IND00
-1.#IND00
-1.#IND00
-1.#IND00
-1.#IND00
-1.#IND00
-1.#IND00
-1.#IND00
-1.#IND00
-1.#IND00
-1.#IND00
-1.#IND00
-1.#IND00
-1.#IND00
-1.#IND00
-1.#IND00
-1.#IND00
-1.#IND00
-1.#IND00
-1.#IND00
-1.#IND00
-1.#IND00
-1.#IND00
-1.#IND00
-1.#IND00
-1.#IND00
-1.#IND00
-1.#IND00
-1.#IND00
-1.#IND00
-1.#IND00
-1.#IND00
-1.#IND00
-1.#IND00
-1.#IND00
-1.#IND00
-1.#IND00
-1.#IND00
-1.#IND00
-1.#IND00
-1.#IND00
-1.#IND00
-1.#IND00
-1.#IND00
-1.#IND00
-1.#IND00
-1.#IND00
-1.#IND00
-1.#IND00
-1.#IND00
-1.#IND00
-1.#IND00
-1.#IND00
-1.#IND00
-1.#IND00
-1.#IND00
-1.#IND00
-1.#IND00
-1.#IND00
-1.#IND00
-1.#IND00
-1.#IND00
-1.#IND00
-1.#IND00
-1.#IND00
-1.#IND00
-1.#IND00
-1.#IND00
-1.#IND00
-1.#IND00
-1.#IND00
-1.#IND00
-1.#IND00
-1.#IND00
-1.#IND00
-1.#IND00
-1.#IND00
-1.#IND00
-1.#IND00
-1.#IND00
-1.#IND00
-1.#IND00
-1.#IND00
-1.#IND00
-1.#IND00
-1.#IND00
-1.#IND00
-1.#IND00
-1.#IND00
-1.#IND00
-1.#IND00
-1.#IND00
-1.#IND00
-1.#IND00
-1.#IND00
-1.#IND00
-1.#IND00
-1.#IND00
-1.#IND00
-1.#IND00
-1.#IND00
-1.#IND00
-1.#IND00
-1.#IND00
-1.#IND00
-1.#IND00
-1.#IND00
-1.#IND00
-1.#IND00
-1.#IND00
-1.#IND00
-1.#IND00
-1.#IND00
-1.#IND00
-1.#IND00
-1.#IND00
-1.#IND00
-1.#IND00
-1.#IND00
-1.#IND00
-1.#IND00
-1.#IND00
-1.#IND00
-1.#IND00
-1.#IND00
-1.#IND00
-1.#IND00
-1.#IND00
-1.#IND00
-1.#IND00
-1.#IND00
-1.#IND00
-1.#IND00
-1.#IND00
-1.#IND00
-1.#IND00
-1.#IND00
-1.#IND00
-1.#IND00
-1.#IND00
-1.#IND00
-1.#IND00
-1.#IND00
-1.#IND00
-1.#IND00
-1.#IND00
-1.#IND00
-1.#IND00
-1.#IND00
-1.#IND00
-1.#IND00
-1.#IND00
-1.#IND00
-1.#IND00
-1.#IND00
-1.#IND00
-1.#IND00
-1.#IND00
-1.#IND00
-1.#IND00
-1.#IND00
-1.#IND00
-1.#IND00
-1.#IND00
-1.#IND00
-1.#IND00
-1.#IND00
-1.#IND00
-1.#IND00
-1.#IND00
-1.#IND00
-1.#IND00
-1.#IND00
-1.#IND00
-1.#IND00
-1.#IND00
-1.#IND00
-1.#IND00
-1.#IND00
-1.#IND00
-1.#IND00
-1.#IND00
-1.#IND00
-1.#IND00
-1.#IND00
-1.#IND00
-1.#IND00
-1.#IND00
-1.#IND00
-1.#IND00
-1.#IND00
-1.#IND00
-1.#IND00
-1.#IND00
-1.#IND00
-1.#IND00
-1.#IND00
-1.#IND00
-1.#IND00
-1.#IND00
-1.#IND00
-1.#IND00
-1.#IND00
-1.#IND00
-1.#IND00
-1.#IND00
-1.#IND00
-1.#IND00
-1.#IND00
-1.#IND00
-1.#IND00
-1.#IND00
-1.#IND00
-1.#IND00
-1.#IND00
-1.#IND00
-1.#IND00
-1.#IND00
-1.#IND00
-1.#IND00
-1.#IND00
-1.#IND00
-1.#IND00
-1.#IND00
-1.#IND00
-1.#IND00
-1.#IND00
-1.#IND00
-1.#IND00
-1.#IND00
-1.#IND00
-1.#IND00
-1.#IND00
-1.#IND00
-1.#IND00
-1.#IND00
-1.#IND00
-1.#IND00
-1.#IND00
-1.#IND00
-1.#IND00
-1.#IND00
-1.#IND00
-1.#IND00
-1.#IND00
-1.#IND00
-1.#IND00
-1.#IND00
-1.#IND00
-1.#IND00
-1.#IND00
-1.#IND00
-1.#IND00
-1.#IND00
-1.#IND00
-1.#IND00
-1.#IND00
-1.#IND00
-1.#IND00
-1.#IND00
-1.#IND00
-1.#IND00
-1.#IND00
-1.#IND00
-1.#IND00
-1.#IND00
-1.#IND00
-1.#IND00
-1.#IND00
-1.#IND00
-1.#IND00
-1.#IND00
-1.#IND00
-1.#IND00
-1.#IND00
-1.#IND00
-1.#IND00
-1.#IND00
-1.#IND00
-1.#IND00
-1.#IND00
-1.#IND00
-1.#IND00
-1.#IND00
-1.#IND00
-1.#IND00
-1.#IND00
-1.#IND00
-1.#IND00
-1.#IND00
-1.#IND00
-1.#IND00
-1.#IND00
-1.#IND00
-1.#IND00
-1.#IND00
-1.#IND00
-1.#IND00
-1.#IND00
-1.#IND00
-1.#IND00
-1.#IND00
-1.#IND00
-1.#IND00
-1.#IND00
-1.#IND00
-1.#IND00
-1.#IND00
-1.#IND00
-1.#IND00
-1.#IND00
-1.#IND00
-1.#IND00
-1.#IND00
-1.#IND00
-1.#IND00
-1.#IND00
-1.#IND00
-1.#IND00
-1.#IND00
-1.#IND00
-1.#IND00
-1.#IND00
-1.#IND00
-1.#IND00
-1.#IND00
-1.#IND00
-1.#IND00
-1.#IND00
-1.#IND00
-1.#IND00
-1.#IND00
-1.#IND00
-1.#IND00
-1.#IND00
-1.#IND00
-1.#IND00
-1.#IND00
-1.#IND00
-1.#IND00
-1.#IND00
-1.#IND00
-1.#IND00
-1.#IND00
-1.#IND00
-1.#IND00
-1.#IND00
-1.#IND00
-1.#IND00
-1.#IND00
-1.#IND00
-1.#IND00
-1.#IND00
-1.#IND00
-1.#IND00
-1.#IND00
-1.#IND00
-1.#IND00
-1.#IND00
-1.#IND00
-1.#IND00
-1.#IND00
-1.#IND00
-1.#IND00
-1.#IND00
-1.#IND00
-1.#IND00
-1.#IND00
-1.#IND00
-1.#IND00
-1.#IND00
-1.#IND00
-1.#IND00
-1.#IND00
-1.#IND00
-1.#IND00
-1.#IND00
-1.#IND00
-1.#IND00
-1.#IND00
-1.#IND00
-1.#IND00
-1.#IND00
-1.#IND00
-1.#IND00
-1.#IND00
-1.#IND00
-1.#IND00
-1.#IND00
-1.#IND00
-1.#IND00
-1.#IND00
-1.#IND00
-1.#IND00
-1.#IND00
-1.#IND00
-1.#IND00
-1.#IND00
-1.#IND00
-1.#IND00
-1.#IND00
-1.#IND00
-1.#IND00
-1.#IND00
-1.#IND00
-1.#IND00
-1.#IND00
-1.#IND00
-1.#IND00
-1.#IND00
-1.#IND00
-1.#IND00
-1.#IND00
-1.#IND00
-1.#IND00
-1.#IND00
-1.#IND00
-1.#IND00
-1.#IND00
-1.#IND00
-1.#IND00
-1.#IND00
-1.#IND00
-1.#IND00
-1.#IND00
-1.#IND00
-1.#IND00
-1.#IND00
-1.#IND00
-1.#IND00
-1.#IND00
-1.#IND00
-1.#IND00
-1.#IND00
-1.#IND00
-1.#IND00
-1.#IND00
-1.#IND00
-1.#IND00
-1.#IND00
-1.#IND00
-1.#IND00
-1.#IND00
-1.#IND00
-1.#IND00
-1.#IND00
-1.#IND00
-1.#IND00
-1.#IND00
-1.#IND00
-1.#IND00
-1.#IND00
-1.#IND00
-1.#IND00
-1.#IND00
-1.#IND00
-1.#IND00
-1.#IND00
-1.#IND00
-1.#IND00
-1.#IND00
-1.#IND00
-1.#IND00
-1.#IND00
-1.#IND00
-1.#IND00
-1.#IND00
-1.#IND00
-1.#IND00
-1.#IND00
-1.#IND00
-1.#IND00
-1.#IND00
-1.#IND00
-1.#IND00
-1.#IND00
-1.#IND00
-1.#IND00
-1.#IND00
-1.#IND00
-1.#IND00
-1.#IND00
-1.#IND00
-1.#IND00
-1.#IND00
-1.#IND00
-1.#IND00
-1.#IND00
-1.#IND00
-1.#IND00
-1.#IND00
-1.#IND00
-1.#IND00
-1.#IND00
-1.#IND00
-1.#IND00
-1.#IND00
-1.#IND00
-1.#IND00
-1.#IND00
-1.#IND00
-1.#IND00
-1.#IND00
-1.#IND00
-1.#IND00
-1.#IND00
-1.#IND00
-1.#IND00
-1.#IND00
-1.#IND00
-1.#IND00
-1.#IND00
-1.#IND00
-1.#IND00
-1.#IND00
-1.#IND00
-1.#IND00
-1.#IND00
-1.#IND00
-1.#IND00
-1.#IND00
-1.#IND00
-1.#IND00
-1.#IND00
-1.#IND00
-1.#IND00
-1.#IND00
-1.#IND00
-1.#IND00
-1.#IND00
-1.#IND00
-1.#IND00
-1.#IND00
-1.#IND00
-1.#IND00
-1.#IND00
-1.#IND00
-1.#IND00
-1.#IND00
-1.#IND00
-1.#IND00
-1.#IND00
-1.#IND00
-1.#IND00
-1.#IND00
-1.#IND00
-1.#IND00
-1.#IND00
-1.#IND00
-1.#IND00
-1.#IND00
-1.#IND00
-1.#IND00
-1.#IND00
-1.#IND00
-1.#IND00
-1.#IND00
-1.#IND00
-1.#IND00
-1.#IND00
-1.#IND00
-1.#IND00
-1.#IND00
-1.#IND00
-1.#IND00
-1.#IND00
-1.#IND00
-1.#IND00
-1.#IND00
-1.#IND00
-1.#IND00
-1.#IND00
-1.#IND00
-1.#IND00
-1.#IND00
-1.#IND00
-1.#IND00
-1.#IND00
-1.#IND00
-1.#IND00
-1.#IND00
-1.#IND00
-1.#IND00
-1.#IND00
-1.#IND00
-1.#IND00
-1.#IND00
-1.#IND00
-1.#IND00
-1.#IND00
-1.#IND00
-1.#IND00
-1.#IND00
-1.#IND00
-1.#IND00
-1.#IND00
-1.#IND00
-1.#IND00
-1.#IND00
-1.#IND00
-1.#IND00
-1.#IND00
-1.#IND00
-1.#IND00
-1.#IND00
-1.#IND00
-1.#IND00
-1.#IND00
-1.#IND00
-1.#IND00
-1.#IND00
-1.#IND00
-1.#IND00
-1.#IND00
-1.#IND00
-1.#IND00
-1.#IND00
-1.#IND00
-1.#IND00
-1.#IND00
-1.#IND00
-1.#IND00
-1.#IND00
-1.#IND00
-1.#IND00
-1.#IND00
-1.#IND00
-1.#IND00
-1.#IND00
-1.#IND00
-1.#IND00
-1.#IND00
-1.#IND00
-1.#IND00
-1.#IND00
-1.#IND00
-1.#IND00
-1.#IND00
-1.#IND00
-1.#IND00
-1.#IND00
-1.#IND00
-1.#IND00
-1.#IND00
-1.#IND00
-1.#IND00
-1.#IND00
-1.#IND00
-1.#IND00
-1.#IND00
-1.#IND00
-1.#IND00
-1.#IND00
-1.#IND00
-1.#IND00
-1.#IND00
-1.#IND00
-1.#IND00
-1.#IND00
-1.#IND00
-1.#IND00
-1.#IND00
-1.#IND00
-1.#IND00
-1.#IND00
-1.#IND00
-1.#IND00
-1.#IND00
-1.#IND00
-1.#IND00
-1.#IND00
-1.#IND00
-1.#IND00
-1.#IND00
-1.#IND00
-1.#IND00
-1.#IND00
-1.#IND00
-1.#IND00
-1.#IND00
-1.#IND00
-1.#IND00
-1.#IND00
-1.#IND00
-1.#IND00
-1.#IND00
-1.#IND00
-1.#IND00
-1.#IND00
-1.#IND00
-1.#IND00
-1.#IND00
-1.#IND00
-1.#IND00
-1.#IND00
-1.#IND00
-1.#IND00
-1.#IND00
-1.#IND00
-1.#IND00
-1.#IND00
-1.#IND00
-1.#IND00
-1.#IND00
-1.#IND00
-1.#IND00
-1.#IND00
-1.#IND00
-1.#IND00
-1.#IND00
-1.#IND00
-1.#IND00
-1.#IND00
-1.#IND00
-1.#IND00
-1.#IND00
-1.#IND00
-1.#IND00
-1.#IND00
-1.#IND00
-1.#IND00
-1.#IND00
-1.#IND00
-1.#IND00
-1.#IND00
-1.#IND00
-1.#IND00
-1.#IND00
-1.#IND00
-1.#IND00
-1.#IND00
-1.#IND00
-1.#IND00
-1.#IND00
-1.#IND00
-1.#IND00
-1.#IND00
-1.#IND00
-1.#IND00
-1.#IND00
-1.#IND00
-1.#IND00
-1.#IND00
-1.#IND00
-1.#IND00
-1.#IND00
-1.#IND00
-1.#IND00
-1.#IND00
-1.#IND00
-1.#IND00
-1.#IND00
-1.#IND00
-1.#IND00
-1.#IND00
-1.#IND00
-1.#IND00
-1.#IND00
-1.#IND00
-1.#IND00
-1.#IND00
-1.#IND00
-1.#IND00
-1.#IND00
-1.#IND00
-1.#IND00
-1.#IND00
-1.#IND00
-1.#IND00
-1.#IND00
-1.#IND00
-1.#IND00
-1.#IND00
-1.#IND00
-1.#IND00
-1.#IND00
-1.#IND00
-1.#IND00
-1.#IND00
-1.#IND00
-1.#IND00
-1.#IND00
-1.#IND00
-1.#IND00
-1.#IND00
-1.#IND00
-1.#IND00
-1.#IND00
-1.#IND00
-1.#IND00
-1.#IND00
-1.#IND00
-1.#IND00
-1.#IND00
-1.#IND00
-1.#IND00
-1.#IND00
-1.#IND00
-1.#IND00
-1.#IND00
-1.#IND00
-1.#IND00
-1.#IND00
-1.#IND00
-1.#IND00
-1.#IND00
-1.#IND00
-1.#IND00
-1.#IND00
-1.#IND00
-1.#IND00
-1.#IND00
-1.#IND00
-1.#IND00
-1.#IND00
-1.#IND00
-1.#IND00
-1.#IND00
-1.#IND00
-1.#IND00
-1.#IND00
-1.#IND00
-1.#IND00
-1.#IND00
-1.#IND00
-1.#IND00
-1.#IND00
-1.#IND00
-1.#IND00
-1.#IND00
-1.#IND00
-1.#IND00
-1.#IND00
-1.#IND00
-1.#IND00
-1.#IND00
-1.#IND00
-1.#IND00
-1.#IND00
-1.#IND00
-1.#IND00
-1.#IND00
-1.#IND00
-1.#IND00
-1.#IND00
-1.#IND00
-1.#IND00
-1.#IND00
-1.#IND00
-1.#IND00
-1.#IND00
-1.#IND00
-1.#IND00
-1.#IND00
-1.#IND00
-1.#IND00
-1.#IND00
-1.#IND00
-1.#IND00
-1.#IND00
-1.#IND00
-1.#IND00
-1.#IND00
-1.#IND00
-1.#IND00
-1.#IND00
-1.#IND00
-1.#IND00
-1.#IND00
-1.#IND00
-1.#IND00
-1.#IND00
-1.#IND00
-1.#IND00
-1.#IND00
-1.#IND00
-1.#IND00
-1.#IND00
-1.#IND00
-1.#IND00
-1.#IND00
-1.#IND00
-1.#IND00
-1.#IND00
-1.#IND00
-1.#IND00
-1.#IND00
-1.#IND00
-1.#IND00
-1.#IND00
-1.#IND00
-1.#IND00
-1.#IND00
-1.#IND00
-1.#IND00
-1.#IND00
-1.#IND00
-1.#IND00
-1.#IND00
-1.#IND00
-1.#IND00
-1.#IND00
-1.#IND00
-1.#IND00
-1.#IND00
-1.#IND00
-1.#IND00
-1.#IND00
-1.#IND00
-1.#IND00
-1.#IND00
-1.#IND00
-1.#IND00
-1.#IND00
-1.#IND00
-1.#IND00
-1.#IND00
-1.#IND00
-1.#IND00
-1.#IND00
-1.#IND00
-1.#IND00
-1.#IND00
-1.#IND00
-1.#IND00
-1.#IND00
-1.#IND00
-1.#IND00
-1.#IND00
-1.#IND00
-1.#IND00
-1.#IND00
-1.#IND00
-1.#IND00
-1.#IND00
-1.#IND00
-1.#IND00
-1.#IND00
-1.#IND00
-1.#IND00
-1.#IND00
-1.#IND00
-1.#IND00
-1.#IND00
-1.#IND00
-1.#IND00
-1.#IND00
-1.#IND00
-1.#IND00
-1.#IND00
-1.#IND00
-1.#IND00
-1.#IND00
-1.#IND00
-1.#IND00
-1.#IND00
-1.#IND00
-1.#IND00
-1.#IND00
-1.#IND00
-1.#IND00
-1.#IND00
-1.#IND00
-1.#IND00
-1.#IND00
-1.#IND00
-1.#IND00
-1.#IND00
-1.#IND00
-1.#IND00
-1.#IND00
-1.#IND00
-1.#IND00
-1.#IND00
-1.#IND00
-1.#IND00
-1.#IND00
-1.#IND00
-1.#IND00
-1.#IND00
-1.#IND00
-1.#IND00
-1.#IND00
-1.#IND00
-1.#IND00
-1.#IND00
-1.#IND00
-1.#IND00
-1.#IND00
-1.#IND00
-1.#IND00
-1.#IND00
-1.#IND00
-1.#IND00
-1.#IND00
-1.#IND00
-1.#IND00
-1.#IND00
-1.#IND00
-1.#IND00
-1.#IND00
-1.#IND00
-1.#IND00
-1.#IND00
-1.#IND00
-1.#IND00
-1.#IND00
-1.#IND00
-1.#IND00
-1.#IND00
-1.#IND00
-1.#IND00
-1.#IND00
-1.#IND00
-1.#IND00
-1.#IND00
-1.#IND00
-1.#IND00
-1.#IND00
-1.#IND00
-1.#IND00
-1.#IND00
-1.#IND00
-1.#IND00
-1.#IND00
-1.#IND00
-1.#IND00
-1.#IND00
-1.#IND00
-1.#IND00
-1.#IND00
-1.#IND00
-1.#IND00
-1.#IND00
-1.#IND00
-1.#IND00
-1.#IND00
-1.#IND00
-1.#IND00
-1.#IND00
-1.#IND00
-1.#IND00
-1.#IND00
-1.#IND00
-1.#IND00
-1.#IND00
-1.#IND00
-1.#IND00
-1.#IND00
-1.#IND00
-1.#IND00
-1.#IND00
-1.#IND00
-1.#IND00
-1.#IND00
-1.#IND00
-1.#IND00
-1.#IND00
-1.#IND00
-1.#IND00
-1.#IND00
-1.#IND00
-1.#IND00
-1.#IND00
-1.#IND00
-1.#IND00
-1.#IND00
-1.#IND00
-1.#IND00
-1.#IND00
-1.#IND00
-1.#IND00
-1.#IND00
-1.#IND00
-1.#IND00
-1.#IND00
-1.#IND00
-1.#IND00
-1.#IND00
-1.#IND00
-1.#IND00
-1.#IND00
-1.#IND00
-1.#IND00
-1.#IND00
-1.#IND00
-1.#IND00
-1.#IND00
-1.#IND00
-1.#IND00
-1.#IND00
-1.#IND00
-1.#IND00
-1.#IND00
-1.#IND00
-1.#IND00
-1.#IND00
-1.#IND00
-1.#IND00
-1.#IND00
-1.#IND00
-1.#IND00
-1.#IND00
-1.#IND00
-1.#IND00
-1.#IND00
-1.#IND00
-1.#IND00
-1.#IND00
-1.#IND00
-1.#IND00
-1.#IND00
-1.#IND00
-1.#IND00
-1.#IND00
-1.#IND00
-1.#IND00
-1.#IND00
-1.#IND00
-1.#IND00
-1.#IND00
-1.#IND00
-1.#IND00
-1.#IND00
-1.#IND00
-1.#IND00
-1.#IND00
-1.#IND00
-1.#IND00
-1.#IND00
-1.#IND00
-1.#IND00
-1.#IND00
-1.#IND00
-1.#IND00
-1.#IND00
-1.#IND00
-1.#IND00
-1.#IND00
-1.#IND00
-1.#IND00
-1.#IND00
-1.#IND00
-1.#IND00
-1.#IND00
-1.#IND00
-1.#IND00
-1.#IND00
-1.#IND00
-1.#IND00
-1.#IND00
-1.#IND00
-1.#IND00
-1.#IND00
-1.#IND00
-1.#IND00
-1.#IND00
-1.#IND00
-1.#IND00
-1.#IND00
-1.#IND00
-1.#IND00
-1.#IND00
-1.#IND00
-1.#IND00
-1.#IND00
-1.#IND00
-1.#IND00
-1.#IND00
-1.#IND00
-1.#IND00
-1.#IND00
-1.#IND00
-1.#IND00
-1.#IND00
-1.#IND00
-1.#IND00
-1.#IND00
-1.#IND00
-1.#IND00
-1.#IND00
-1.#IND00
-1.#IND00
-1.#IND00
-1.#IND00
-1.#IND00
-1.#IND00
-1.#IND00
-1.#IND00
-1.#IND00
-1.#IND00
-1.#IND00
-1.#IND00
-1.#IND00
-1.#IND00
-1.#IND00
-1.#IND00
-1.#IND00
-1.#IND00
-1.#IND00
-1.#IND00
-1.#IND00
-1.#IND00
-1.#IND00
-1.#IND00
-1.#IND00
-1.#IND00
-1.#IND00
-1.#IND00
-1.#IND00
-1.#IND00
-1.#IND00
-1.#IND00
-1.#IND00
-1.#IND00
-1.#IND00
-1.#IND00
-1.#IND00
-1.#IND00
-1.#IND00
-1.#IND00
-1.#IND00
-1.#IND00
-1.#IND00
-1.#IND00
-1.#IND00
-1.#IND00
-1.#IND00
-1.#IND00
-1.#IND00
-1.#IND00
-1.#IND00
-1.#IND00
-1.#IND00
-1.#IND00
-1.#IND00
-1.#IND00
