0.462251
0.064432
2.221473
0.377991
0.080292
0.064172
4.452439
0.295223
0.050185
0.035896
3.678950
5.602945
0.066259
0.110712
0.027095
0.079345
0.058629
5.161601
0.500387
0.224871
0.656907
1.000000
1.000000
1.000000
0.578498
1.000000
1.000000
1.000000
0.297321
1.000000
2.062591
1.000000
0.303333
0.988515
0.966532
5.699606
0.983840
0.980376
0.060799
1.000000
0.047556
0.994484
0.724961
1.000000
2.046564
0.454119
0.601426
0.967571
1.000000
0.567292
1.000000
1.076776
1.008968
1.000000
0.505938
1.009513
3.174405
0.027060
0.039434
1.095220
0.077177
1.334954
1.024407
1.000000
0.343110
0.982629
0.830385
1.340656
0.862952
0.267746
1.000000
0.056551
0.901163
1.200778
0.809273
0.023610
0.733794
1.000000
0.971616
0.715241
0.851794
0.107891
0.043335
0.657711
0.670747
1.105084
0.850360
0.449256
0.975276
1.000000
2.126941
0.911775
1.000000
1.000000
0.940150
1.000000
1.309295
0.947965
0.890977
1.046842
0.821012
1.048065
1.069384
0.889171
0.850321
0.090956
0.829336
1.176129
1.042293
1.331220
0.783196
0.381628
1.037715
0.904656
1.235621
1.004867
0.058810
0.269463
0.658639
0.881394
1.000000
0.747131
0.481928
1.000000
0.999999
0.992824
1.609169
1.094654
0.587010
0.132857
0.441072
0.890058
1.299489
2.532702
1.208862
0.544073
1.089273
1.050137
0.871717
0.453267
0.761128
1.405336
1.333020
0.925123
0.258163
1.976501
0.821872
1.000000
1.030163
1.000000
1.000000
0.400069
1.000000
4.421235
1.000000
1.343740
0.969530
0.698456
0.953182
0.030774
2.404068
0.956605
0.684903
0.461587
0.314780
0.271688
0.917415
0.541599
5.310875
0.809980
0.010595
0.961289
1.172939
1.245152
0.910959
1.002183
1.678151
1.000000
1.000000
0.999999
0.607795
0.432077
1.000000
0.837832
0.911513
1.000000
0.271770
0.548883
0.392946
0.177780
1.000000
0.655435
0.868172
0.830119
9.856371
0.767641
0.805000
1.213307
0.516477
1.925180
0.048911
0.286058
2.599374
0.764414
0.918881
1.000000
1.264690
0.801939
1.253743
0.194637
0.492370
1.000000
1.000000
0.950532
1.000000
4.638136
1.000000
1.433169
1.000000
3.186719
1.000000
0.031188
0.836665
0.850905
0.028042
0.572373
0.438172
0.046280
0.595708
0.005420
0.098380
0.599007
0.019259
0.390575
0.626741
0.253940
0.145732
1.734248
1.000000
152.964590
0.487804
0.771131
1.098667
0.947607
0.487115
1.000000
0.315290
0.246296
0.410457
1.460607
0.017186
0.842608
0.530509
1.326175
0.718799
0.091022
0.568145
0.368899
0.018496
1.911799
0.891180
0.892756
0.753010
0.841611
99.170177
0.054734
1.016856
1.000000
0.527172
0.079769
0.753643
0.225284
1.044889
0.910931
0.671577
0.891818
0.034412
1.195171
0.089570
1.000000
0.637577
2.312796
0.150230
0.436336
1.544797
2.069806
0.828869
0.253855
0.600285
0.149414
1.423145
0.485367
3.127076
6.483620
0.003649
1.521873
0.916489
1.933634
0.121444
1.224993
2.111746
0.057219
1.000000
0.495970
0.004432
0.562196
1.000000
0.686442
0.876542
2.080268
0.992066
0.443710
0.866072
1.615608
95.652465
0.470821
0.817865
1.000000
0.197654
1.220180
0.851498
0.480640
1.060204
0.099582
1.000000
0.553850
0.002519
0.078492
0.691429
0.049218
0.076552
0.046607
0.425711
1.608231
0.003433
0.066949
0.600193
3.556795
0.423812
1.119402
0.450692
6.570225
0.491900
0.424365
0.308965
1.000000
1.041064
0.182683
0.720259
1.068139
0.194569
0.804944
1.077913
0.783470
0.918939
1.488294
0.431111
1.036302
0.006967
2.447618
0.759979
0.287022
3.069185
0.342805
1.200685
0.877682
0.565689
0.489584
0.949414
4.483507
1.000000
0.075178
0.780266
0.230982
0.364251
0.234393
0.491900
0.431170
0.303709
0.647957
0.010263
0.917893
0.009162
1.000000
2.604568
0.050587
2.217975
0.024776
0.132997
0.235094
0.736831
0.076228
0.515408
0.839535
1.000000
0.123649
2.258545
0.930175
0.056085
0.033223
0.308580
1.432605
0.315924
2.386626
3.168647
0.375051
1.000000
0.087086
0.220799
0.008510
0.009469
0.038517
3.090588
0.111726
0.385180
0.097556
24.371770
57.893745
0.107527
0.594588
1.057142
1.188475
0.000261
1.162759
0.958483
1.322921
0.046925
0.161235
0.146392
0.455948
0.125020
0.601658
0.018078
0.377807
0.998268
0.168928
1.293555
0.174077
3.750215
2.389117
2.147835
0.343537
0.494574
0.022155
0.061305
2.454524
0.304974
0.962470
1.998743
1.593149
0.040717
3.392115
0.033269
1.700153
1.354822
0.613964
0.144509
0.111691
1.083223
1.918975
0.452517
0.611880
1.573820
1.061156
0.923623
0.005495
0.002114
0.121190
0.822497
69.096246
0.099915
1.056165
0.190362
1.101710
0.003534
2.339335
0.077043
1.579629
0.111573
1.698400
3.072566
3.041294
0.727766
1.470301
0.856184
0.009655
0.118496
0.249784
0.103357
0.200358
0.290775
0.656921
0.163417
0.623370
2.179613
1.017095
0.614888
1.099555
0.232453
0.043416
0.386108
1.251614
0.007437
0.512690
1.596150
0.857775
0.934487
1.201065
1.000000
1.000000
1.537285
1.075203
3.116427
1.436426
0.176056
0.712954
1.082876
1.933669
0.034360
0.010067
0.132582
1.542464
1.290670
1.112202
0.074695
0.060969
0.000965
0.007553
1.274796
0.071848
0.983252
1.485642
0.085098
3.181579
1.090741
0.572731
1.268170
0.019464
0.047544
1.000000
0.021620
0.943616
0.587638
0.058652
0.037563
0.390115
0.029652
3.340375
0.072705
3.650478
0.047958
1.203567
0.844370
0.647668
1.002500
1.043219
1.182181
0.134967
0.107790
0.000312
0.003164
1.013021
2.386193
0.041324
0.806448
0.335407
4.261701
1.049756
0.431719
1.000000
50.207115
1.000000
0.011626
1.591455
1.417416
0.370283
0.023604
0.011915
1.825095
0.017288
0.390238
1.021052
0.024736
1.271301
0.612694
0.946677
0.088990
0.752537
3.076256
0.245534
0.359918
0.714896
0.885093
0.000171
1.042449
0.005701
0.208761
0.007488
1.001501
1.071810
0.292835
0.297575
0.441516
1.101963
0.254440
0.034006
0.172362
0.036427
0.010829
0.151917
0.027785
0.555349
0.079223
0.405890
0.802833
0.009424
0.774985
0.120047
0.001205
0.855518
0.752033
0.512124
0.000000
0.965420
1.981831
0.004507
0.115295
0.008750
7.292168
0.000020
0.447630
0.850503
3.353760
0.888623
0.109250
0.856510
0.064868
0.000043
0.000099
0.818785
0.361054
0.449270
0.000850
0.870841
3.783262
1.283827
0.036910
0.016287
1.263275
1.157853
0.126600
1.036862
0.000351
0.001345
0.805815
0.046253
0.976951
0.040101
1.948498
0.915201
0.000416
0.410620
0.691657
0.101734
0.000078
0.484882
12.314268
0.519754
0.024918
0.266716
0.023309
0.616922
1.092387
0.000679
0.000085
0.603367
0.000014
1.122221
0.000001
0.032343
0.527843
0.091426
0.746243
0.000393
0.681980
0.179927
0.007033
0.155636
0.032866
0.008492
0.000423
0.137768
0.654945
0.141252
0.298927
1.000000
0.016722
1.097983
1.441176
4.502715
2.003930
0.716182
1.000000
0.007858
4.051428
0.519002
0.000026
1.926526
0.162376
2.310058
0.706677
0.234744
0.000195
2.263789
0.571269
0.786640
0.063005
4.824332
0.666586
2.174727
0.040275
0.002976
0.067192
0.005269
0.000180
1.089377
1.097364
2.223553
0.047701
0.389157
0.018792
1.736826
0.000301
0.000019
0.006387
1.181528
1.184745
0.074342
0.326886
1.073001
0.829816
0.035976
0.060447
0.000228
1.202620
0.006388
0.176476
0.009214
0.177505
0.901884
0.323108
0.622099
1.726732
1.000000
6.506778
1.039252
0.777823
0.154250
1.059452
0.240598
0.404964
0.940309
0.800388
0.731190
0.182976
0.377849
7.019153
1.100087
0.009734
4.631818
0.314669
0.025277
1.497253
2.150358
0.800848
0.050372
0.196781
11.945719
0.485760
2.469273
1.136100
0.911796
0.435917
0.075316
0.002826
0.014175
1.698351
1.735421
0.000137
0.899532
0.002723
0.654014
1.008942
0.462988
1.000000
0.000473
3.710730
0.000039
0.000053
0.140703
0.073192
1.387812
1.272497
0.006575
0.850771
0.000309
0.041299
4.870697
7.127014
0.394802
1.160640
0.349274
1.107187
1.147285
1.842548
0.000131
0.071369
0.072079
0.001443
0.308346
0.523424
0.001416
0.703870
0.008701
0.057339
0.004315
0.101555
0.335302
0.922282
0.034009
0.001771
1.845535
0.401948
0.984899
0.000000
0.007976
0.383031
0.005825
1.040799
2.232409
2.363332
0.658826
1.438071
0.210439
1.250101
1.263981
1.000000
0.039832
0.000975
2.169524
0.641444
0.039415
0.615373
1.786062
0.001765
0.000042
0.810826
0.003554
1.715386
0.161460
0.895758
1.059042
0.118184
0.305299
1.513821
0.021478
9.296776
0.361964
0.001690
0.489395
4.053158
0.733799
0.000991
0.417557
0.076535
1.972924
0.000054
2.473318
0.496886
0.000000
0.925901
0.492906
0.112046
0.139917
0.022107
1.000000
1.707409
1.293307
0.000033
0.037665
0.026778
1.310491
0.090158
0.785997
0.002433
0.000334
0.027527
0.206479
1.817261
1.469321
0.061135
0.567752
0.074053
0.004505
1.042635
0.103683
0.030749
0.288532
0.001107
1.000000
1.101108
0.864830
0.080980
0.452989
36.480690
0.752361
0.000040
2.152866
1.218357
5.741634
0.291960
0.000461
0.004761
0.150706
0.322718
1.033521
0.280899
38.645881
2.036930
0.510944
0.756075
0.012603
1.085701
0.002153
0.093608
0.709733
0.000086
1.662456
0.108056
1.128174
0.270409
0.397534
0.001416
0.059757
0.740564
0.955880
0.076966
0.436566
0.079299
0.471791
0.318754
2.871411
0.000261
2.924286
0.407876
1.000000
0.000007
0.001172
0.436501
0.002037
0.967527
0.776023
0.594438
0.630475
0.000356
0.571649
0.989709
0.003592
0.004182
1.219883
0.314455
0.549924
1.039951
0.040433
0.022632
0.005645
0.157572
1.415238
1.423226
0.002526
1.459170
0.000040
0.831970
0.803879
0.554736
1.443812
0.108898
0.144071
1.138827
1.000000
0.000002
0.255631
1.083147
1.138720
0.000000
0.403744
0.047745
0.500239
0.000155
0.021890
0.558830
0.042028
1.226295
0.134234
0.181283
0.001773
0.204392
1.180225
0.089566
0.163746
0.046655
1.061747
1.750782
0.000057
1.000000
4.809056
0.967573
27.897638
1.475484
1.123607
0.572365
0.970842
0.126855
2.249753
1.560482
0.360914
2.221240
0.011055
0.007165
0.365922
0.283349
0.328559
0.672148
0.218378
0.014012
0.598803
0.000051
0.036951
0.085981
0.000795
0.000026
0.052491
4.486976
0.000069
0.308604
0.506760
0.768777
0.043773
0.003413
0.427327
0.557934
4.360491
0.006921
0.054934
1.891902
1.000000
14.309655
0.086890
0.000007
0.101420
0.000000
0.127183
0.344588
0.960401
0.035828
1.054253
0.362451
0.230469
0.045136
1.468662
0.507326
0.037463
0.781181
0.035185
0.046774
0.220605
0.170216
0.168666
0.015653
0.007485
0.166442
0.019878
0.093485
0.639406
0.833189
0.139936
0.776062
0.089619
0.604413
0.411518
0.081093
0.000204
0.000000
0.109303
0.014278
0.030505
0.003257
1.394182
0.158343
0.131420
0.007037
0.653287
0.139972
0.005322
0.268492
0.000433
0.662889
0.759630
0.000002
0.163746
0.671992
0.015181
0.000001
0.627676
0.078868
0.790498
0.000000
0.000000
0.000005
0.008279
0.000000
0.031601
0.000001
0.589585
91.093796
0.038912
0.174421
1.368153
0.765405
0.491401
0.119965
0.219888
0.804272
0.277782
0.000245
0.083722
2.444144
0.000020
2.999966
0.874725
0.128531
0.061784
0.200119
0.092323
0.500988
0.414261
0.903475
1.311467
0.765999
0.006561
0.001463
0.515154
0.000689
0.002172
1.242650
0.081544
0.022542
0.000002
0.018311
0.093088
1.051857
0.000099
0.019031
2.222601
0.150929
0.008278
0.339103
0.005566
0.001028
0.327013
0.000195
0.133558
0.005576
0.107670
1.000000
0.130950
0.218347
0.022957
0.017125
0.000077
106.097087
0.000010
0.000419
0.876866
0.543560
0.000000
1.824311
0.000003
2.195783
0.063964
1.011105
0.234928
25.907224
0.026191
0.002011
1.030875
1.069982
2.819386
0.001885
0.077396
0.005421
0.682150
0.106579
0.000012
0.398208
0.000006
0.000023
0.008657
0.000000
0.000001
0.540351
0.402468
0.509233
0.000190
0.002569
1.048825
0.034339
0.292426
0.000010
0.919641
0.000011
0.000000
0.000000
0.001582
0.000000
6.193999
0.000000
0.942724
0.000000
0.164050
0.403184
0.000000
0.001974
1.530210
0.000002
0.003016
0.000228
1.640119
0.013086
0.001775
1.108559
0.000577
0.036933
0.193300
0.419126
1.395979
0.017212
0.874384
5.950694
0.008726
0.000884
0.044754
0.034592
0.375900
0.005462
1.040432
0.000060
0.463194
0.854555
0.999999
0.000167
0.000007
0.000002
0.015340
0.020784
0.928177
1.000000
0.008664
0.135950
0.421758
0.184146
1.000000
1.716984
0.130846
0.073793
0.000008
1.000000
0.190613
1.273025
0.553186
0.000002
0.000002
0.116460
0.000292
0.000001
0.014236
1.030409
0.287202
0.000001
0.000886
1.052187
0.347778
0.000476
0.010372
0.520033
0.005876
1.403152
0.001213
0.000000
0.957891
0.257009
0.046108
0.000214
0.000008
0.000004
0.000324
0.002379
0.001846
0.000027
0.000373
0.015269
2.366843
0.949706
0.000029
0.000000
0.003638
0.000703
0.002612
0.000000
0.045233
0.039714
0.041961
0.008469
1.000000
0.633716
0.488206
0.029265
0.002146
0.000001
1.000000
0.009827
0.017383
0.000123
0.000005
2.126733
0.009931
1.000000
0.000022
0.042721
0.001904
0.093628
1.268039
0.352910
0.013024
0.013030
0.000193
0.221070
0.000002
0.000000
0.080875
0.027863
0.001503
0.010392
0.084027
0.060555
0.008124
0.000000
1.000000
0.000002
1.337831
0.000045
0.061799
0.000000
0.016198
0.970357
0.000001
0.000000
0.000531
0.180240
0.001348
0.000000
0.000000
0.000000
1.000000
1.118534
0.053886
0.271492
0.738661
0.000070
0.000000
0.000000
0.023300
0.000075
1.182298
0.074718
2.721906
0.001076
0.000000
0.117427
0.000111
0.005633
1.002273
0.061832
0.154584
0.006443
0.000152
1.163305
0.006421
0.000032
0.006124
0.000003
0.001350
0.000001
0.009691
0.000001
0.000000
0.012636
0.000001
0.000000
0.000292
0.002462
0.626939
0.001739
0.000000
16.195201
0.004025
0.000712
0.000001
0.000000
0.000000
1.224880
0.000000
0.000005
0.000011
0.003192
0.174884
0.022807
0.000001
0.000170
0.000000
1.457256
0.031834
0.000048
0.000001
0.929414
2.064082
0.001799
5.905342
0.000008
0.841387
0.640383
4.724830
0.000006
0.001272
0.000070
0.196427
0.002300
0.007153
0.122904
0.298260
0.475471
0.000179
0.000829
0.833286
0.000006
0.000483
0.075713
0.001690
0.001002
0.000851
0.156697
0.000020
0.000000
0.029852
0.047570
0.000028
0.007118
0.000000
0.000000
0.000072
0.071117
0.007739
0.014972
0.000201
0.109242
1.152174
0.000011
0.000028
0.000007
0.000000
0.850997
0.000173
0.000000
0.037943
0.011611
0.288981
0.000250
0.051665
0.000036
0.000480
0.000000
0.017366
0.001611
0.000010
0.000033
0.000000
0.205289
0.000156
0.000284
0.000000
0.057891
1.000000
0.024175
0.003129
0.000036
0.000789
0.000000
0.000000
0.001745
0.001461
0.928176
0.000236
0.107862
0.000097
0.079134
0.036866
0.000000
0.432231
0.000026
1.038247
0.000000
0.779608
0.025556
0.001049
0.006496
0.006924
1.041023
0.000000
0.705511
0.002279
0.172075
0.430079
0.058422
0.000082
0.002347
0.000011
0.000204
0.000062
0.656166
0.027947
0.000849
0.000000
0.000097
0.259347
0.000000
0.226752
0.472436
0.000000
0.042351
0.931126
0.012175
0.000829
0.021289
0.000017
1.099480
0.770968
0.008016
0.004187
0.002212
0.000036
0.059425
0.005298
0.000292
0.000000
0.017828
0.000453
0.000010
0.000000
0.000000
0.361601
0.000931
0.000047
0.004159
0.018101
0.007764
0.000000
0.000624
0.000002
0.000000
0.000000
0.008200
0.000001
0.000000
0.000000
0.079325
0.870126
0.480857
0.988770
0.000657
0.000000
0.000087
0.003407
0.000001
0.003953
1.182161
0.101366
1.365178
0.698071
0.000104
0.800263
0.126534
0.000007
0.067766
1.057505
0.003461
1.798042
0.300618
0.000050
0.000016
0.000003
0.702618
0.000267
0.001948
0.000000
0.000004
0.977231
0.007354
0.000739
0.017392
0.523178
0.000257
0.766021
1.189531
0.000000
0.749149
0.025428
0.003483
0.000894
0.232644
0.000002
0.000083
0.000020
0.001387
0.144466
0.000000
1.865894
0.000000
0.001572
0.000021
0.000006
0.000804
0.013332
0.015161
2.528507
0.049920
0.000000
0.000018
0.000002
0.880254
0.000304
0.000000
0.000044
0.109876
0.794325
0.000760
0.016370
0.003685
0.068418
0.000027
0.414823
0.000001
0.002734
0.338394
0.766783
0.000069
0.685834
0.207936
0.311109
1.511357
0.800614
0.894445
0.170672
0.000205
0.940685
0.027804
1.018372
0.000003
0.000000
3.919917
0.000000
1.195228
1.381127
1.810943
1.024783
0.000015
0.112491
0.000000
0.000003
0.001554
0.214893
0.000000
0.000038
0.000000
0.000000
0.003107
1.078088
0.000022
0.158993
0.140416
0.000021
0.613546
0.000003
0.970269
0.000000
0.000006
0.000045
0.923946
0.745868
0.002323
1.035185
0.029326
0.000032
0.000123
0.424568
0.003536
0.000057
0.003240
0.010495
1.465628
0.948957
0.000003
0.001616
0.000001
0.016187
0.000005
0.262423
1.423646
0.000898
0.000003
0.000001
0.866592
0.005752
0.000003
0.000002
0.190200
0.000000
0.000000
0.009789
9.511595
0.000073
0.675346
0.000971
0.054859
0.617388
0.029569
0.300821
0.010116
0.000000
0.493097
0.015801
0.181611
0.004608
0.030003
0.000000
0.000058
0.053579
0.897382
0.000042
0.007401
0.736263
0.006209
0.252415
0.655827
0.000287
0.366721
0.536442
0.000000
0.000000
0.004198
0.007717
0.000007
0.005401
0.000000
1.060878
0.000000
0.016145
0.000000
0.356060
0.000000
0.000057
53.354005
0.180643
0.838165
0.000000
0.014812
0.007301
0.000000
0.572626
0.000001
0.000019
1.030870
0.000106
0.060798
0.000857
0.000221
0.572032
0.513050
0.000000
0.019750
0.003686
0.000001
1.633903
0.924300
0.006236
0.000007
0.000001
0.000777
0.028250
0.000028
0.112327
0.000000
0.000001
0.027034
0.819183
0.000000
0.000001
0.000000
0.000000
1.036669
0.100448
2.287497
0.000151
0.000000
0.002817
0.930974
0.930158
0.000000
0.974396
0.000002
0.000000
0.920457
0.000001
0.000000
0.005618
0.000007
0.665533
0.000046
0.972867
0.899916
0.009353
1.163974
1.288756
0.000000
0.000009
0.000001
0.028286
0.080335
0.000263
0.400018
0.015244
0.000747
0.000031
0.025060
0.000000
0.100543
1.000000
0.000000
0.000031
1.238466
0.477438
0.000000
0.000000
0.032459
0.000001
0.000000
0.797864
0.327625
0.000000
0.000003
0.000000
0.253573
0.025705
0.270926
0.010490
2.115736
0.655532
0.037512
0.008477
0.000174
0.000108
14.503531
0.001245
0.000003
0.085347
0.416035
0.000009
0.000410
1.206149
0.049980
0.000575
0.008484
0.777592
3.046628
0.003108
1.092000
0.000000
0.000000
0.000000
0.000000
0.021939
0.009351
0.034375
0.330106
0.482230
0.026011
0.537339
0.010822
0.002156
0.468146
0.000001
0.024764
0.000000
0.000000
0.681055
0.092934
0.000000
0.047757
0.000000
0.022142
0.109958
0.000099
1.086325
0.000890
0.000000
1.207590
0.882217
0.002252
0.934690
1.033406
0.000012
0.004674
0.884868
11.641923
0.000001
0.451681
0.275207
0.168837
0.000041
0.008335
0.841913
1.323989
0.512164
0.167575
0.702220
1.150971
0.562276
0.000009
0.000000
0.041568
0.278001
0.000003
0.068900
0.716282
0.025571
0.037550
0.000000
0.000156
0.056438
0.000008
4.434780
0.167389
0.138392
0.000515
0.001199
0.929706
0.000084
0.028268
0.513616
0.873907
0.000000
0.000005
0.000007
0.327920
1.010304
0.537490
0.000000
1.051827
0.142020
0.000030
0.007462
0.000043
1.000000
0.001865
0.000000
0.039961
0.335258
1.387051
0.000021
0.531465
0.000042
0.993606
0.002623
0.062183
0.000173
0.048393
0.434575
0.000503
0.008147
0.000011
1.572770
1.199098
4.180642
0.015886
0.356137
0.000001
0.000033
1.726567
0.000000
1.179553
0.026622
0.000007
1.000000
0.000002
0.664830
0.032823
0.214194
1.077825
0.000001
0.000000
0.000004
0.000010
1.646540
0.813270
0.166149
2.639244
0.000000
0.289056
0.000006
0.010593
2.695814
0.000599
0.074110
0.000000
0.000000
3.823249
0.321633
0.000000
0.128924
0.110554
0.013920
0.480207
0.239398
0.026694
3.138114
1.537652
0.732875
0.000052
0.005508
4.217173
0.002298
0.319585
0.000056
3.056050
0.580349
0.000000
0.000220
0.000000
1.250803
0.000306
0.000000
0.009562
0.065152
0.001943
0.000747
1.172657
0.017423
0.000541
1.229272
0.111830
0.233389
0.015039
1.471220
0.480574
0.004218
0.000458
0.000465
2.221542
0.001333
0.000154
0.000067
0.000000
0.001822
1.135754
0.000000
0.863304
0.000156
0.003731
0.000003
0.498255
0.003929
0.018666
0.001048
0.394897
0.000211
0.000150
4.450891
0.012529
0.017027
0.132208
0.000001
0.000000
2.256818
0.694799
1.946215
0.002537
0.000920
0.000166
0.002148
0.000368
0.368807
0.000000
0.910341
19.292707
0.000001
0.035494
0.000056
0.032466
0.163451
0.000008
0.384328
0.770140
0.003930
0.552482
0.302282
0.000001
0.000000
0.000000
0.000147
1.015629
0.000000
1.504993
0.000002
0.561021
0.049504
0.000000
0.025815
0.000056
0.000188
0.000052
0.834323
0.488666
0.000003
1.040444
0.001120
0.000000
0.300300
0.422974
0.013060
0.000000
0.000000
0.000004
0.028970
0.048551
0.028913
0.000008
1.334345
0.009413
2.021832
0.000014
0.000030
0.000000
0.000000
0.000154
1.817614
0.000601
0.000067
0.000000
0.000000
0.000075
0.425401
0.000026
1.140732
0.028885
0.002002
1.035693
0.046730
0.271784
0.000000
1.051851
0.005090
0.227435
0.627364
0.545046
0.000000
0.213041
0.000023
0.002094
0.000445
0.550753
0.000004
0.808066
0.247225
0.000000
0.381352
1.164305
0.001043
0.000001
0.000001
0.000266
0.003995
0.000000
2.259102
0.000001
0.000236
1.102374
0.000000
2.777924
0.000000
0.000000
0.000000
0.556641
0.000435
0.000057
0.000001
0.040519
0.000387
2.501659
0.917109
0.000000
0.000000
0.109902
0.000385
0.227833
1.552665
0.000000
0.009230
0.000000
0.739446
0.167590
0.079176
0.000000
0.104350
0.000045
0.139670
0.000000
0.000001
0.569288
0.000007
1.516787
0.273123
0.000036
0.001642
0.000041
0.511267
0.011810
0.810204
0.280024
0.000000
0.000000
0.000389
1.503901
0.145408
0.000000
0.000193
0.000000
1.402384
0.549927
0.000519
1.105994
0.166445
0.026232
0.487076
0.000012
0.000000
0.811304
0.000464
0.036223
0.000000
0.071167
0.952033
0.000274
0.000000
0.000008
0.080792
0.054602
0.490982
0.001418
6.162710
0.060098
0.511469
0.000000
0.000001
0.000000
0.076564
0.000007
0.000187
0.000000
0.004408
0.000263
0.000000
0.000000
0.001692
0.000548
0.000000
0.014846
0.010006
0.044114
1.216383
0.000002
0.000167
0.000715
0.019896
0.000002
0.082032
0.005573
0.002189
0.311917
0.001238
0.002557
1.655691
0.046305
0.000002
0.016697
0.003411
0.000072
2.001273
0.007634
0.001091
0.065824
0.732182
0.004240
0.000000
0.015521
0.000071
0.184107
0.000000
0.000000
2.042624
0.000000
0.001863
2.445484
0.015561
0.000000
0.241977
0.000000
1.075562
1.991186
0.349681
0.509284
0.000000
1.617950
0.958592
0.411818
1.977631
0.243695
0.018279
0.001939
0.211262
0.000000
0.000251
0.002543
0.007785
1.226791
0.160602
0.000000
0.183474
0.000000
0.077181
0.354630
0.657303
0.324188
0.050604
1.864537
1.301552
15.993519
0.000000
0.000000
4.513754
0.738411
0.402509
0.000000
0.008174
0.007402
0.002787
0.000011
0.000346
0.780548
0.980549
0.000023
0.080867
0.753922
0.001145
0.000012
0.139856
0.000000
2.261985
0.000000
0.089790
0.269495
0.000000
0.000000
0.428509
0.007225
0.000002
1.000000
0.000000
1.069010
0.000760
0.032539
0.026252
0.000000
0.000000
0.000000
0.874863
0.859608
0.000000
0.169403
0.000000
0.619556
0.060900
0.001280
0.074908
0.515900
10.492110
0.035590
3.028896
0.000000
1.090937
0.000150
0.000000
0.000009
0.025566
0.680164
0.000000
0.000000
0.000001
0.000230
0.000000
0.000278
0.000009
0.093364
0.000000
0.055012
0.059976
0.244319
0.000001
0.006430
2.011046
0.000000
0.000041
0.073378
0.110740
0.364518
0.000007
1.657076
0.489528
0.044359
0.000008
0.031466
0.151857
0.000000
0.001850
1.500929
0.004468
0.000066
0.230365
0.000000
0.000008
0.013907
0.054242
0.000002
0.000000
0.146889
0.000000
0.000000
0.000000
0.013408
0.930746
0.088353
0.047293
0.822907
1.268699
0.092548
0.000001
0.000008
0.082691
0.912057
0.000000
0.000866
0.000288
2.728917
0.004843
0.680170
0.000000
0.000001
0.003741
0.030019
0.000000
0.290629
0.006469
0.000000
0.001856
0.000000
0.000134
0.000252
0.000000
0.001213
0.000153
0.000000
0.514542
0.000008
0.010646
1.136489
0.000017
0.144017
0.000000
0.193897
0.284644
0.006869
0.021756
0.027769
1.081086
0.001275
0.000000
0.000000
0.002518
0.472932
1.094336
3.033256
1.449038
0.533756
0.000000
0.000000
1.617627
0.097319
0.000002
0.000000
0.282431
0.000000
0.001971
0.040218
1.220713
0.015894
0.000164
0.000608
0.141107
0.000000
0.001243
0.000162
0.017103
0.000492
16.143104
0.003259
0.754784
0.000000
0.000000
0.886381
0.916064
0.002907
1.428393
0.460403
0.000000
0.000071
0.000230
0.213861
0.207641
0.000028
0.000000
0.000000
0.004706
0.000889
0.237814
0.000003
0.000000
1.019091
0.000000
0.003966
1.002447
0.000000
0.000000
1.438707
0.000015
0.088232
0.013710
0.000000
0.000003
1.848333
0.993587
0.000098
1.108952
0.000000
0.000000
0.000000
0.000334
0.000435
0.314153
0.036678
0.016746
0.000000
0.744830
0.694715
0.000000
0.000062
0.006046
0.070492
0.000000
1.363880
0.904405
1.091226
0.000059
0.980942
0.016955
0.306754
0.000000
0.000000
0.000712
0.000000
0.000000
0.093271
1.023178
0.685675
0.000147
0.000000
0.414088
0.015211
0.967115
0.266599
0.000152
0.000004
0.080835
0.000004
0.073786
0.000000
0.006892
0.010839
0.000000
0.000000
0.002288
0.000184
0.160844
0.000000
0.000000
0.336116
0.000000
1.240944
0.005730
0.000000
1.000000
0.002119
0.538071
1.010555
1.000000
0.001367
0.542813
1.303781
0.005650
0.026010
0.236008
0.000000
0.057407
1.332334
0.179183
0.042292
0.000005
1.062228
0.824957
0.000000
0.552383
0.989501
0.002306
0.349459
0.000082
0.000001
1.555003
0.004081
1.545010
0.000002
0.061060
0.000000
0.000000
1.036947
0.000000
0.000000
0.000003
1.211346
0.000415
1.519843
0.000163
0.008371
0.000012
0.270198
0.000000
0.013974
0.007394
0.000082
1.566936
0.000000
0.000004
0.000000
0.061094
0.017852
0.000000
0.000737
0.000000
0.040681
0.000011
0.000001
0.817681
0.362936
0.000556
0.000003
1.343697
1.646209
0.000000
0.000396
0.015152
0.000873
0.002536
0.003293
0.101084
0.305762
0.000000
0.090556
0.000826
0.841018
0.034092
0.080747
1.110836
0.050553
0.000033
1.189935
0.006609
0.002372
0.001296
0.178666
0.470582
0.000000
0.000031
0.117005
2.076905
0.867495
1.120195
0.375487
1.143613
0.384234
0.261427
1.712876
0.000000
3.463064
2.144989
0.000000
0.005565
0.000002
0.010327
0.000000
0.030790
0.000070
0.640604
0.000000
1.385672
0.000007
1.613955
0.000000
0.000000
0.000012
0.268362
0.000000
0.000001
0.000000
0.010094
0.833995
6.595138
1.196342
0.000000
1.049358
0.291252
1.224393
0.000000
0.000001
0.000000
0.170347
0.155773
0.002123
0.956451
1.405377
0.239416
0.000001
0.000005
3.505911
0.480649
0.000024
0.012990
0.646452
0.000005
0.000000
0.000000
0.000022
0.517470
0.048881
0.000000
0.863654
98.378682
0.360733
0.690094
0.005449
0.000000
0.000000
0.000000
0.001845
0.001465
0.000000
1.886682
0.364684
0.000000
0.000000
0.017731
0.978510
0.003466
0.269346
0.036234
1.349855
0.220937
1.030214
0.000000
1.383212
0.234104
10.458939
0.009038
0.686575
0.684509
0.000392
0.000229
0.257467
0.074739
0.000002
0.078769
0.211049
0.240830
0.012975
0.001080
1.567009
0.000000
0.054181
0.041114
0.105442
5.111924
2.567074
0.000560
0.479925
0.408886
0.000000
0.000073
0.712091
0.959300
1.090016
1.211931
0.000031
2.900155
0.501547
0.000201
0.000000
0.154962
1.084497
0.527025
0.000333
0.002554
1.171427
0.065753
1.166788
0.918073
0.840502
0.308271
0.002200
0.001540
0.000017
0.093012
1.788371
0.000000
0.000000
0.020237
0.000005
0.730819
0.000000
1.008991
0.000024
0.241997
0.654980
0.027043
1.021981
0.319666
0.196034
0.024957
0.000386
0.138441
2.477172
5.091675
0.000000
0.000000
0.000000
0.110686
0.000000
0.425885
0.011840
0.000603
0.977943
0.000000
0.001408
0.231629
1.328257
0.950602
0.000000
0.000392
2.949656
0.037640
2.169842
0.085653
0.000078
0.000006
0.015532
0.000000
1.561536
0.000000
1.568214
0.000006
0.015144
0.012642
1.969743
1.416317
0.000002
0.032882
1.489273
0.000000
0.628840
0.059902
0.048530
0.000070
0.007844
0.046801
0.266649
0.001299
0.000167
0.322084
1.556344
0.000172
0.227613
0.976460
1.467965
2.936630
0.000000
0.075806
1.089136
0.000012
0.898446
4.348553
0.007938
0.389756
0.635001
0.009665
0.000217
0.322167
0.000000
0.000000
0.000000
2.663774
0.000005
0.000263
0.047219
0.899548
0.001065
4.078157
0.000000
0.979342
0.112136
0.000218
0.000028
0.000000
0.015599
0.874730
0.000777
0.923030
0.037681
1.240228
0.000428
0.000000
0.000000
33.229371
0.000381
2.852090
0.000000
0.000001
0.904327
0.090257
0.000000
0.001402
0.010804
0.000000
0.594783
0.469865
1.236450
0.000146
1.000000
0.283204
0.264741
0.866083
0.000000
0.124971
0.702123
0.000908
0.000000
0.000000
0.538574
0.000069
0.212343
0.004254
2.946283
0.019778
0.022006
0.081214
0.949563
0.074316
0.077255
0.000000
0.000105
0.000003
0.000017
0.006816
0.059744
0.000000
0.004216
7.416336
0.000000
0.000000
0.094926
0.000095
2.317976
0.354356
1.037600
0.000135
0.000000
0.000159
0.000000
1.000000
0.000000
0.566796
0.086691
0.000000
0.000006
0.339813
0.483417
0.000000
0.055339
0.093715
0.000001
0.990691
0.415936
0.000000
0.130268
0.001084
0.000011
0.035088
0.000395
1.077947
0.000000
0.686787
0.191861
0.030703
0.106895
0.000000
0.129788
0.000000
0.035023
0.000000
0.000105
2.577123
0.000020
0.000000
0.039528
0.006714
0.154558
0.217875
0.000199
0.001301
0.000005
0.677955
0.000093
0.797018
0.000000
50.296356
0.000146
1.081476
0.012695
0.881829
5.458573
0.007721
0.000000
1.382935
1.008601
0.000007
0.000255
0.000000
0.730048
0.148898
0.007595
0.001367
0.144787
0.583906
0.000034
1.438909
0.000040
0.349584
0.000000
0.091907
0.256350
0.000000
0.027008
0.386936
0.046810
0.000141
0.162299
0.009561
0.070865
0.004516
0.007458
0.518604
0.761344
0.704000
2.621257
0.000001
0.334414
0.000125
0.000022
0.040645
0.875511
0.120568
0.000000
0.000001
0.005889
0.000668
0.000517
0.000000
8.778321
1.196270
0.381274
0.515789
0.000000
0.001584
0.195364
0.002980
0.000144
0.005758
0.424172
0.001301
0.045599
0.000000
0.000000
0.152191
1.928699
0.052659
0.149513
0.898772
0.122647
0.000005
0.000047
1.417411
0.000000
0.000768
0.000004
0.000219
2.225385
0.000015
0.000069
0.000000
0.121299
0.000107
1.083749
0.002420
0.037172
2.713834
0.000000
0.000000
0.004824
0.000000
0.507435
0.858837
0.000006
0.000001
0.000133
1.024942
0.000737
2.562535
0.121977
0.000813
2.595829
0.000000
0.805207
0.002414
0.009173
0.071514
0.023566
21.062858
1.218338
0.426892
0.000088
1.763828
1.642377
6.009051
0.007222
0.000805
0.000000
0.185018
1.062880
0.021492
0.009410
0.054531
0.503009
0.000001
0.000013
0.001792
0.000346
0.096815
0.000001
0.519235
1.000000
0.001767
0.000005
0.000492
0.705412
0.001483
2.106674
0.042580
0.000000
0.000000
0.000003
1.000000
0.000715
0.000033
0.015730
0.944648
0.000001
0.000001
0.095175
0.881211
0.000000
0.000266
0.370904
0.000000
0.000070
0.000000
0.001851
0.000058
0.000000
0.007434
0.129181
0.098692
0.000000
0.000000
0.077703
0.025636
0.021829
1.350920
0.000000
0.001345
1.976424
1.016808
0.170582
0.013459
0.000019
0.066242
0.000000
0.000901
0.004426
0.001983
0.004005
0.105701
0.000118
0.000034
0.007766
0.000000
0.095870
0.000007
0.745827
0.000009
0.010879
0.002617
0.000103
0.000001
1.902534
0.007085
0.101491
2.458619
0.053830
1.159749
0.000334
0.000000
0.006207
0.000096
0.000000
0.008773
0.000000
0.010008
0.874372
1.460467
0.001329
0.000001
0.000069
0.000000
0.000000
0.000000
0.000000
0.011616
0.000000
0.000858
0.499732
0.030590
0.303476
0.037282
0.000000
4.112272
0.000000
0.027601
0.000000
0.000018
0.000000
0.000000
1.504177
0.000008
0.000008
0.000191
0.683661
0.000010
0.007005
0.000296
0.108193
0.063730
0.000000
0.000000
0.690340
0.073761
0.000154
0.270195
0.000000
0.000000
0.074936
0.112754
0.005283
0.000002
0.121224
0.000652
0.000088
3.045802
0.000000
0.028156
0.017867
0.199965
0.000001
0.373354
0.296385
0.002766
0.417528
0.000000
0.000000
0.578307
0.960551
0.000038
0.000289
0.000003
4.127705
0.000001
0.000011
0.000000
0.000000
0.001912
0.000165
0.300979
0.022417
0.003804
0.000553
0.000001
0.000134
0.024496
0.004054
2.232945
0.006198
0.141336
0.009156
0.105710
0.129219
0.000000
0.000000
0.000000
0.128688
0.827733
0.000000
0.000009
0.080761
0.000000
3.015854
0.021388
0.000022
0.021538
0.000008
0.000001
0.000004
0.940777
0.071825
1.111663
0.003910
0.000365
0.000000
0.905143
0.207192
0.000000
92.140559
0.000049
0.000000
0.000000
0.328941
0.000208
0.000000
0.054589
0.001363
0.159358
0.000000
0.036788
0.000000
0.025624
0.000000
0.065157
0.026611
0.000013
0.000000
0.103805
1.000000
0.984837
7.371108
1.059794
1.373733
0.000830
0.000000
0.248817
0.000000
0.031117
0.000000
0.000951
0.149794
0.000000
0.224091
0.000265
0.000000
0.001011
0.000029
0.001834
0.860253
0.000000
0.001801
2.137612
0.000001
0.000382
0.001309
0.009631
0.000000
0.017973
0.000356
0.084201
0.332219
0.000000
0.000000
0.008639
0.086122
0.000000
0.100186
0.000000
0.000001
4.724943
1.092167
0.000001
0.000186
0.014889
1.511127
0.000000
0.167039
0.000000
0.000000
0.016260
0.028694
0.000000
0.000510
1.002717
0.041479
0.000005
0.000017
1.506291
0.001350
0.796536
2.276898
0.000000
0.000000
0.002182
0.074551
0.000000
0.000146
0.036342
0.396329
0.063832
0.830272
0.875442
0.000000
0.000000
0.000176
0.002519
0.000000
0.000000
0.000000
0.000117
1.346637
2.869767
0.000004
0.000001
0.000000
3.307128
0.000021
0.567053
0.220808
0.000164
0.000046
0.000010
0.000054
0.000004
0.203403
0.000000
0.000000
0.084039
0.000266
0.000988
0.000000
0.076146
0.000000
1.000001
0.014757
0.000000
0.538695
0.141385
0.000478
0.350040
0.000797
0.000000
0.000451
0.000000
1.218149
0.000000
0.101839
1.123672
0.002744
0.589903
0.000000
1.000000
0.000000
0.000282
0.000000
0.000000
0.001081
0.019004
0.000000
0.000004
0.825587
0.000226
0.005185
0.227319
0.059107
0.000006
0.001091
0.000073
0.000000
0.001507
0.000000
0.000491
0.000000
0.000016
0.000000
0.000000
0.003310
0.000000
0.000022
0.051615
0.000000
0.000001
0.923878
0.198488
0.000000
0.000055
0.000000
0.000000
0.000001
0.262125
0.256687
0.000000
0.069637
0.102034
0.000082
0.000001
0.000000
0.355974
0.001647
0.000000
0.092967
0.000000
1.537576
0.504527
0.000014
0.000698
0.004720
3.485824
0.000000
0.182132
0.595387
0.000075
1.132253
0.000000
0.000225
0.000000
0.000000
0.000000
0.991469
0.001668
0.000000
0.496371
1.763960
0.065476
0.001992
0.343455
0.014005
0.000000
0.905938
0.000000
0.005405
0.000000
0.000041
0.000000
0.096866
0.000001
0.000000
0.000000
0.000000
0.571739
0.000115
0.000000
1.191967
0.007657
0.000000
0.000000
8.314434
0.000085
0.060541
0.000000
0.000000
0.000000
0.000000
0.001221
0.000006
0.001750
0.268094
0.004092
5.915952
0.301712
0.000009
0.000015
0.000000
0.000176
0.000000
0.074498
1.062252
0.000145
0.000000
0.293887
0.111608
0.002926
0.000036
0.000000
0.000001
2.083909
0.490174
0.101515
0.927700
0.000000
0.000000
0.010632
0.000000
0.000072
0.000000
0.000000
0.000000
0.000000
0.764403
0.938392
0.000121
0.006270
0.001429
1.372790
0.395887
0.349647
0.000134
0.696629
0.000000
0.005638
0.000000
0.000006
0.000003
0.000000
0.267500
1.779278
0.017101
1.299368
0.000001
0.185961
0.000002
0.046913
0.204098
0.000100
0.093167
0.614889
0.000016
0.003877
0.009776
0.000000
0.000000
0.000005
0.690865
0.000563
0.000056
0.000096
0.000425
0.000003
0.197124
0.136592
0.013305
0.001280
1.043916
0.000000
0.134386
0.013563
0.969088
0.839562
0.000000
0.986705
0.001623
0.154650
0.000000
0.557279
0.024018
1.793701
0.000001
0.010045
1.004032
2.637530
0.035366
0.000001
0.000192
0.004486
0.000000
0.496498
0.001816
0.310605
1.878205
0.000000
0.597630
2.818947
0.000000
0.000000
1.399530
0.000035
0.000000
0.066560
0.000003
0.676728
3.741557
0.000000
0.000000
0.000013
0.000000
0.000033
0.002563
0.350275
0.001218
0.006256
0.223860
0.000942
0.001804
0.000000
0.000000
0.000010
0.000000
0.000000
1.608124
0.000006
0.002926
0.158093
0.000001
0.007138
0.000000
0.000014
0.067208
0.000000
0.034601
1.383981
0.000000
0.001536
0.071346
0.000000
1.305851
0.000679
0.936421
0.000000
0.000007
0.601963
32.076815
0.000920
0.003113
0.000000
0.000000
0.030355
0.695925
0.000371
0.000002
0.000877
0.006250
0.000001
0.012509
1.105047
0.000002
0.000708
0.000000
0.043275
0.105213
0.000949
0.000000
0.003000
0.008194
0.000000
0.000084
0.000282
0.000416
0.922555
0.000000
0.992683
0.002086
0.482700
0.000000
0.782679
0.024133
1.000001
0.000255
0.669642
0.000000
1.084183
0.000180
0.022631
0.001078
0.000002
0.000078
0.020627
0.992006
0.000906
0.005930
0.010184
0.011969
0.000000
1.079378
0.000103
0.000000
0.019663
0.349193
0.000000
0.000870
0.000079
0.084736
0.005158
3.937989
0.000000
0.006848
0.001913
0.000011
0.007018
0.000000
1.136792
0.983693
0.000209
0.000152
0.000070
0.000903
0.000001
0.044087
0.000006
0.000007
0.035749
0.000000
1.000000
0.000000
0.000007
0.188950
0.002096
0.000096
0.000000
0.000000
0.000075
1.000000
0.000000
0.000072
0.779457
0.473240
0.622064
0.000000
0.000000
0.000000
0.000193
0.039800
0.000000
0.000000
0.000917
0.008409
0.000000
0.001125
0.251248
0.542379
0.003936
0.735149
0.000000
0.000000
0.141881
0.562497
0.010938
0.931495
0.264833
0.000092
0.908582
0.298951
0.000000
0.616768
0.000144
0.000011
1.554426
0.148335
0.000052
0.174435
0.000342
0.189442
0.009944
0.003126
0.000000
0.000000
1.033623
0.000000
1.241678
0.300123
0.000000
0.469053
0.000000
1.047081
0.864730
0.763878
0.001310
0.103481
0.000363
0.867214
0.000792
0.800523
0.001104
0.000001
1.026016
0.000000
0.000000
1.043764
1.266365
0.788107
0.001737
0.000000
1.000000
0.000077
0.000000
0.000047
0.003545
0.000000
1.431083
6.375743
0.000000
0.116094
0.016108
0.007929
0.000000
0.000000
0.000452
0.000659
3.734176
0.000294
0.350501
0.000001
1.025335
0.610777
0.000000
0.013324
0.108996
0.000211
0.000000
0.005306
0.000000
1.320171
0.757138
0.045893
0.000000
0.000000
0.890758
0.770245
0.003876
0.000201
0.398081
0.781481
0.016358
1.241246
0.000132
0.070511
0.000058
0.000000
0.000001
0.000000
0.018392
0.000000
0.000000
1.019594
0.000000
0.000049
0.000024
0.000000
1.000000
0.965481
0.015833
0.000000
0.000000
0.149081
0.000000
0.000000
0.000000
0.000000
0.000001
0.081428
0.000068
0.001127
0.108096
0.010669
0.001012
0.014934
0.695581
0.000000
0.146001
0.093095
0.120202
0.006586
0.000645
1.183460
0.077966
1.029511
0.000004
0.000000
0.651123
1.409122
0.003643
1.315595
0.000000
1.000000
0.000001
0.024269
0.011590
0.175036
0.213453
0.379648
0.001590
0.001859
0.018944
0.000000
1.377070
0.993371
0.000000
0.000011
0.690052
0.015861
1.053212
0.163373
0.000001
0.000001
0.877725
1.050234
0.202050
0.418445
0.001077
0.000005
0.002158
0.000000
0.000000
1.212747
0.610927
0.000000
0.000356
0.001055
0.053840
0.000000
1.148787
0.000348
0.277576
0.000002
0.032588
0.000001
0.143539
0.474609
0.002141
0.000148
0.001757
0.000000
0.000841
8.190588
0.000123
0.321691
0.000001
0.005072
0.014489
0.000000
0.000548
0.519700
0.933205
0.000001
0.184347
0.749053
0.057200
0.000000
0.000000
0.000103
1.547623
0.000043
0.000298
0.269264
0.000000
1.348992
2.080523
0.000000
0.333158
0.000000
0.267574
0.710108
0.000001
0.000008
0.001380
0.000001
0.038014
1.135855
0.000000
0.469876
0.016761
2.884923
1.003351
0.267092
1.049388
0.212881
0.000014
0.015185
0.305154
0.000000
0.009164
0.000000
0.000000
0.171291
0.000000
0.243785
0.483125
0.000000
4.123553
1.007782
0.005326
0.283356
0.000210
0.398204
0.528886
0.000000
0.049723
0.002377
1.045850
0.283128
1.037217
0.000000
0.000000
0.284431
0.000000
0.000000
0.000000
0.923497
0.012480
0.000010
1.211336
0.019373
0.039192
0.000439
0.000000
0.000000
0.000211
0.685022
0.254960
0.555963
0.893885
0.000000
7.719637
1.055948
0.000000
1.493883
0.000163
0.000000
0.000000
0.000001
0.036316
0.721202
0.000009
0.000077
1.406172
0.000006
0.000000
5.101836
0.000137
0.000000
0.124649
0.037990
0.000009
0.001354
0.000103
0.000000
0.437646
0.567741
0.000002
0.752054
0.000000
0.000000
0.040793
1.053196
0.000106
0.000000
0.000167
0.680756
1.045781
0.000966
0.451555
0.891709
1.598836
2.434877
0.157784
0.000000
1.004837
0.000037
0.019975
0.000000
0.000000
0.935556
1.200835
3.428811
0.037064
0.000124
0.639167
0.000061
0.000000
0.000001
1.165902
0.424713
0.000000
1.148306
0.532517
0.266114
0.351924
0.930514
4.699150
1.003989
1.234003
0.007171
0.000000
0.045566
2.120833
0.000347
0.000001
1.073402
0.000000
2.208803
0.000211
0.000507
0.000004
0.000000
1.128506
0.000001
0.027332
0.000017
0.000985
0.686293
1.346151
2.269002
0.861203
0.019854
0.000000
0.926950
0.014689
0.000000
0.000000
0.000000
0.000000
0.110675
0.000109
0.008961
0.064905
1.381456
0.006758
0.000002
0.952995
0.000000
0.955390
0.881823
0.537396
1.000000
0.000003
1.107658
0.104750
0.000000
0.934535
0.000333
0.000096
0.226721
0.874457
2.968294
0.000159
1.072338
0.209549
0.000000
0.000000
0.065095
0.037328
0.178593
0.021970
0.014941
0.000001
0.568656
0.000005
0.004004
1.341456
0.000036
1.150618
1.047018
0.424176
0.000000
0.231535
0.713579
1.190052
0.004098
0.791297
0.171209
0.898411
0.000330
0.575700
0.393978
0.032560
0.000000
0.095964
0.413261
0.044900
0.000000
1.394034
0.000000
0.000000
0.000002
0.070810
0.002441
0.125042
0.944158
0.006122
0.114690
0.000029
0.000000
0.000000
0.059220
0.940409
1.326633
0.802440
0.000000
0.000001
0.427747
0.001765
0.000000
0.000000
1.009995
0.000000
0.797880
0.000897
0.000000
0.000000
1.128419
0.000000
0.000000
0.000712
1.566630
0.793763
0.457091
10.154848
0.028668
0.019202
0.762765
0.713234
0.000000
0.000000
0.004466
0.000000
0.836627
0.000000
0.000001
0.004434
0.884031
2.641449
0.265421
0.000040
0.000000
1.489850
0.724624
1.239768
0.000354
0.000522
0.003755
1.413512
1.200335
0.005123
0.000030
0.088232
0.000477
0.000095
0.000000
0.986248
1.323493
0.000016
0.000000
0.239342
0.000092
0.000000
0.975161
0.000214
6.859242
0.036781
0.165004
0.984693
0.000081
0.017434
0.026724
1.066209
0.000077
0.127267
0.346648
0.000000
0.000160
0.000000
0.000030
0.000001
0.000000
1.036116
0.000000
0.266214
0.000000
0.860059
0.100369
0.935508
0.000182
0.000000
0.000000
0.616504
0.831150
0.000012
0.936882
0.000884
1.267478
0.202205
0.834198
0.503556
0.011601
0.000825
1.169871
0.000197
0.003032
0.735297
0.059003
0.000000
38.081854
0.000062
0.992417
0.000000
0.860915
0.000008
0.987005
0.000000
0.000000
0.000054
0.000000
1.282315
0.000511
0.000229
0.000002
0.000100
0.000861
0.005364
4.172553
0.000042
0.000003
0.000536
0.000569
0.513912
0.005629
0.788533
0.008087
0.000179
0.342905
0.704557
0.000015
0.055230
1.407568
0.000000
0.981994
0.013310
0.348019
0.000128
0.237740
0.000004
0.000037
2.415831
0.000937
0.000000
0.483782
0.000000
0.000004
0.000001
0.000000
2.022249
0.000004
0.924408
0.000000
0.000000
0.836250
0.000000
0.004761
0.001064
1.232515
1.587659
1.084739
0.000173
0.000000
0.328421
0.000000
0.001790
0.248005
2.494364
0.160206
0.000012
0.000006
0.378035
0.065371
0.889732
0.692521
0.000000
0.003019
0.000000
0.000000
0.350532
0.000149
0.545356
0.004932
1.185736
0.180828
0.738884
0.883418
0.000001
0.000065
0.000000
0.002267
0.188713
1.533905
0.000000
0.005469
0.141910
0.000000
0.007400
0.002807
0.000000
0.954793
0.005338
0.000720
0.705969
11.451786
1.661302
1.519556
0.000008
0.000106
1.210291
0.008718
0.000000
0.000000
0.760443
1.120213
0.000000
1.352564
0.000088
0.000000
0.416067
0.105787
0.290700
1.078523
0.090012
1.249843
0.000785
0.001936
0.234589
0.000000
0.000000
0.001718
0.000408
0.000000
0.723291
0.659573
1.248564
0.179837
0.000000
0.000976
0.000035
0.000000
0.439385
0.690646
0.000000
0.955637
0.000000
0.023920
0.000000
0.628911
0.000246
0.115700
0.003496
0.000020
3.394185
0.559775
0.207615
0.000811
0.000134
0.000000
0.000000
0.001530
0.768201
0.000000
0.000109
1.448020
2.109111
2.257057
0.206453
0.013947
0.006334
0.322848
0.958824
0.000000
0.000001
0.000041
0.018175
0.000382
0.000000
0.000056
0.414711
0.000001
0.624247
0.006811
0.143296
0.003148
0.036736
0.000441
0.001953
0.555304
0.211060
1.328644
0.002134
0.364747
0.914878
0.000001
0.449094
1.072695
0.000000
0.750362
0.000393
0.000000
0.000329
0.000628
0.004763
0.883674
0.000000
0.898421
1.441948
0.184418
0.007673
0.016137
0.884977
1.208244
0.702437
0.001384
0.745386
0.548066
0.002320
1.097213
0.005167
0.000217
0.000000
0.000000
0.004194
0.865255
0.000000
0.000000
0.000000
1.077138
0.000000
0.574484
0.000298
0.000000
0.000152
0.000000
0.021504
0.000000
0.005731
1.095044
0.000004
0.000000
0.000022
0.000265
0.252538
0.815146
0.000000
0.000003
0.966194
0.000000
0.060547
0.000017
0.073281
62.123855
0.000000
0.000000
0.000022
0.488482
6.859838
0.004405
0.830100
0.077978
1.274702
0.000000
0.000021
0.971141
0.000006
0.032916
0.000013
0.512181
3.578852
0.011731
0.000000
0.000000
0.000007
1.046715
0.265189
0.924805
1.328991
0.001140
0.046687
0.858977
0.000000
0.688111
0.069331
0.000196
0.000000
0.000000
0.000000
0.358434
0.170654
1.272257
0.000006
0.000323
0.089074
0.894844
0.386430
0.373230
0.075383
1.208150
0.000579
0.000198
0.000000
0.173478
0.566511
0.000000
0.006920
0.000349
0.000231
0.000014
0.981952
0.080718
0.847180
0.012799
0.809952
0.801071
0.415281
0.000998
0.002991
0.295253
1.549214
0.603159
0.037653
0.000000
0.084767
0.002899
0.922419
0.000000
0.000000
0.000000
0.000002
0.129562
0.495066
0.357253
0.000267
1.062087
3.444886
2.392882
0.827577
0.000010
0.155664
0.000008
0.000399
0.000662
0.000000
0.000000
1.952333
0.116462
1.090265
0.000000
0.363377
3.348493
0.027658
0.322739
1.490458
0.000000
0.001673
0.143513
2.372589
0.245459
0.778287
0.027833
1.045332
0.021440
0.451116
0.000191
0.141716
0.008474
0.000732
0.000846
0.780571
0.872885
0.003093
0.001712
0.930940
0.000000
0.000046
0.000000
0.000002
0.002665
0.000001
0.253887
0.000000
0.114744
0.009692
0.823916
0.459427
0.000017
0.220167
0.859253
0.000012
0.000001
3.888760
0.729773
0.000000
0.054486
0.005782
0.000004
0.000000
0.006179
0.000000
0.334686
1.529987
0.000056
0.000000
0.000000
1.435724
0.006033
0.000122
1.841835
0.008467
0.001239
0.045536
0.003432
0.054582
0.000000
0.003482
1.989299
0.000365
0.000000
0.000000
0.314587
0.657303
0.707783
0.000037
0.021272
0.000000
0.475810
0.342055
0.000000
0.014492
0.000000
0.000000
0.493943
0.006200
0.000764
0.605564
1.368571
0.000001
2.405374
2.124770
0.759478
0.000000
2.393251
1.231081
17.028926
0.000000
0.000056
0.000949
1.134450
0.000004
0.000172
0.000000
0.006610
0.252870
0.004918
0.711174
0.202829
0.033918
0.000730
0.005492
0.580260
0.202414
0.473530
0.000719
0.797835
0.000050
3.930900
0.000000
0.349609
1.852498
0.000092
0.288990
0.020930
0.268563
0.000634
0.613108
0.262056
0.000000
0.000000
0.004119
0.000015
0.000000
0.526843
0.000000
0.000000
0.000298
0.208121
0.000000
0.000000
0.024534
0.155939
1.545030
0.000000
0.597088
0.000000
0.531855
1.703620
0.751102
0.000000
0.036948
0.000077
1.267050
3.030357
0.184995
0.185880
0.265981
0.000000
0.115531
0.000000
0.000000
3.103219
0.002015
0.979221
0.880478
2.421334
0.000003
0.000030
0.637983
0.000000
0.760488
0.863813
0.071019
2.369981
0.041455
0.367134
0.000002
1.010342
1.264799
1.597573
0.000001
0.001465
1.097476
0.735957
0.000047
0.000000
0.000027
0.000254
2.052389
1.949062
0.000000
0.008082
0.382578
0.936409
1.109962
1.087348
0.000001
0.901964
0.622913
2.404582
1.091671
0.000000
2.299120
0.598777
0.467118
1.923852
0.672231
0.648866
1.419894
0.740916
0.000001
0.003788
0.000493
0.000084
0.000569
0.000000
0.000000
0.000115
0.337451
1.020756
0.726237
0.891243
0.056639
0.056594
1.278864
0.008989
2.073701
0.000000
1.136086
0.557448
0.000123
0.076129
0.000000
0.000000
7.024667
0.000000
0.000000
0.000000
0.000003
0.082888
0.811083
0.604524
0.303557
0.552538
3.529273
0.000494
0.000000
0.509490
1.008558
3.071167
0.000025
1.031288
2.228275
2.753039
0.000000
0.000287
1.073703
0.000032
0.968749
0.467109
0.000565
0.177374
0.000000
1.000000
0.000000
0.016256
0.024671
0.013060
0.000079
0.646032
0.000002
0.734482
0.934324
1.812882
0.000000
0.149384
1.114767
0.099584
0.508492
0.625634
0.028813
0.130085
0.000401
23.906228
0.859386
1.216530
0.000002
0.000419
0.553985
0.098989
0.005218
1.038349
0.000000
0.000000
0.549806
0.181554
0.810438
1.625506
0.000229
0.560629
0.000000
0.000000
0.420888
0.043115
0.000003
0.024281
0.007218
0.822166
0.001105
0.074411
0.014046
0.000000
0.000015
0.000000
0.001747
1.136695
0.923995
0.000199
0.460253
0.000010
0.000000
0.047985
0.762546
1.031709
0.000000
0.000000
0.000000
0.001337
0.000000
0.149755
0.001570
2.107031
0.001104
0.000000
0.000000
1.045628
1.161208
0.555562
0.023720
0.004790
1.190431
0.357980
0.000010
0.807973
1.257297
0.000277
0.019986
0.000004
0.000036
1.263310
0.000000
0.515213
0.851938
0.000001
0.057896
0.000014
0.016490
0.000000
0.004165
0.000000
0.000000
1.455965
0.000000
3.850192
0.000075
0.000029
4.589243
0.000788
0.000000
0.000000
0.003701
1.025339
0.000000
21.127606
1.237598
0.000032
0.335425
1.116590
0.491718
0.000000
0.309894
0.408060
0.020562
0.834161
0.000000
1.188602
0.003105
0.210756
0.298300
0.000005
0.110615
1.490607
0.000000
0.532761
0.000000
0.150133
0.000000
0.000000
1.103670
0.018916
0.000000
0.969450
0.000024
0.409333
0.432428
0.004665
0.045434
0.506825
0.331094
0.000000
1.255051
0.533604
0.182708
1.134322
1.184278
0.648906
0.000000
0.674211
0.409441
0.006433
0.409702
0.740855
0.001081
1.083181
0.000166
0.328856
0.000000
0.557581
0.000000
0.001730
0.744071
7.606436
0.938448
0.753873
0.888867
0.000024
0.000000
0.000001
0.457962
0.104731
0.004861
0.270690
0.452493
0.096390
0.000000
0.000010
0.000000
0.000000
0.589163
0.000000
0.001222
3.264644
0.000000
0.481911
0.000000
0.548631
0.000001
0.008230
0.433196
2.181082
0.005502
0.002878
0.000000
0.802398
0.000014
0.055558
1.329622
0.008231
0.437990
0.000490
0.002907
0.000000
0.000047
0.000000
0.706579
0.586158
0.473431
0.000000
0.001435
1.084414
1.788248
1.013132
0.000003
2.337434
0.637655
0.000000
0.000092
0.838634
0.897909
0.000928
0.905748
0.659025
0.177934
0.004337
0.119338
0.003781
0.416169
0.000128
1.575039
0.000000
0.954382
0.007236
0.276368
0.000035
1.366957
0.000000
0.000010
0.000000
2.096530
0.833577
0.092924
0.000000
0.000000
0.000000
0.000000
0.520236
1.175720
0.049951
0.000000
1.013165
0.397268
0.717006
0.110136
0.000000
0.000242
0.000013
0.575901
0.000001
2.657456
0.800517
0.457798
1.554505
0.000000
1.129377
0.000000
0.240370
0.434006
0.588147
0.296405
0.000006
1.159973
2.685762
0.000001
0.000545
1.134219
0.000082
0.000000
0.977583
0.044936
0.062271
0.967767
0.000000
0.975508
1.188230
0.504055
0.596437
2.057604
0.000000
0.000001
0.000000
0.911490
0.000000
0.000090
0.083057
0.000000
0.000000
0.840889
1.202496
0.928356
0.000000
0.000079
0.256188
0.000002
0.008097
0.829545
0.000000
0.000000
1.258767
2.264309
0.278926
0.143950
0.000000
0.005643
0.000000
0.184242
0.149551
0.000001
2.523547
0.000000
0.001601
0.035266
0.000000
0.971307
1.305624
0.101212
0.008883
1.603829
0.895354
1.042713
0.805720
0.094953
0.006896
0.000000
0.979070
0.000134
0.118782
0.000066
0.000000
0.000000
0.000000
0.000003
0.047676
0.003053
0.057525
0.000000
0.000000
0.000000
0.264863
0.001065
0.582823
0.839501
0.000000
0.000010
0.048696
0.000000
0.000002
1.045204
0.000000
0.000008
0.004073
0.983038
0.000000
1.581602
0.164916
0.955369
0.000012
0.491421
0.000000
1.410726
0.553317
0.003419
0.355723
85.900302
0.000723
0.311143
0.036712
1.119557
0.211936
1.169407
2.900221
0.076083
0.974148
0.568265
0.052465
0.000000
0.000000
0.929167
0.161258
0.000003
1.024273
0.006050
0.799541
0.813615
0.250008
3.675754
0.000000
0.957175
0.000079
0.000000
0.933228
0.000511
0.626053
0.888774
0.000000
0.223748
0.038287
0.000000
1.943969
0.000308
4.991318
0.000000
0.000017
0.589410
0.101320
0.036704
0.933561
1.270890
0.000020
0.000047
0.005632
0.000000
0.193175
1.207930
0.562903
0.087692
0.000000
0.000000
0.104170
0.141893
0.000000
0.000000
0.022983
0.781392
0.711454
1.664158
0.965774
4.337705
0.002063
0.531987
0.161217
0.000000
0.000103
0.000051
0.599598
0.000000
0.000147
0.000934
1.182815
1.079345
4.632410
0.744552
0.105826
0.000001
0.000000
0.002146
0.000000
0.231770
0.000000
0.011914
0.815390
0.465831
0.068926
0.000093
3.484794
0.000035
0.423258
0.147918
1.426574
0.148069
1.666719
0.853690
0.001283
0.942112
0.109918
0.000000
0.010735
0.004785
0.338953
0.688168
0.678960
0.044031
0.000684
0.244264
0.302673
0.000000
0.000155
0.000202
0.193594
0.035575
0.790086
0.032960
0.000000
0.918230
0.804023
0.837676
0.000031
0.501151
0.001113
0.010146
0.000000
0.000004
0.145771
0.256047
0.108691
0.973354
0.415871
0.524252
1.389406
0.672084
0.004916
0.027010
0.000000
0.000002
0.140861
0.753357
0.000058
0.651968
0.000000
0.000171
0.001107
0.703776
0.003987
0.571804
0.037684
0.974054
1.294907
0.120327
0.818883
0.070495
0.403843
0.000001
0.162067
0.000000
0.846395
0.000005
0.337289
0.218457
0.000026
0.117938
0.000000
0.960539
0.007027
0.921431
0.000000
0.000000
0.042394
0.000000
0.020506
0.002518
1.779098
0.000000
0.000000
1.114627
0.393424
0.171003
0.000608
1.146704
0.346487
0.000001
0.959635
0.000000
0.835727
0.033140
0.016744
0.950793
0.476774
0.000124
1.000000
1.488855
0.129844
0.000072
0.003180
0.387371
0.000000
0.618497
0.000009
0.000000
0.008035
0.639952
0.278659
1.896237
1.255400
0.096877
0.000613
1.904156
0.940309
0.115201
0.074956
0.009917
0.000003
0.506407
0.245049
0.000003
0.248784
0.687613
0.168747
0.001407
0.123254
0.000024
0.529333
0.000000
0.000000
1.156781
1.077472
0.496950
0.569798
0.000000
0.514764
0.789387
1.124966
0.069184
0.089322
0.000002
0.131505
0.380244
0.078981
0.003602
1.032698
0.000000
2.940793
0.000000
0.000008
0.063928
0.290424
0.235209
0.000000
0.027552
0.000012
0.000000
2.933675
0.000000
0.000000
0.617446
0.529681
0.000000
1.029338
0.000104
0.892558
0.133267
6.445399
1.875478
0.000005
0.000000
0.951708
0.000000
0.000008
0.444602
0.108593
2.639563
0.626952
0.283463
0.960174
0.000059
0.000012
0.000103
0.604946
0.211191
0.000056
0.000000
0.000000
0.917713
0.066693
0.775017
0.000000
0.000031
0.003333
0.000001
0.302358
0.538779
1.277937
0.919169
1.273161
0.000000
0.000008
0.000003
0.002378
0.000000
0.008751
1.192509
0.427387
0.002644
0.000000
1.847449
0.865353
0.921612
1.065094
0.000060
0.000000
0.009432
0.055857
0.000000
0.045988
0.111736
0.651986
0.001184
0.088664
0.000000
0.000006
0.000159
1.535323
1.319635
0.000621
0.012991
0.705493
0.966720
0.065904
0.000001
0.448838
0.179552
0.000000
0.636157
0.000088
0.000000
0.325490
0.000000
1.753428
0.056415
0.022864
0.000208
0.000350
0.525870
0.003893
0.821194
1.533044
0.597768
0.002181
0.000000
0.000000
0.926233
0.000000
0.549370
2.419247
1.955362
0.305030
0.137462
2.498793
0.754924
0.003726
0.000002
0.656210
0.837660
0.000000
0.465791
0.003917
0.000000
3.439476
0.000000
0.000011
0.826142
0.142374
0.000001
0.590689
0.254256
0.238329
1.082672
0.000000
0.004054
0.000000
0.000510
1.166171
0.953083
0.000000
0.000000
0.071785
0.093616
0.388523
1.140666
0.032292
0.000015
0.000006
1.183963
0.000019
0.001414
1.289995
0.000000
0.000000
0.000553
0.000000
1.157840
2.162936
0.006253
0.057312
1.124323
0.015144
0.247485
1.161163
1.326972
0.215959
0.000000
0.000000
0.000000
2.004795
0.000000
0.478233
0.467693
0.000557
1.090852
0.000000
0.655363
0.705758
0.000000
0.002598
0.318318
0.004647
1.138737
1.059506
1.392381
0.003945
1.243759
0.110152
0.304389
1.316881
0.090446
0.000116
10.818420
0.544379
0.827447
1.207353
0.000000
0.000001
0.000014
0.000011
1.409717
0.027108
5.655786
0.000000
1.152799
0.003147
0.126832
1.147843
0.469801
0.000266
0.181161
0.595142
0.000000
0.000000
0.000049
1.713815
0.322143
0.000026
0.057937
0.000004
0.000000
0.611973
0.207331
0.013577
0.980426
0.053199
0.000000
0.000000
1.154756
0.000000
1.376107
0.000000
0.496370
0.000001
0.000563
0.000000
1.112120
0.433874
0.000940
0.000038
0.001623
0.394465
7.832265
0.000237
0.000000
0.001411
0.724438
0.184950
0.183186
0.178685
1.064357
0.068621
1.683603
1.693425
0.149861
0.000010
0.060734
0.000360
0.725859
1.094606
0.508378
0.525014
1.526176
1.063503
1.225485
5.489296
0.000000
0.469953
0.000065
0.015336
0.565243
0.003973
0.000000
0.000000
0.000000
0.065976
0.886661
0.885130
0.102707
0.000002
0.812534
0.016664
0.623342
0.044245
0.000000
0.022903
0.831630
0.110984
0.331149
1.032850
0.000009
1.719926
0.000000
0.011561
1.271838
0.253355
0.890448
0.729455
0.000000
0.016934
0.000000
0.496466
0.849149
0.868240
0.070292
1.111322
0.234860
1.007643
1.267475
3.804160
2.657752
0.000160
0.002118
0.000000
0.025855
1.197562
0.007248
0.000080
0.002374
0.000000
0.266832
11.078297
1.677798
0.000000
0.645179
0.145429
4.751686
0.348468
0.000000
0.003005
0.172539
4.195899
0.000000
0.000732
0.993174
0.219532
0.006506
0.000138
0.108034
0.000000
0.107014
0.051090
0.000806
0.252284
0.827182
0.606871
15.053371
0.353463
0.972421
0.000000
0.161357
0.142326
1.235305
0.000000
0.000377
0.000000
0.706547
2.307353
0.563930
0.331658
0.002722
0.000000
0.933065
0.035954
0.000000
0.676262
0.001716
0.025598
0.025414
1.030168
0.002360
0.391655
0.368933
0.001565
0.181391
0.620792
0.588704
0.956601
0.000000
0.577068
0.002261
0.000012
0.000000
0.000853
0.000000
0.000284
0.000000
0.910688
0.383654
1.471921
0.873054
0.000000
0.696650
0.702227
1.074859
0.000000
2.460202
0.000000
0.187994
0.000000
0.000012
0.000011
0.000001
2.945604
0.000000
0.111655
0.000801
0.000001
0.000021
0.461958
1.180005
0.286217
0.000194
0.000439
0.002400
2.105297
0.000000
1.055944
0.000101
0.030647
0.272356
0.389774
0.008865
3.787682
0.007555
0.000989
0.323810
0.005496
0.763343
0.000436
0.197140
0.000013
0.229561
1.430214
0.000065
0.080650
0.149892
0.000000
0.003102
18.148535
0.328100
0.280263
0.000000
0.613074
0.000537
0.018667
0.038998
1.610554
0.370642
0.194529
0.435945
0.740741
0.000090
1.038544
0.394539
1.000000
1.897579
1.305834
0.619522
9.387319
0.515730
0.029601
0.000000
0.319163
0.000000
0.762548
0.000000
0.004602
1.619789
0.109585
0.000000
0.000000
0.000000
0.000003
0.126387
0.032333
0.530743
0.581534
0.282567
0.664039
0.000000
0.001674
1.778551
0.000001
1.083121
0.156390
0.198371
0.826718
0.000149
0.000966
0.740149
0.413753
0.034380
6.615503
0.019083
0.809188
0.910314
0.000000
0.731190
0.002083
0.381242
1.117015
0.000000
0.000001
0.793349
1.505200
0.000138
0.297311
0.020693
0.000006
0.001630
0.000000
0.269119
0.114654
0.699050
0.002594
0.001673
0.005997
1.114145
0.000116
1.831910
0.026406
0.000000
0.559859
0.000000
0.900561
1.324943
0.907428
0.000000
0.000000
2.169134
0.296314
0.428234
0.071633
0.000475
3.354198
0.545835
0.000150
0.103639
1.546726
0.469468
0.456996
0.075329
0.435177
0.675152
0.272356
0.006530
4.294298
0.634369
0.924845
0.076208
0.000001
0.000000
0.625254
0.000000
1.311372
0.014402
0.000011
1.119482
0.022350
0.148487
0.000418
0.000000
3.327623
0.033472
2.808280
0.000000
0.000492
0.000001
0.000001
0.001862
0.413148
0.000000
0.017392
0.000842
0.666476
0.000000
0.191812
0.000000
1.115963
0.028409
0.000002
0.568963
1.343711
0.000000
0.184190
0.000705
0.114997
11.571079
0.080491
0.000009
0.000000
0.688047
0.159617
0.000000
0.588703
0.000208
1.029831
0.002388
0.000011
0.469531
1.216240
0.000001
1.150436
0.000000
0.000030
0.000000
0.810644
0.000251
0.001000
0.578746
1.302439
0.000399
0.000000
0.605356
0.320944
0.000000
0.404187
0.602653
0.002977
1.593352
7.367396
0.001079
0.000000
0.000004
0.349024
0.007909
0.042807
0.000000
0.000005
0.000000
0.915131
0.000029
0.000000
0.061965
4.243416
0.559235
0.000741
1.923755
0.783144
0.030344
0.000562
0.243703
0.061374
0.000000
0.004050
0.000062
0.000000
0.000004
0.002008
0.058239
0.000286
0.000001
0.181266
0.022448
0.000001
0.000000
0.000000
0.598222
1.616628
0.000006
1.413417
0.001679
0.983889
0.244283
0.385843
0.000259
0.000000
0.083439
0.000000
0.050389
0.639027
0.000017
3.276836
0.411967
0.025264
0.563299
0.000003
1.874403
1.095863
0.065219
0.033974
1.185695
1.019678
0.000000
0.690812
0.000000
0.000150
0.237448
0.037967
0.063303
0.000331
1.583616
1.917908
0.028174
0.233882
0.001048
3.201307
0.067915
0.001706
0.015002
0.324357
0.090571
1.276878
0.247187
0.000051
0.000032
0.000000
1.328893
0.979932
0.339608
0.000000
2.525562
0.332048
3.903828
0.508075
52.722301
0.927738
0.000070
0.540256
0.441660
0.006290
0.002643
0.660735
1.026344
0.012684
0.980481
0.000000
0.000000
0.000002
0.008386
0.012822
0.000000
0.361677
0.463093
0.926408
0.000000
0.596206
0.002728
1.806690
1.028902
0.038841
0.000001
0.564585
0.000000
0.000469
1.000000
1.940496
0.143507
0.000001
0.000273
0.000000
1.613577
0.198319
0.000006
0.861364
0.002348
0.000037
0.000000
0.358202
0.270156
1.633764
0.000002
0.006210
0.002549
2.109418
0.092403
1.077856
1.263233
0.000001
0.957306
0.888759
0.000001
0.002862
0.089200
1.546949
3.078415
0.268103
0.000008
1.789081
0.277330
1.304180
0.827499
0.267219
0.000890
1.023540
0.000140
0.263284
0.207916
0.000000
0.000000
1.390430
1.503852
0.264932
0.004503
0.113068
0.004106
0.840765
0.041789
0.098257
0.722590
1.992691
0.974241
1.788493
0.006331
0.010719
0.000081
0.133490
0.240832
1.016857
1.661749
0.583511
0.000155
1.288513
0.002598
0.871113
1.395126
1.020598
0.000000
0.000000
0.634826
1.987383
0.585593
0.012893
0.280576
3.580106
0.009224
0.000000
0.045495
0.020855
0.009611
0.004053
0.084697
0.000000
1.691041
6.838261
0.866876
0.243341
0.614184
0.941174
0.000067
0.000189
0.030211
0.000000
0.001896
0.719661
0.744328
0.000000
0.267049
0.011241
0.520581
0.163576
1.807397
0.000002
0.041365
0.000008
0.504626
0.139168
0.929944
0.000166
0.288807
0.000000
0.348036
0.943171
0.485695
0.000002
0.000004
0.061145
0.081519
0.000461
0.211481
0.835137
0.000000
0.000000
0.317366
0.025426
0.001889
1.711928
0.000000
0.047624
0.022309
0.000155
0.000006
0.965571
0.031865
0.380861
1.867007
0.000000
0.560342
2.002996
0.481139
0.344090
0.000000
0.000000
0.000242
1.994021
0.065447
0.140784
0.013102
0.003452
0.045139
0.000001
2.140759
3.184225
0.209449
0.125122
0.000821
0.109040
0.000031
0.038032
0.072710
0.632574
0.190335
0.000000
0.108134
0.155315
1.078182
0.296106
0.319537
0.017654
0.000119
0.003370
0.004877
0.000004
0.013235
0.488630
0.000000
2.982779
1.286974
0.048934
0.681717
0.017957
0.487018
3.219377
0.008301
0.000000
0.499192
0.150799
0.044648
0.139183
0.024400
0.213481
0.030903
0.023154
12.379943
0.033920
0.386229
0.947538
0.000041
0.132432
0.000016
0.003425
0.000009
0.004514
1.069911
0.000000
0.126620
0.017913
0.339065
0.964429
0.000000
1.495936
0.004096
0.006747
0.000017
0.000625
0.002548
0.512555
0.401957
1.219213
0.065735
0.936025
0.618997
0.000262
1.634118
0.000001
0.986538
2.315669
0.224923
0.387480
0.383725
0.985214
0.826256
0.000000
0.000000
0.007157
0.000000
0.002921
0.195736
0.255842
0.023311
0.883467
0.000001
0.000513
1.199219
0.193251
0.000000
0.207378
1.865083
0.128148
0.000402
0.254247
0.244683
0.001786
0.341186
0.019518
0.913854
0.000007
3.062885
0.098677
0.930925
0.823903
0.046314
0.000001
0.000000
0.003754
0.000000
0.693540
1.132147
1.795801
0.918404
1.117139
0.495552
1.140717
0.418895
3.954972
0.000000
0.002716
0.015334
0.400264
0.000019
0.239543
0.409653
0.000000
0.055309
0.000000
0.178421
0.000549
0.062608
0.615035
0.000431
0.168388
0.071894
0.010470
0.903337
0.057973
1.035937
0.010222
0.438678
2.752315
0.000000
0.555004
0.001427
0.005148
0.163486
0.348376
10.580538
0.349353
0.000000
2.736689
0.115166
0.000016
0.013628
0.058268
0.000000
0.000000
0.184050
6.292242
0.439849
0.000000
0.000000
0.000000
0.166574
0.000000
0.000861
0.684042
1.240701
0.231216
0.031686
0.000345
0.002167
0.900387
3.145985
0.000349
0.000138
0.532865
0.198758
1.301309
0.000000
0.922136
0.000315
0.000018
1.147727
0.000140
0.521832
0.000000
0.000000
0.015819
0.000004
0.000000
0.000000
0.000000
0.016124
0.077514
1.122267
0.075156
0.000000
0.269453
13.464143
0.013282
0.002331
0.000000
0.006993
0.000004
0.000000
1.527574
0.747534
0.000002
0.000000
0.000007
0.010594
0.076530
0.523154
0.000000
0.000000
2.689348
0.171940
0.223525
1.359079
1.119559
2.898850
0.001392
2.200691
1.613146
0.367563
0.272559
0.004583
1.434047
0.243383
0.001854
0.000096
0.000000
0.775320
0.005140
0.755055
0.003011
1.029634
0.396491
0.002944
0.001096
0.010820
0.509670
0.000083
0.089742
0.654139
0.235540
0.000000
0.000000
0.779576
0.000000
1.010246
0.468016
0.814139
0.333121
0.000000
0.051006
0.000042
0.567865
0.000000
0.000007
0.192138
0.000000
0.094088
0.000000
1.039393
0.025625
0.062410
0.000000
0.000000
9.493995
0.000000
1.382611
0.000000
0.115211
0.244609
0.016397
0.458713
0.043250
0.000352
0.000000
0.136139
1.583794
0.000055
3.990318
0.000000
7.622179
0.631082
0.000667
0.987370
0.615628
0.027235
0.021757
0.000227
0.431151
80.547906
0.000000
0.000000
0.000000
0.030555
0.320702
0.986831
0.020746
8.098139
0.071842
0.163288
1.214992
0.000000
0.000441
1.470148
0.000048
0.000007
0.304748
0.635257
0.048573
1.739751
0.000000
0.047317
0.121400
0.000000
0.016639
0.000000
0.994949
0.225628
3.844332
0.943907
0.000084
0.004085
0.000418
0.000347
4.882008
0.894243
0.036448
0.728793
0.018543
0.045481
0.084225
0.422355
1.489381
0.000024
2.265773
1.004577
0.056856
0.000000
0.324495
0.001690
0.000147
0.010395
0.014070
0.000025
0.998867
1.556512
0.000000
0.000000
0.000000
0.032496
0.000048
0.000000
0.006811
0.547924
0.007529
0.000785
0.138109
4.723333
0.555738
0.000205
0.755415
0.000048
0.000000
0.152894
0.045709
0.002687
0.033590
0.000000
0.003617
0.176753
0.528590
0.000000
0.037550
0.000195
0.000104
1.271574
0.000000
1.111691
0.489256
0.970769
0.000002
0.001446
0.358560
0.002984
0.257332
0.000000
5.255288
0.451507
0.007635
0.291102
0.000206
0.043361
0.850154
0.281257
0.493142
1.025691
1.047589
0.000000
0.088872
0.000000
0.000000
0.000000
0.246118
0.000000
0.555617
0.238093
0.000061
1.418935
0.000002
0.001014
0.005306
2.139618
0.000078
0.832094
0.000000
0.005835
0.072287
0.312075
0.000849
0.072730
1.567377
0.045258
2.488503
0.000000
0.590800
0.000000
0.000003
0.000010
0.003989
1.821532
0.000993
0.072050
1.900270
0.097820
0.816520
0.029052
0.000437
0.017734
0.979209
0.046481
0.092401
0.044203
0.000000
0.057952
0.000000
0.247048
0.003227
0.763573
0.303210
0.000000
0.034248
0.000000
0.094398
0.944380
0.000001
0.024317
0.000008
0.000298
1.077456
0.000000
0.058261
0.345633
0.220795
0.101958
0.899918
0.053502
1.025581
0.425763
0.361189
0.057782
1.257008
0.000001
1.190105
0.217467
0.000000
0.000119
0.000000
0.000755
0.018450
0.000001
0.130083
0.000011
0.952291
0.004147
0.000022
1.107420
0.000000
0.857544
0.000000
0.000029
0.000265
3.705217
0.020761
0.000096
1.540234
4.110237
0.771101
0.057192
0.603991
0.000000
0.027159
0.987805
0.100976
0.043209
0.000000
0.068261
0.000002
0.000000
6.015444
0.676585
0.618083
0.556873
0.856483
0.032965
0.037083
0.001352
1.118926
0.966265
0.000147
0.117719
0.000000
0.000024
0.005176
9.428521
0.441216
0.628115
0.000000
0.058693
0.000000
0.173616
0.136024
0.000003
0.033480
0.077071
0.477411
0.447842
0.000011
0.000000
0.000000
0.000000
0.000027
4.503235
0.865675
0.076830
0.008062
0.009125
0.437310
0.130319
0.004093
0.000000
0.045656
0.008228
0.000077
0.002411
0.000000
0.000000
0.215998
0.000000
0.000000
0.353304
0.930735
0.000000
0.160204
5.630310
0.000000
0.000147
0.000133
0.006148
0.624681
0.027417
3.382663
0.562646
5.406484
1.032314
0.672331
0.613817
0.363137
0.000005
0.000352
2.084735
0.681275
0.133384
0.264552
0.007067
0.495002
0.000000
0.070684
0.968815
0.000000
0.142571
0.863903
1.045353
0.051489
1.525873
0.265908
0.022251
0.000006
0.071205
0.023273
0.000000
0.742957
0.000000
0.050511
8.736424
0.167578
0.000087
0.763051
0.359749
0.002329
0.000989
0.000000
1.502234
0.984650
0.130054
2.797290
0.025641
0.678957
0.601028
0.999999
0.000028
0.012742
0.000001
0.000000
0.034759
0.000039
0.006499
1.246057
3.144210
0.000000
0.000001
0.223385
0.000147
1.026946
0.000800
0.001985
0.048906
0.000000
0.000000
0.000000
0.023195
0.000000
0.568251
0.284531
0.981570
0.154572
0.000000
0.033311
1.028684
0.325651
1.609219
0.139103
0.058128
0.144899
0.023956
0.000000
0.897595
0.736944
0.032075
1.541816
0.000034
0.001874
0.123774
0.000000
0.255609
0.145052
0.150711
2.104460
0.006826
2.163992
0.021915
0.045483
0.000000
0.000000
0.904752
0.000170
1.024089
0.019735
4.661846
0.527906
0.000009
0.000000
1.023600
0.165517
0.064353
0.044659
0.149391
0.000000
0.000000
0.098632
0.591032
0.015076
0.905245
0.380319
0.281088
0.005348
0.991733
0.274436
0.158087
0.161337
0.286571
0.000027
0.422379
0.112683
0.333151
0.782833
0.000002
0.363445
0.219448
0.207549
0.000043
0.487588
0.070705
0.000000
1.389727
0.082563
0.055382
0.184686
0.308903
0.008952
1.707072
0.000026
0.000203
0.001729
0.248029
0.047081
0.000114
1.172365
2.060478
0.807886
0.226775
0.000730
0.046795
0.000000
0.065615
0.076760
3.428609
0.000002
0.000002
0.004910
2.685328
2.498145
0.039488
0.137909
1.070217
0.000132
0.076647
0.000081
0.035860
0.504397
1.105591
0.097290
0.098629
0.842513
0.000000
0.000000
0.000288
0.482775
0.119292
0.160413
0.000206
0.011687
0.219049
0.000000
5.361477
0.000096
0.086456
0.000000
0.000028
0.001871
0.043017
0.020856
0.320979
0.000000
0.002334
2.104404
0.000045
0.016492
0.022087
0.059611
0.005944
0.002239
0.005772
0.013832
0.000004
0.013294
0.000035
0.267745
0.109716
0.000001
0.086665
0.000027
0.901680
0.000000
0.000000
0.159713
0.000000
1.044278
0.732207
0.145866
0.000088
0.000000
0.000018
1.680436
0.008649
0.000000
0.350305
0.000659
0.005075
0.500187
0.524599
0.018173
0.445713
0.000002
0.012164
0.000010
0.018864
0.000119
0.001551
0.929897
0.522015
0.000000
0.001401
0.668662
0.048024
0.002121
0.058964
0.000000
0.110797
0.000000
0.000007
0.000000
0.344040
0.651333
0.210019
0.000001
0.000023
0.000000
0.746712
0.000000
0.169270
0.068476
0.000338
0.260810
0.709294
0.977570
2.641341
0.222287
0.018396
0.000000
0.034534
0.000000
0.000721
0.002177
0.009673
0.000011
0.011046
0.000000
0.000000
0.212989
0.278667
2.124137
0.529507
0.771995
0.000082
5.829490
0.097974
0.000000
0.776357
0.000000
0.489153
0.051367
0.141549
0.431692
0.000000
0.319042
0.160188
0.451920
0.768648
0.458942
0.036679
0.000004
0.015216
1.095231
0.011869
0.000000
0.160138
4.986492
0.351043
0.001275
0.011394
0.000699
0.202560
0.013499
3.282806
0.519551
0.721108
0.000002
0.000000
0.000000
0.000000
0.514267
0.530570
0.000016
0.408987
1.060142
0.282561
0.000038
0.219995
0.074933
0.032440
0.009831
0.005478
0.000000
0.855973
0.000000
3.495066
0.001043
0.530577
0.054284
2.084734
0.000011
0.000000
0.003190
0.028876
0.062575
0.001516
9.108096
0.228888
3.866572
0.000000
0.004777
0.613124
1.081284
0.391507
3.443773
0.000571
0.000275
0.432962
0.007951
0.014773
1.957865
1.528934
1.443132
0.000000
0.000286
0.350543
9.279311
0.007828
0.960918
0.983954
0.022017
0.760829
1.162563
0.001749
