0.092044
-0.010116
0.156848
-0.065383
-0.178474
0.011214
0.019190
-0.052571
0.056847
-0.195266
-0.096237
0.036559
-0.084154
0.296218
-0.015628
-0.002711
0.008207
-0.140206
-0.095340
-0.008936
-0.118079
-0.143905
-0.091294
0.094292
0.057286
0.149968
-0.097886
-0.032365
-0.128309
0.049611
-0.121546
-0.063719
-0.180794
0.071591
-0.090854
-0.078092
-0.023142
0.222550
0.082877
-0.092995
0.026958
-0.118155
0.041005
-0.087440
-0.135678
-0.203206
0.015747
0.062104
0.010968
0.092766
0.102773
0.096199
0.067226
0.097921
0.015221
-0.048509
0.072628
0.008955
-0.077331
-0.116368
-0.022274
0.013366
-0.094192
-0.030307
-0.093382
-0.030802
-0.028556
-0.090448
0.150720
-0.104601
-0.005656
0.058633
-0.053643
-0.121557
-0.107023
0.061926
-0.039779
-0.126191
-0.019737
-0.099349
0.066123
-0.253181
0.061491
-0.046219
-0.004944
-0.037875
0.135957
0.002669
-0.028416
-0.230181
0.006877
0.083637
0.100628
0.013856
0.065907
0.073274
-0.052845
-0.119063
0.048249
-0.171673
0.206821
-0.014910
0.026788
0.232844
0.098680
0.060874
0.055206
0.053634
-0.040556
-0.033475
0.077913
0.116049
-0.108651
0.068943
-0.007604
-0.042557
0.071349
-0.087711
0.008656
-0.154991
-0.033275
-0.007858
0.105061
-0.012676
-0.048877
-0.020182
-0.067478
0.009809
0.100337
0.077570
-0.004718
-0.207089
-0.063223
0.013444
0.075774
-0.039147
0.138038
-0.073512
-0.162227
0.110576
-0.022640
-0.082152
0.177366
-0.067479
-0.014140
0.058998
0.009098
0.130568
-0.033826
0.095089
0.030299
0.095388
-0.038389
0.068909
0.141855
0.015153
0.023429
-0.120803
-0.038668
-0.095426
0.169745
-0.005736
-0.012113
-0.039589
0.004931
0.076581
0.046875
-0.028863
-0.051008
0.084338
-0.028817
0.057984
-0.072432
-0.019501
0.030784
-0.008375
-0.090524
0.018607
0.130822
0.102084
-0.163675
0.116275
-0.044143
0.168725
-0.024978
0.118260
0.029883
0.147618
0.007017
-0.011225
-0.153741
-0.017792
-0.043849
-0.084748
0.131242
0.047606
-0.086600
0.091851
0.097264
0.128036
-0.006840
-0.113967
-0.013304
0.018263
0.016629
-0.023317
0.011685
0.180049
-0.049778
0.100730
0.074676
0.163027
-0.138573
-0.034086
0.101761
-0.012793
0.103489
0.005632
0.162981
0.100997
0.040944
0.026047
0.017761
0.246489
0.146582
-0.063956
0.135337
-0.069398
0.231774
-0.157272
-0.014663
0.014083
0.028189
0.115111
0.083120
-0.110760
0.056470
-0.022450
0.136758
-0.090781
-0.006448
0.037491
0.057089
-0.044645
0.050052
0.152329
0.096577
0.115266
-0.139932
-0.045649
-0.215832
0.154786
-0.106310
-0.117340
0.130003
0.162990
-0.085153
0.020947
-0.077529
0.239906
-0.069027
-0.171912
-0.000177
-0.024259
-0.122465
0.113357
-0.009193
0.211839
0.025001
0.047678
-0.119556
-0.025062
-0.004755
-0.024655
0.124008
0.259583
-0.034414
0.019531
-0.070092
0.254377
-0.137432
-0.198572
-0.090265
-0.048756
0.152968
-0.058594
-0.161977
-0.156535
-0.010651
0.144256
-0.106253
-0.113287
0.063917
-0.041945
0.201989
-0.057543
0.188318
0.146175
0.021065
0.032299
0.128915
0.068320
0.047853
-0.047274
0.040612
0.019539
-0.016150
-0.107584
0.109785
-0.036126
0.184389
-0.083002
-0.099009
0.132284
0.343977
-0.028654
-0.001639
-0.102335
-0.118566
-0.145179
-0.034848
0.105533
0.021762
0.048094
-0.216018
-0.053623
-0.091670
0.121419
-0.123133
0.056665
-0.076090
-0.268321
0.063739
0.123974
0.080512
0.105095
0.025215
0.047649
0.091628
-0.027798
0.065986
0.010914
0.087163
0.088509
-0.168584
-0.038020
0.122990
-0.239026
0.002533
-0.175360
-0.127174
0.309425
-0.193515
-0.031223
-0.152227
-0.118912
-0.099569
0.018335
0.143217
0.680238
-0.116319
0.087781
0.030139
0.233338
0.147071
0.031174
0.050175
0.167905
-0.076050
-0.068184
0.182316
-0.055644
0.055809
0.012250
0.001832
0.095664
-0.059771
-0.147796
-0.091545
-0.042343
0.215363
0.086542
0.032880
-0.184397
-0.021536
-0.005427
0.216874
-0.105821
0.136607
-0.007370
-0.188216
-0.058309
0.085421
0.016117
0.145501
0.028732
-0.044448
0.010991
-0.007225
-0.032735
0.050501
-0.111374
0.011349
0.216888
0.042157
0.024272
0.072797
-0.033744
0.053664
-0.295099
0.072050
-0.063600
0.100635
-0.230493
-0.068233
0.284455
-0.098529
-0.454281
-0.001010
-0.239651
-0.115787
0.065963
-0.136847
0.043861
-0.021972
0.052492
0.029813
0.094642
-0.012274
-0.060098
-0.048514
-0.077647
-0.079651
0.010665
-0.018659
0.038149
0.042721
-0.012587
-0.186634
-0.146045
-0.006200
0.045873
-0.066136
0.008214
-0.002668
0.080811
0.045144
-0.000615
0.216969
-0.108419
-0.195508
-0.016895
-0.008158
-0.087240
-0.148359
0.069434
0.332993
0.122877
0.067839
-0.009049
-0.254266
-0.051068
-0.053547
-0.021754
-0.167681
-0.023355
-0.107665
-0.100714
-0.008583
0.066051
-0.023039
0.015882
0.085855
0.080884
0.042965
-0.084236
-0.016240
0.026242
-0.073415
-0.112511
0.144447
0.047521
-0.024280
-0.015212
-0.109110
0.098068
0.094454
-0.113966
-0.040865
-0.112036
0.029336
0.169627
-0.217778
-0.101489
0.017233
0.211848
0.119283
-0.055750
0.055911
0.176869
-0.012435
-0.127788
-0.061487
-0.017146
-0.092189
-0.127049
-0.093315
-0.269420
0.133691
0.069600
0.093481
-0.094320
-0.086123
0.011988
-0.125711
-0.025567
0.006520
0.073961
0.140292
-0.528568
-0.066591
0.074988
-0.066559
-0.073690
-0.070157
-0.258146
-0.124554
-0.072106
-0.031643
0.205318
0.047612
-0.024952
-0.075643
0.092819
-0.099829
0.211039
0.144127
-0.204363
-0.016812
-0.092091
0.023432
0.141672
-0.074609
-0.522724
-0.010986
0.010409
0.072037
0.160303
-0.063193
-0.109968
-0.140321
0.034765
-0.100193
0.131123
-0.235130
0.070914
0.118025
0.259732
-0.073837
0.133913
0.065535
0.027767
0.055215
-0.012948
0.039260
0.008791
0.182110
0.017462
0.146305
0.038048
-0.059578
0.119659
0.187204
-0.198314
-0.213085
0.049738
-0.018424
-0.046451
0.016368
0.006502
0.082995
0.068979
-0.000080
-0.025622
-0.092189
-0.054842
0.045779
0.021257
0.046186
-0.179708
0.113708
0.149445
0.063725
-0.205185
0.008813
-0.574906
-0.062111
0.070880
0.183129
0.012841
-0.173423
-0.121302
-0.188336
0.062671
-0.031580
0.197816
-0.016439
-0.066691
0.020510
0.186408
-0.038678
0.044490
-0.098995
0.046808
-0.100433
-0.061835
-0.014699
-0.074204
-0.014363
0.093129
0.059832
0.071393
-0.136740
0.000098
-0.372287
0.051412
0.163299
0.011434
-0.040548
-0.049678
0.071193
0.094616
0.183929
-0.008986
0.031551
-0.010081
-0.042354
-0.005954
0.281917
-0.080065
0.194354
0.046130
-0.073447
0.050194
0.032665
-0.074920
-0.044672
-0.020341
0.109940
-0.106119
-0.047972
0.194082
0.047093
-0.039509
-0.072067
0.031792
-0.198658
-0.061360
0.108758
-0.011366
-0.046389
-0.020781
-0.106790
-0.066037
-0.079281
-0.050288
-0.127664
-0.075664
-0.054612
-0.357965
-0.066875
0.085005
0.146144
0.158803
-0.021634
0.065057
0.083912
-0.062492
-0.072767
-0.090331
0.022509
0.090588
-0.007293
-0.037639
-0.028179
-0.121826
0.208246
-0.008248
-0.455039
0.040662
-0.011714
-0.174748
-0.240149
0.092737
-0.074906
0.163990
0.070357
0.005640
-0.070338
-0.153555
-0.191088
-0.106970
-0.006802
-0.143324
0.194528
0.086037
-0.140789
-0.158486
-0.011095
-0.000779
0.052459
0.083881
0.005947
0.084693
0.050287
0.000836
0.046780
-0.089289
0.093876
0.268082
-0.141271
0.112601
0.080665
0.089762
0.097318
0.094397
-0.062732
0.009555
0.131797
0.086159
0.070020
-0.097754
0.002429
0.188277
-0.071577
-0.080261
-0.004839
-0.024366
-0.150829
-0.125286
-0.066518
-0.043644
-0.169155
-0.049636
0.136690
0.038506
0.082363
-0.359772
0.012069
0.291267
0.006492
-0.203579
0.108842
-0.318932
0.026497
0.132381
0.207474
-0.084202
0.116442
0.127393
-0.120169
-0.065290
-0.145679
0.121431
-0.084846
0.065309
-0.335563
-0.004282
-0.030103
0.054191
0.099888
-0.105284
0.112158
0.187267
-0.070730
-0.077750
-0.015400
0.037011
0.114396
0.078833
-0.357486
0.182048
0.051470
-0.043205
0.034917
0.105755
-0.123900
0.136708
0.119263
0.089386
-0.283992
0.280290
-0.022483
0.079925
0.076363
-0.133588
-0.050289
-0.017496
-0.149102
-0.474886
0.235213
0.050180
0.066958
0.144887
-0.036009
0.128105
0.099148
0.005218
0.105964
0.041926
-0.032818
0.238375
-0.080455
0.466286
0.119779
-0.429648
-0.001576
-0.024468
0.061027
0.012753
0.076887
-0.011256
0.067346
-0.211506
0.188605
-0.135312
-0.058588
-0.124348
0.166345
-0.137090
-0.162488
-0.020706
-0.073547
-0.011571
-0.113562
0.057340
0.071579
-0.107652
-0.109502
-0.257253
0.135111
-0.006294
0.042968
-0.097533
-0.094686
-0.084723
0.145840
0.038548
-0.075866
-0.057996
0.031993
0.081911
0.064197
0.153594
0.084983
-0.126448
-0.007403
0.204778
0.051679
0.242768
0.240220
0.059531
0.007102
0.117043
0.222981
-0.472755
-0.197426
-0.173516
-0.139690
0.149191
-0.059118
0.038035
0.173752
0.119069
-0.039736
0.231610
0.004256
-0.559557
0.202422
-0.045841
0.239004
0.036064
0.207005
0.102339
-0.084147
0.118856
-0.043003
0.252657
0.090779
0.056360
-0.403551
-0.034885
-0.127300
0.131386
-0.471355
0.113649
-0.086936
-0.025494
-0.076750
0.011541
0.010742
-0.002365
0.120519
-0.180020
0.142023
0.105999
-0.079574
-0.165712
0.277176
0.042964
-0.027713
-0.050178
-0.125690
0.083763
-0.221317
0.092734
0.184705
0.033615
-0.002959
-0.058332
0.032205
-0.286885
-0.053436
-0.043659
0.086638
-0.102907
0.122053
-0.266183
-0.080589
0.105749
-0.091064
-0.125316
-0.331586
0.110944
-0.016937
-0.145948
0.231419
0.239250
0.007807
0.078251
-0.074073
-0.031632
0.426031
0.152142
0.145341
-0.040933
-0.029165
-0.031546
-0.136346
-0.359514
0.130647
0.037110
0.345682
-0.034114
0.117546
0.130576
0.031628
0.075062
-0.170166
0.354554
0.136773
0.042043
-0.017058
-0.192883
-0.180335
0.280784
-0.125071
0.141719
-0.234565
0.028890
0.024963
-0.048241
0.010231
0.096481
0.108816
0.108076
0.059803
-0.103779
0.026179
-0.073879
-0.021386
-0.178893
-0.073882
-0.373909
-0.050306
-0.158383
0.305310
0.359234
-0.067980
-0.034978
-0.026628
-0.038713
0.043811
0.108521
0.165317
-0.139464
-0.079628
0.181950
0.125900
-0.045551
-0.072731
-0.011791
-0.221346
0.015376
0.003980
0.155389
-0.039148
-0.002558
-0.065670
-0.067595
-0.000782
0.075378
0.273241
0.289386
-0.054820
-0.067547
-0.146225
0.056352
0.160292
0.474219
0.055998
-0.161903
-0.126812
0.027972
-0.059785
-0.254542
-0.008952
0.093221
-0.074722
0.337856
0.015846
0.227056
0.149216
-0.072053
-0.583527
0.053558
0.464457
-0.234218
0.213691
-0.544827
-0.245952
0.189044
0.051674
-0.164855
-0.048899
0.228968
0.009004
0.059110
-0.091697
0.205893
0.594012
-0.005981
0.100929
-0.071997
0.181991
0.486950
-0.457083
-0.018506
0.363159
-0.030235
0.197242
0.399157
0.021697
0.139251
0.092579
0.109504
-0.258763
0.210748
-0.072864
0.371452
-0.037788
0.049875
0.324415
-0.148100
-0.087804
0.344240
-0.247587
0.067659
-0.043724
-0.287747
0.050755
-0.016870
-0.065508
-0.060525
0.357987
0.164923
0.162604
0.104839
0.073541
-0.080162
-0.404949
0.178004
-0.012520
-0.005386
0.410430
-0.336598
-0.008780
0.137593
-0.140400
-0.312994
0.127135
-0.288518
-0.251212
-0.134462
0.059420
-0.002950
-0.052407
-0.011615
0.242096
-0.027710
0.162165
0.051496
-0.300316
0.011594
0.112383
0.272317
0.143274
0.056599
0.194496
0.153493
-0.006198
0.434694
-0.188238
0.147770
-0.086347
0.043859
0.374713
0.085709
0.117198
0.144687
-0.008874
-0.251729
-0.017814
0.090644
-0.370157
0.208512
-0.029617
-0.021990
-0.040865
0.296716
-0.293661
0.094377
-0.080594
-0.244388
-0.038154
0.041397
-0.330549
0.035091
0.050887
0.319237
0.417895
-0.277633
0.053414
0.066468
0.042682
0.218358
0.066687
-0.293441
-0.223459
0.219476
0.099034
0.017017
0.122812
-0.240130
0.123375
-0.026852
-0.009687
-0.012056
-0.488203
0.148599
0.122106
0.049038
0.126803
-0.053530
-0.012506
-0.277141
0.052017
-0.243901
0.335033
-0.219950
0.146949
0.272837
-0.124299
0.344322
0.014347
0.135213
-0.397102
-0.528122
-0.174139
0.129172
-0.022478
0.059091
-0.203489
-0.168712
-0.274454
0.126563
-0.272146
-0.221370
0.052259
0.046524
-0.153404
0.319180
0.135317
-0.289628
0.480743
0.057384
-0.146029
-0.342987
-0.041500
-0.078331
0.537263
0.037876
0.056536
0.264554
-0.063169
0.065573
-0.134525
0.139384
0.009317
0.129561
-0.062966
0.143224
0.001785
-0.341850
-0.016520
-0.155773
-0.072250
0.172062
-0.191760
0.122349
-0.178583
0.061382
-0.131747
0.252641
0.207868
-0.155268
0.131651
-0.115012
0.307753
0.206459
0.036521
-0.221273
0.208548
0.139124
0.019281
0.090484
0.308374
0.153152
-0.181336
-0.365572
-0.282612
0.238802
-0.175081
0.137635
0.066768
0.316525
0.088377
0.098288
0.034323
-0.146836
0.422966
0.116293
0.136154
0.084603
-0.024040
-0.134081
0.124361
0.090271
-0.041893
0.170145
-0.042717
-0.027715
0.377597
0.172562
-0.196145
0.045675
0.024105
0.342850
-0.285133
0.043031
0.090582
0.067458
-0.078258
-0.137481
0.042718
0.025372
0.034320
-0.098183
-0.145178
0.096234
0.135222
0.160062
0.093407
0.388345
0.125062
0.003761
-0.033872
0.234245
0.182350
-0.004189
-0.177513
-0.085974
-0.318754
-0.188472
0.203085
-0.067411
-0.315597
0.133672
-0.109808
-0.201827
-0.269118
0.085989
-0.355359
0.039605
-0.180238
-0.202501
0.088627
-0.047372
-0.044095
-0.476077
0.077947
-0.001707
0.308242
0.019225
0.275625
-0.188348
0.200274
0.138377
0.063235
0.028983
0.005024
0.182852
0.228106
-0.199322
0.356618
0.176729
-0.225285
-0.194116
0.152868
0.143453
0.175432
0.573519
-0.092136
-0.120718
0.381711
-0.083403
0.599599
0.548800
0.416248
0.276664
0.116586
-0.109343
0.038714
0.025854
-0.227050
0.083987
0.106716
-0.226062
-0.071661
0.104603
-0.061474
0.092701
0.103702
-0.088266
0.181212
-0.053546
-0.193416
-0.198962
0.084256
-0.102975
-0.189354
-0.012766
-0.343278
0.132908
0.118287
0.127766
-0.181886
-0.054837
-0.226389
0.363265
-0.077292
0.208184
-0.068119
0.063803
-0.078188
0.094598
0.015335
-0.184346
-0.208065
-0.083643
0.424314
0.194134
-0.006563
0.089723
0.013192
-0.026534
-0.172046
0.124318
-0.053400
0.115865
-0.217315
0.568238
-0.176544
0.077388
0.322286
0.074485
-0.171859
0.110243
0.168176
-0.223252
-0.282137
-0.143030
-0.166120
0.250012
-0.131496
0.424091
-0.034422
-0.307996
0.520172
-0.137030
-0.202433
0.044827
0.054222
-0.300391
-0.211908
-0.092870
0.019731
0.384537
-0.010462
0.159323
0.049777
0.134313
0.474896
0.104168
0.144805
0.224153
0.010741
0.067808
-0.154650
-0.098244
-0.064244
-0.088815
-0.160027
0.340025
0.233245
-0.120039
0.122675
0.103213
-0.193089
0.077570
-0.105050
-0.037901
0.089570
0.115408
-0.092073
-0.003141
0.153552
0.631126
-0.022557
-0.088564
-0.122596
0.380252
-0.096999
-0.102302
0.094468
0.100860
-0.142847
-0.082832
-0.333208
0.142851
0.151223
-0.183606
-0.188681
0.206166
0.142681
0.079438
0.037005
-0.015718
0.116532
0.079833
-0.220403
0.085676
0.065656
-0.045238
-0.263395
-0.066371
-0.214570
-0.101694
0.172662
0.089067
0.023775
0.311639
-0.212972
-0.006921
-0.207124
-0.201063
0.107439
-0.146698
-0.213427
0.081679
-0.092018
0.092518
-0.218167
-0.116366
0.137460
-0.017122
0.549007
-0.198881
0.080884
-0.101654
-0.100021
0.148425
0.165182
0.215331
-0.026455
-0.335775
0.021681
0.033766
0.010057
-0.194453
-0.336013
0.063076
0.034650
0.078336
-0.093127
-0.213870
-0.312419
-0.176556
-0.035895
0.162489
-0.033508
0.101392
-0.066180
0.011887
0.027790
-0.005384
0.054675
-0.105443
-0.329020
-0.134805
0.174366
0.537813
0.538868
0.106021
0.052505
-0.343736
0.055729
0.066144
0.043462
-0.046957
-0.006895
-0.168300
0.032732
0.165287
0.187478
-0.141301
0.118231
-0.072391
-0.006109
0.179560
0.003722
0.230644
0.025037
-0.069524
-0.058281
-0.181974
-0.285102
-0.354743
-0.175918
-0.112880
0.017877
0.070868
0.086241
0.083197
0.068022
0.089116
-0.161250
-0.103821
0.200165
-0.144319
0.245092
0.004838
-0.098087
0.043126
0.065239
0.088211
0.130122
-0.068012
0.062135
0.000121
-0.098598
-0.164353
-0.165267
0.117698
-0.131221
-0.143476
0.104235
-0.027133
-0.193802
-0.170544
-0.299600
0.086805
-0.079282
0.169416
0.093041
0.185810
-0.006146
-0.348417
-0.216055
-0.266473
0.204198
-0.130628
-0.134145
-0.308663
0.044757
-0.009751
0.074863
0.040389
-0.319792
-0.163938
-0.157533
-0.011304
0.145872
0.131368
0.100588
0.097220
-0.000665
-0.303469
0.087911
0.124329
0.043692
0.086508
0.079127
0.109144
0.075409
-0.098647
0.094259
-0.036575
-0.000671
-0.218603
-0.148674
-0.070762
0.084226
-0.516592
-0.253064
-0.411650
0.241750
0.018921
-0.151800
0.256425
-0.174211
-0.135983
0.125857
-0.075262
-0.229394
-0.057386
-0.148222
-0.065846
0.139125
-0.198948
0.267104
-0.425382
-0.029811
0.019355
-0.445307
0.119582
0.440407
0.381120
0.494538
-0.223302
0.190815
0.152695
0.012213
0.385412
-0.022268
-0.244257
-0.093634
-0.428107
0.011777
0.172408
-0.192958
-0.191550
-0.064380
0.216822
-0.027732
-0.057485
0.087196
0.104815
-0.163715
-0.119575
-0.087069
-0.230552
0.291926
-0.238088
-0.014135
0.006301
0.191660
0.289524
0.019376
0.181831
-0.299876
-0.017250
0.639089
-0.102439
0.213628
-0.149844
-0.217316
-0.192526
0.177814
0.060981
0.095820
-0.049746
-0.401700
-0.412675
-0.053993
-0.469501
0.411872
0.129662
-0.039053
-0.265190
0.274802
-0.165351
0.060142
-0.193710
0.325556
-0.130617
0.067600
-0.383166
0.084788
0.042419
0.040455
-0.381809
0.128915
0.027486
-0.329890
-0.259602
-0.080172
-0.182072
0.017202
0.168657
-0.248017
0.533699
-0.504830
0.021975
0.158551
0.068776
-0.017910
-0.133415
-0.167248
0.098452
-0.049256
-0.121634
0.440065
-0.303642
-0.020181
0.130698
0.016063
-0.220636
-0.185204
0.313438
-0.135002
0.236197
-0.600624
0.382654
-0.269659
-0.120323
-0.108137
0.242573
0.166925
-0.187649
-0.191879
0.287916
-0.019448
0.196184
-0.371961
-0.093868
0.091569
0.499892
-0.008787
-0.454483
-0.587328
0.240354
0.231179
0.021516
0.598698
-0.244644
-0.067117
0.205977
0.434422
0.095643
-0.074842
-0.131638
0.222216
0.200453
0.000814
0.329514
-0.191000
-0.089643
-0.327844
0.016409
0.073793
0.107891
0.395451
-0.007324
0.172474
-0.368068
0.095825
-0.002099
0.119912
0.121087
-0.324514
0.130869
-0.040790
-0.237748
-0.016087
0.271879
-0.146692
0.012193
0.106197
-0.020031
-0.308121
-0.297177
0.196823
0.134556
0.047912
0.287341
0.027617
-0.128448
-0.269677
-0.012126
-0.007162
-0.323067
-0.174810
-0.047959
-0.132434
0.078331
0.336812
-0.219426
-0.297563
-0.208733
-0.222040
0.208113
-0.041733
0.224853
0.102205
-0.225338
-0.091811
0.205618
-0.300366
0.054073
0.193094
0.079152
0.024952
-0.076740
-0.074539
-0.018412
0.126545
0.062673
-0.053380
0.042116
-0.108655
-0.158990
-0.375771
0.006773
-0.098245
-0.183526
0.278248
0.126115
0.070523
0.086860
-0.016606
0.088045
0.095280
0.256934
-0.045681
-0.197298
-0.119367
0.343370
0.020670
-0.090710
0.140769
0.009006
0.176862
0.036363
0.006681
-0.094489
0.246012
-0.120861
0.107029
0.034218
-0.153448
-0.625221
0.134489
-0.082089
0.130003
-0.006859
-0.295586
0.677500
0.158740
-0.262764
-0.739655
-0.040974
0.195013
-0.305755
0.401358
0.014533
0.080362
0.069355
0.068633
0.047931
0.050757
-0.091373
-0.041143
0.372503
0.143184
0.016481
-0.058503
-0.018522
0.049505
-0.129050
0.076974
-0.092245
-0.073027
0.084784
-0.014818
0.076875
0.012759
-0.082723
0.116341
0.009730
-0.184842
-0.500201
0.073725
0.243297
-0.150908
0.102939
-0.457954
0.145196
-0.137125
0.462206
0.061298
-0.135641
-0.097667
-0.122615
0.479354
-0.045877
-0.072184
0.067395
-0.009502
-0.028499
-0.513057
-0.127067
0.005375
0.018845
0.045471
0.123474
-0.351324
-0.067260
-0.013099
-0.205272
-0.110776
0.244792
0.054951
0.244291
-0.108465
-0.213213
-0.119417
0.089334
-0.055731
0.022762
0.068700
0.131417
0.428031
-0.027888
0.202941
-0.246101
-0.199440
-0.018587
-0.054634
-0.292819
0.016452
0.140606
0.034641
0.077510
0.171008
-0.073587
-0.216777
0.187104
0.141266
-0.122384
-0.116482
0.118770
0.144382
0.296159
0.031078
0.068807
0.104869
0.060862
0.112157
0.414368
0.211608
-0.171599
0.093948
-0.357616
-0.338407
0.603272
-0.188371
0.013652
-0.121379
-0.062387
-0.205773
-0.167720
-0.124356
-0.009602
-0.043736
-0.017460
-0.069087
0.044548
-0.233687
-0.408206
-0.066007
0.364100
-0.030187
-0.109197
-0.004350
-0.158851
0.301569
-0.041270
0.363369
-0.134609
0.305582
0.031987
-0.254555
0.367684
0.039377
-0.044360
0.029354
-0.130688
-0.081176
-0.097361
0.333894
0.105518
0.315166
0.113377
0.185053
-0.167765
0.236177
-0.539902
-0.042717
-0.502761
-0.054299
-0.039043
0.359299
0.194097
0.037611
-0.049529
0.067948
0.536826
-0.015870
-0.154251
-0.297414
-0.026283
-0.048049
-0.064849
0.484498
0.132297
0.040321
-0.121159
0.154521
0.187164
0.299263
0.103014
0.358642
-0.211478
0.048270
-0.111140
0.375385
-0.052626
0.089942
0.076784
0.263164
0.115810
-0.173586
0.245918
0.258915
-0.212253
-0.132094
-0.155599
0.176003
-0.046335
-0.319444
0.028147
-0.037209
0.348917
-0.081343
0.090122
0.164502
-0.075654
-0.049656
-0.089842
-0.356630
0.108111
-0.270561
-0.125301
-0.170290
-0.319217
-0.000059
-0.178530
0.178038
0.093027
-0.271850
-0.151260
-0.116151
-0.061691
0.017910
0.075256
-0.133599
-0.478832
0.033531
0.357327
-0.203985
-0.189626
-0.060089
0.166684
0.472664
-0.014410
-0.011837
-0.088865
-0.195322
0.503214
0.130329
-0.124202
0.259220
-0.085322
-0.258184
0.031232
-0.078623
-0.114364
-0.156985
-0.267159
0.031144
0.117001
-0.074258
-0.043549
0.192308
-0.057077
-0.124617
-0.049169
-0.042001
-0.224320
-0.096955
-0.064363
0.018240
0.158289
-0.035654
-0.156796
-0.195703
0.005512
-0.156953
0.319982
0.054361
0.244500
-0.189064
0.086595
0.516367
-0.001866
-0.122900
-0.122671
-0.452278
0.092782
-0.155502
-0.131135
0.117260
0.014777
0.047400
0.276795
0.044143
0.285566
-0.202017
-0.025640
0.029859
0.332738
-0.084319
-0.063552
0.040752
0.262785
-0.137326
-0.403448
-0.200542
0.077487
-0.075821
0.202907
0.209957
-0.001286
0.089850
0.041803
0.010899
-0.024154
-0.087440
-0.006731
0.183253
0.101374
0.251716
-0.198776
-0.070328
0.121346
0.384414
-0.114163
-0.018646
0.075389
0.162951
-0.028184
-0.027653
-0.017240
-0.046793
-0.130028
0.048773
0.115178
-0.110693
0.086705
0.066262
-0.077791
-0.262211
-0.109605
0.190637
0.237829
0.103733
-0.107455
-0.172656
0.060223
0.191059
0.023899
0.184297
-0.236778
-0.220841
-0.212235
-0.050390
0.116181
-0.029593
-0.125108
0.077598
-0.181556
-0.304747
-0.124257
-0.498097
-0.020032
0.081919
-0.010451
-0.149450
0.235734
0.174803
0.151491
-0.010443
0.034446
-0.130216
-0.513675
-0.061617
-0.208863
0.126760
-0.261260
-0.105882
0.004880
0.198162
-0.108714
-0.067994
-0.078854
0.199724
0.264344
0.274282
-0.041341
-0.067886
0.104798
-0.123786
-0.085613
0.007769
-0.096977
-0.019314
-0.026708
-0.060912
0.163156
0.216917
-0.072724
0.071541
0.034578
-0.384242
-0.238242
-0.390423
-0.406372
-0.024493
0.230767
0.059511
-0.187040
-0.010530
0.289885
0.132497
0.147146
0.216736
-0.294925
-0.025094
0.209527
0.003659
0.039576
0.104887
-0.149239
0.201776
-0.015172
-0.139891
0.110201
0.079221
-0.372558
0.098131
0.068706
-0.035509
-0.076421
0.041613
0.220950
-0.073956
0.050190
0.005062
-0.192689
-0.126693
-0.090499
0.049340
-0.078301
0.041456
-0.224680
0.040737
-0.011877
0.153342
-0.043281
-0.066981
-0.162904
-0.001987
-0.120704
-0.251872
0.244387
-0.273746
-0.028826
-0.017454
0.012364
-0.125127
0.140769
-0.044635
-0.064136
-0.078120
0.131429
0.278596
-0.403627
-0.122355
0.189237
-0.510768
0.012592
0.229115
-0.014694
0.069165
-0.034702
-0.444043
-0.093313
0.131648
-0.085398
-0.485009
0.069590
0.122340
-0.072994
0.089861
-0.330163
-0.088002
-0.241329
0.002070
0.054897
-0.035057
-0.099372
-0.005921
0.131438
-0.101346
0.096090
0.166580
-0.146904
-0.032044
-0.328361
0.095673
0.009964
0.142186
-0.132369
-0.331308
-0.048628
-0.100461
-0.253208
0.154053
0.122242
0.186441
0.046095
-0.110019
0.236255
-0.034860
0.064285
0.223017
0.079254
-0.065484
0.012533
0.049795
0.195671
0.257671
-0.100076
0.025089
0.168155
0.156294
0.009655
-0.145427
-0.067359
0.143118
0.090683
-0.214415
-0.073162
0.254781
-0.158796
-0.403144
0.229169
0.074009
0.052330
-0.104658
-0.023360
0.045454
-0.224853
0.028110
-0.069205
-0.087902
-0.111253
-0.083801
-0.191129
-0.029883
0.007874
-0.059749
-0.484959
-0.063629
0.074350
-0.139958
0.071328
0.124866
0.109543
0.028446
0.026738
0.002517
-0.036360
0.140253
-0.076143
0.092287
0.125555
-0.078447
-0.014108
0.084246
0.207130
0.094782
0.179013
-0.144540
-0.049241
-0.033048
-0.156253
-0.027103
-0.035545
-0.079968
-0.029704
0.055609
0.211348
-0.158554
0.180242
0.134332
-0.052634
-0.164966
-0.024562
0.105389
0.034183
-0.032484
-0.014662
0.058068
0.119174
0.283839
-0.081255
-0.153115
-0.112269
0.276685
0.114579
-0.058343
0.114332
-0.142228
-0.159805
-0.082465
0.060998
-0.084779
-0.011980
0.138059
-0.197004
0.093140
0.013007
0.274723
-0.104662
-0.620551
-0.111241
0.058985
0.163699
0.001176
0.096589
0.264164
-0.122896
0.189024
0.217444
-0.037587
0.054239
-0.016116
0.106606
-0.081034
0.042495
-0.052170
-0.378827
-0.249712
-0.043469
0.126674
0.018787
0.187579
-0.014355
-0.130088
0.092133
-0.111717
0.170643
-0.079308
-0.069138
0.044024
-0.078583
-0.134897
-0.023442
-0.042676
0.050074
-0.339277
-0.219368
-0.010903
-0.084469
0.153585
-0.061252
0.074126
0.113333
0.107739
0.149030
0.165335
0.050354
0.077136
-0.039368
0.074279
0.044041
0.044415
0.026795
0.235405
0.118150
-0.008548
-0.148872
-0.024248
-0.184733
0.045246
0.270034
0.045701
0.162077
-0.229382
0.102477
-0.085466
0.055542
0.190497
-0.025036
0.005489
-0.035214
0.228623
0.080096
0.045755
-0.242431
-0.162820
-0.437114
0.290112
0.063356
-0.005254
0.217728
0.026934
0.061581
-0.031662
-0.386948
0.112477
0.025832
-0.040808
0.014635
0.052947
0.126215
0.112687
-0.046156
-0.092817
-0.138142
-0.340872
-0.014068
0.202609
0.032674
0.015704
-0.175361
0.051909
0.128990
-0.260369
0.188917
0.140688
0.125537
0.030367
0.019084
-0.010755
0.268114
0.052777
0.104870
0.043659
-0.106530
-0.155565
0.132153
-0.436605
-0.044700
0.050496
0.126179
0.173325
0.041425
0.002324
-0.080137
0.022530
0.390786
-0.235722
-0.093279
-0.094183
-0.019473
0.034772
-0.028459
-0.091452
-0.024229
-0.035254
-0.034489
-0.126841
0.082782
0.129394
0.075797
0.088120
-0.089476
0.018649
0.146087
0.140572
0.244101
-0.211044
-0.012589
-0.030644
-0.405818
-0.123104
0.102110
0.389955
-0.031427
0.006452
0.089038
-0.336490
0.063182
-0.091588
-0.023361
0.200731
0.179498
-0.071826
0.128211
-0.631572
0.128889
0.022929
0.193707
-0.008329
0.092840
-0.089475
0.070336
0.209547
0.130035
-0.084496
0.101568
-0.087774
0.065002
0.010077
-0.009776
0.163854
0.117371
-0.032242
0.108155
0.012177
-0.057027
0.123485
0.090054
0.260552
-0.038604
-0.025663
0.073146
-0.039147
-0.034556
0.166491
-0.156851
0.114927
0.041014
0.035306
0.125479
-0.041768
-0.117376
0.039512
0.168357
-0.052079
-0.173727
-0.080805
-0.163864
-0.072881
0.001307
0.069223
0.040717
-0.127558
-0.052633
-0.048867
0.001003
0.064224
0.009366
-0.101087
0.013060
0.195102
0.118910
0.285558
0.012571
-0.124595
-0.096885
-0.091242
-0.154486
0.125418
-0.079933
-0.220178
0.009116
-0.009173
-0.141884
0.241905
0.092177
0.055434
0.070484
-0.196700
0.090575
0.162327
-0.038190
-0.093306
-0.017669
0.239260
0.031813
0.173345
0.033715
0.045444
0.117202
0.010915
-0.042785
0.124097
-0.183377
-0.151788
0.070707
0.015159
0.062793
-0.125153
0.156189
-0.098089
0.090054
-0.131114
-0.179279
-0.054915
-0.155588
0.224657
0.066670
-0.013807
-0.083933
-0.010226
-0.152719
-0.104576
0.043289
-0.187095
0.001513
0.138402
0.028179
-0.137745
-0.076714
0.163735
0.055424
-0.131428
0.081472
0.224428
0.027214
-0.006951
0.047438
-0.139996
-0.114049
0.118903
-0.118501
-0.073458
-0.025243
0.018928
0.235198
-0.100025
0.103621
0.235756
0.038186
0.002969
0.151637
0.108137
-0.086408
-0.137087
-0.302432
0.124431
-0.191407
0.251064
-0.109885
-0.016835
0.071851
-0.169139
-0.105357
-0.287101
0.251151
0.092367
0.036338
-0.006909
-0.119520
0.285723
-0.151407
0.059166
0.108183
-0.028460
-0.097737
0.173166
-0.137573
-0.056738
0.202628
-0.011582
0.005099
-0.135204
-0.049513
0.062027
-0.158346
-0.087910
0.105418
-0.034134
0.290113
0.049168
0.038068
0.089453
-0.160386
0.005924
-0.025128
0.036972
-0.002763
-0.070971
0.132793
0.041732
-0.208593
-0.226662
0.083117
0.117233
-0.145764
0.156505
0.001665
0.180373
-0.082560
0.001045
0.092465
-0.013938
-0.070763
-0.007734
0.040401
-0.101953
-0.134977
-0.171362
0.309466
0.038764
0.014125
0.022488
0.090463
-0.184418
0.081675
0.075902
-0.194235
0.087266
-0.028887
-0.047394
-0.105700
-0.201086
-0.131299
0.037833
-0.105667
0.154778
0.127610
-0.087769
0.074492
-0.044297
-0.039777
-0.009920
0.107847
0.056408
0.020206
0.080388
-0.048922
0.101074
0.072600
0.050613
0.047936
-0.231007
0.020010
-0.088218
-0.151151
0.189281
-0.059598
-0.067444
0.014837
-0.067507
-0.057472
-0.041911
0.011906
-0.165583
0.108251
0.064797
-0.084893
0.020817
0.064470
-0.005567
-0.087985
-0.091570
-0.106939
0.024724
0.031621
0.072909
0.031696
-0.059102
-0.005472
0.055845
0.251059
0.135079
0.016048
-0.180011
-0.107570
0.007154
-0.054663
-0.026598
0.260785
0.163687
0.072896
-0.166686
0.090698
-0.041657
-0.018769
0.110337
-0.170454
0.095144
0.023518
0.010147
0.055079
-0.120443
0.020387
-0.034477
-0.124707
-0.035756
-0.249762
-0.191574
0.152995
0.045526
0.154001
0.059572
-0.225142
-0.211029
-0.001262
0.098308
-0.015164
-0.011762
-0.005214
0.003098
-0.206273
-0.005937
-0.087005
0.127435
0.039372
0.136028
0.204507
0.068936
-0.092953
-0.206345
0.075126
0.195121
0.050459
-0.023085
-0.079674
-0.143599
0.100107
-0.037886
-0.143459
0.336996
-0.111070
-0.045631
0.097973
-0.126865
-0.094992
-0.092043
0.211788
-0.170646
0.081730
0.121861
0.001820
-0.150616
-0.079490
-0.055988
0.267788
0.051244
-0.062446
-0.063589
-0.001729
0.164208
0.332676
-0.061886
0.134106
-0.020738
-0.138041
0.078302
0.010876
-0.049570
0.011279
0.058006
-0.043267
0.090024
-0.076699
-0.200210
-0.041414
0.149487
-0.072553
-0.061477
0.150418
0.099001
-0.108230
-0.008415
-0.040213
-0.070046
0.091050
-0.042817
-0.002247
-0.186212
0.059976
0.054838
0.128290
0.152648
-0.084020
0.068241
-0.004836
-0.148270
-0.079344
-0.069909
-0.020571
0.138749
0.067443
0.131799
-0.072194
-0.039320
0.069786
0.034979
-0.057836
-0.038761
0.084444
-0.101033
0.121310
0.033961
0.185087
0.279679
-0.022653
0.114948
0.030467
0.046466
0.047579
-0.005659
-0.062572
0.043841
0.023482
-0.035545
-0.220342
0.127125
-0.083155
0.005398
0.286139
-0.136026
0.255504
0.135016
0.076952
-0.082250
0.007305
-0.057649
-0.252578
-0.044050
0.066268
-0.009049
0.005360
0.079222
0.020043
0.034318
-0.022698
0.136471
-0.124378
0.203203
-0.094963
-0.020287
0.078826
0.123405
-0.145965
-0.381007
-0.087134
-0.019495
-0.123878
-0.287442
0.010290
0.093029
0.054998
-0.065812
-0.038818
0.084399
0.162957
-0.749249
0.008447
0.012228
0.116531
0.081765
0.190924
-0.161014
-0.154951
0.210516
-0.117252
0.084538
0.039860
-0.191394
0.096712
0.008480
0.105834
0.048734
-0.183815
-0.026929
0.200981
0.086941
-0.168172
0.021445
0.042049
0.162452
0.013738
-0.135811
0.028379
-0.042608
0.233900
-0.240191
-0.014275
0.086019
0.008560
0.024881
0.010658
-0.166612
-0.044131
0.227489
-0.045963
0.087658
-0.070364
-0.125685
-0.148948
0.144322
0.137192
-0.028639
-0.053029
0.088973
0.031124
-0.249027
-0.086789
-0.118486
0.070934
0.052668
0.034936
-0.019556
-0.038418
-0.026369
0.032625
-0.038361
-0.147872
-0.130027
0.026932
-0.215747
-0.091492
0.045423
-0.015773
0.064194
-0.045194
0.163916
-0.180285
0.003926
0.059463
-0.087619
-0.023834
0.010727
0.142410
-0.077752
0.138106
0.033870
-0.099914
-0.016971
-0.080485
0.071858
-0.174737
0.053151
0.155658
-0.020353
0.187774
-0.021365
-0.288908
-0.012667
-0.035763
0.123446
-0.118024
0.142181
0.071785
-0.065166
-0.099691
-0.010840
-0.084849
-0.047199
-0.108399
0.066818
-0.223552
0.134167
-0.209707
0.043153
0.004733
0.166760
-0.001738
-0.225153
-0.078319
0.128738
-0.005141
0.089974
-0.053546
0.024848
0.305713
-0.021779
-0.045000
0.101363
0.172856
-0.134918
0.064044
0.191044
-0.029207
0.005865
-0.380021
-0.161382
-0.045215
0.052595
0.045898
-0.056256
0.005140
0.009344
-0.245672
0.192239
0.122547
0.148790
0.047380
0.017148
0.002202
-0.082045
-0.074758
-0.011787
0.036998
0.175909
-0.053969
-0.420236
-0.245290
-0.087527
0.057433
-0.029489
-0.187131
0.080032
-0.055729
0.087959
0.106852
0.143981
-0.008134
0.030417
-0.190723
0.234341
-0.032255
0.019990
0.134207
0.066014
0.111968
0.100148
-0.001401
-0.233932
0.033473
-0.044351
0.061520
0.041093
0.018551
-0.133739
0.093091
-0.252389
0.057472
-0.056019
0.174010
-0.068516
0.011406
-0.154966
-0.151425
-0.073929
0.050036
0.091972
0.067680
-0.169169
0.134838
0.079677
-0.024086
-0.057705
0.062382
0.053245
-0.074648
-0.153520
-0.251639
-0.231852
-0.018190
0.001144
0.015203
-0.073955
0.034455
-0.003423
-0.080263
-0.171562
0.062723
0.120057
0.077468
0.003990
-0.001865
-0.099624
0.046616
-0.147643
0.033417
0.012283
-0.048144
0.068581
-0.119258
-0.025135
0.048070
-0.082655
0.022005
-0.109332
0.014825
0.003163
-0.038017
0.042069
0.085388
0.056442
-0.176574
0.086086
0.041061
-0.013902
0.077466
-0.033212
0.037065
-0.111239
0.002571
0.053011
0.098226
0.104068
0.030256
0.008089
-0.074653
0.190777
0.020045
0.124539
0.016002
-0.189574
0.029458
0.129742
-0.072779
-0.031585
0.009047
0.012680
-0.036437
-0.013662
0.045841
0.086754
-0.036675
-0.143221
-0.086558
0.092796
-0.175704
-0.036375
-0.142784
0.111009
-0.103377
0.067300
0.113405
0.122733
0.057480
0.023453
0.042508
-0.050189
-0.037415
-0.041624
0.012302
-0.081977
0.082964
-0.058162
0.068973
-0.003522
0.217122
0.034156
-0.009680
-0.119069
-0.116328
0.091206
0.179328
0.193987
-0.013917
0.081960
0.096393
-0.111155
-0.064462
-0.203387
0.141359
0.054147
0.156697
-0.171043
0.051567
0.107706
0.054722
-0.075498
-0.178893
0.072897
0.057343
-0.009079
0.011385
0.044790
-0.088247
-0.066605
0.010657
0.142275
0.039006
0.087223
0.083961
0.150306
0.008353
0.004158
-0.163610
-0.176586
0.150722
0.028681
-0.111874
-0.096360
0.020331
0.048982
0.075222
-0.019964
-0.063765
-0.115843
0.097731
-0.025654
0.074261
0.034855
-0.370058
0.065248
-0.149318
0.000625
0.141174
-0.232063
0.051771
-0.070160
0.059815
-0.119181
-0.221183
0.291521
-0.082836
0.044925
-0.166292
0.076308
-0.005090
0.070809
0.000759
0.141024
0.050018
-0.135015
-0.089383
0.003010
0.305677
-0.004283
-0.204045
-0.108906
0.068122
0.084913
0.170613
0.056214
-0.080450
0.084799
-0.109795
-0.118742
0.030474
0.016942
0.003026
-0.186339
-0.022148
-0.104120
0.022738
0.089949
0.090872
0.037755
0.019396
-0.153632
-0.044931
0.242250
0.096005
0.009588
-0.012937
0.046204
0.002288
0.100303
-0.028188
-0.027759
-0.038837
-0.056286
-0.073776
0.165578
-0.065438
-0.080919
0.077212
0.067232
0.093233
0.113440
0.018382
-0.000360
-0.038616
0.051396
0.069852
0.052692
0.020031
-0.104583
0.013456
0.041381
-0.044384
-0.044807
-0.134175
0.073501
-0.140300
-0.000157
0.221498
0.076751
-0.059706
0.055594
-0.048208
0.144026
0.098670
0.194348
-0.056073
-0.137078
-0.054954
-0.011375
0.132106
0.060474
-0.083311
0.036789
-0.024884
-0.118083
0.037387
-0.137545
0.054953
-0.151001
-0.028807
0.010867
-0.013609
-0.136883
0.127675
0.020790
0.077187
0.005999
-0.033807
0.041205
-0.049136
-0.118888
-0.134706
0.015980
0.023030
0.064930
0.159897
0.058030
-0.106231
-0.165446
-0.106971
0.233263
-0.048428
-0.175567
0.070764
0.162458
0.205565
0.224180
0.004054
0.165942
0.229290
-0.027749
-0.048479
-0.097072
-0.034458
0.167456
0.055803
0.020950
0.037425
-0.016377
0.136519
0.006942
-0.057944
0.058558
0.354678
0.028256
0.047561
0.098602
0.081920
-0.046704
-0.079726
-0.015229
-0.151296
0.015364
-0.138733
0.099511
-0.016697
-0.050188
0.009570
-0.206534
-0.045629
0.081252
0.099429
0.048711
0.210422
-0.066759
-0.029148
0.100249
-0.094721
-0.056399
-0.079921
-0.054066
-0.155067
0.080577
-0.046985
0.104738
-0.034192
-0.029688
-0.086352
-0.112695
0.049445
-0.153221
0.121912
0.083769
-0.133678
-0.194125
-0.007837
-0.106197
0.106649
0.004118
-0.069038
-0.110178
-0.075410
-0.023211
0.107340
-0.139273
-0.014827
-0.044330
0.151941
0.031413
0.108918
-0.165456
-0.032750
0.030106
-0.037875
0.019300
-0.051510
0.117726
0.044423
-0.016297
0.022935
0.054199
0.007667
0.040594
0.099441
0.091588
0.039595
-0.098996
-0.162204
-0.019755
0.105478
-0.038240
-0.006625
0.051422
-0.063782
-0.158914
0.012583
0.043786
0.078014
0.027199
0.229182
0.157368
0.020849
0.070700
0.010751
-0.131527
-0.091507
-0.080923
0.112822
0.107842
-0.052939
-0.044203
0.042554
-0.131904
-0.043496
0.030240
0.071252
0.045542
0.087586
0.071640
0.063332
0.095109
-0.143091
-0.001533
0.184168
-0.102787
-0.049239
-0.107324
0.030886
0.056526
0.086041
0.038935
0.093346
0.039853
0.065188
0.131926
-0.169452
0.090534
0.045992
0.135774
-0.047342
0.032083
-0.131720
0.059918
-0.159623
-0.006774
-0.030277
-0.005212
-0.065024
-0.228851
-0.083253
-0.027981
-0.059290
-0.117331
0.283037
0.030146
0.005325
-0.029280
-0.107443
0.083847
-0.017591
0.066776
0.010903
-0.004239
0.082527
0.127466
-0.083420
-0.058593
0.086473
-0.056574
-0.137258
0.059839
-0.062171
0.020950
-0.158048
-0.099355
0.009392
0.682998
-0.132417
-0.055799
0.510535
-0.000187
-0.005899
0.017768
0.002502
0.030537
0.036668
0.130683
0.058401
0.056968
-0.035255
0.245390
-0.032844
-0.017508
0.183957
-0.010461
0.062145
-0.059075
0.038400
0.046549
0.006594
-0.034959
0.029008
-0.014511
0.008701
0.201538
-0.020197
0.084820
-0.026133
-0.083443
-0.001173
0.148432
-0.082489
0.033581
-0.076775
-0.097165
0.133878
-0.027490
0.114004
-0.166217
-0.004134
0.037627
0.126479
0.085078
-0.075263
-0.108580
-0.010603
-0.096709
-0.052986
0.010364
-0.115381
-0.018884
-0.046010
-0.080399
0.012940
-0.091978
0.031338
-0.069016
-0.011010
-0.081073
0.024321
-0.002239
0.137574
-0.001880
-0.029311
-0.066967
-0.130102
0.366029
0.126159
0.028379
0.072868
-0.018962
-0.061583
0.070667
0.066174
0.033688
-0.151519
0.008905
0.244217
0.098815
0.139929
0.108414
-0.160995
-0.086469
0.144276
-0.160154
0.118199
-0.036353
0.035894
-0.001112
-0.035994
0.058018
0.074018
0.052775
0.146978
-0.038005
0.068003
0.124716
0.076739
0.093204
-0.022104
0.013700
-0.134232
0.036071
-0.025594
0.246632
-0.009983
-0.012141
-0.035422
0.028177
0.001758
-0.077012
0.108534
-0.034125
0.059563
0.085812
0.132449
0.011474
0.073244
-0.012657
-0.038591
-0.004653
-0.032401
0.025851
0.098200
0.120557
-0.026819
-0.169364
0.077848
0.110508
0.136864
0.160682
0.088459
-0.040992
0.110753
-0.076566
-0.071517
-0.015325
0.094962
0.056383
0.106891
0.051399
0.144291
-0.007669
-0.070675
0.108414
-0.032087
-0.002901
0.047987
0.065930
-0.060651
0.051688
-0.156407
0.083237
0.110658
0.055652
-0.137183
0.154092
-0.004720
-0.045560
0.066457
0.072573
-0.024389
-0.050056
-0.046325
0.002120
0.044993
-0.088925
-0.028180
-0.046240
-0.078134
-0.019771
0.081577
-0.009617
0.039168
-0.049532
0.110906
0.090787
0.012545
-0.184384
0.023975
0.107681
0.051537
-0.013124
0.162795
-0.052982
-0.196841
0.069048
0.148247
0.035847
0.069517
0.186369
0.167130
0.029099
-0.053995
0.053750
0.181933
-0.020904
-0.030980
-0.000248
0.070312
0.051019
0.006041
-0.085301
0.065295
0.073076
0.081842
0.063304
-0.123863
-0.041561
0.110603
0.029254
0.068184
0.098135
-0.101831
0.001014
0.066218
-0.088728
0.014730
0.104547
-0.158611
-0.111087
0.047674
-0.024580
-0.063022
0.034238
-0.016957
0.041637
-0.051052
0.020957
0.121894
0.005982
0.035187
0.013961
-0.062852
0.017061
-0.071177
0.135657
0.055326
0.175583
-0.112005
-0.166782
0.030030
0.004595
0.152412
0.108838
0.046663
0.125071
-0.139396
0.019612
0.118574
0.031144
-0.183850
-0.057785
0.120490
0.065357
-0.197701
0.036071
0.055591
0.342794
0.052703
-0.139943
-0.031834
0.058498
-0.045141
0.073098
0.071108
-0.159238
0.040004
-0.087385
0.123607
0.074916
0.016485
0.122453
0.028282
0.056746
0.017160
0.067786
0.111114
0.016246
0.052583
0.060959
0.154806
-0.003313
0.104230
0.073445
-0.073659
-0.047283
0.024167
0.000229
-0.085310
0.032800
-0.005469
0.002386
-0.068874
0.090200
-0.004960
0.002756
-0.068740
0.032620
0.032026
0.007481
0.094284
-0.016028
-0.030257
-0.130142
0.063287
-0.072759
0.051472
0.138017
0.030655
0.000153
-0.054097
0.054743
0.111129
0.126142
-0.038979
-0.028900
-0.082423
0.039785
-0.025429
0.028750
-0.030722
0.101513
0.023602
0.136628
0.080832
0.046627
-0.015118
0.012653
-0.041575
-0.005381
0.072686
0.044959
0.073221
0.100189
-0.021389
0.018212
-0.042661
0.082456
0.030176
-0.063105
-0.189178
-0.127145
0.056119
-0.093319
-0.021539
-0.358750
-0.012182
0.040435
-0.018849
0.033671
0.030578
0.024948
0.028010
0.196770
0.056510
0.108323
0.054866
0.060053
0.052055
0.048342
-0.113191
-0.049534
0.030389
-0.137716
0.047082
0.046995
0.107934
0.012137
0.018385
-0.106705
-0.011005
-0.041592
0.138484
-0.005259
0.017850
0.038894
-0.129509
-0.027483
0.070530
-0.000166
0.038933
0.044973
-0.236589
-0.133454
0.020918
0.100210
-0.004095
0.025332
0.134103
-0.061674
-0.015942
0.039762
0.001403
0.198883
0.039984
0.100091
0.004989
0.067974
0.031837
0.085288
-0.048710
-0.040839
0.051347
-0.092008
0.012328
-0.039416
-0.057744
-0.011918
0.188408
0.111573
-0.046505
0.062123
-0.008109
0.057074
0.028574
-0.028144
0.030990
-0.011421
-0.024486
-0.004297
0.007430
0.032729
-0.046296
-0.133403
0.010038
0.022532
0.158621
-0.102943
0.042417
0.067287
0.056281
-0.067904
-0.007220
-0.163287
0.110752
-0.047040
0.033743
0.014465
-0.086625
0.189270
-0.134211
-0.060762
-0.054656
0.006150
-0.002567
0.109199
-0.022741
0.064771
-0.010622
0.008804
0.033608
0.116357
0.038607
0.002903
-0.009904
0.023018
0.154599
-0.079680
-0.109800
0.015279
-0.059828
-0.033734
0.087293
-0.091991
0.085209
-0.041110
0.021647
0.028184
0.049374
0.013144
0.060643
-0.010424
-0.155269
0.096195
-0.048651
-0.048168
-0.008239
-0.380719
-0.077828
0.043546
-0.046234
0.021204
-0.012123
-0.044260
0.034407
-0.024386
-0.137299
0.059877
-0.040856
-0.053900
-0.021404
-0.059990
-0.098093
0.008258
-0.074150
-0.025646
0.089333
0.104629
0.060950
-0.052650
-0.024019
-0.084715
0.047073
0.014795
0.062416
0.095082
0.016263
0.003746
0.059874
0.036816
-0.052203
0.079991
-0.051914
0.051107
-0.047664
0.057105
0.085234
-0.084721
-0.018200
0.097257
-0.113937
0.065024
-0.008661
-0.099303
-0.003056
-0.040278
0.093486
0.046286
0.000368
-0.189124
-0.043883
0.053730
0.073050
-0.038818
0.038470
0.164808
-0.029386
0.048354
-0.101573
0.015430
0.027717
0.055649
0.027151
0.049633
0.068778
-0.012845
-0.011992
-0.027920
-0.061471
-0.000237
-0.012527
0.133399
0.095931
-0.010194
-0.014990
-0.024773
0.010367
-0.048342
-0.014938
-0.112884
-0.062949
0.004402
0.157229
-0.010050
0.021884
-0.107499
0.121649
-0.064640
0.087570
0.012421
0.001060
0.058008
-0.013985
0.091940
-0.031532
-0.195443
0.055036
0.031242
0.073292
0.058066
0.023904
0.051331
0.019951
0.082242
-0.043632
0.017875
-0.049331
-0.000854
0.046543
-0.012132
0.003248
-0.009910
-0.058627
0.105298
-0.062050
0.076610
-0.126836
-0.000985
0.021599
-0.004191
-0.043294
-0.028986
-0.123690
-0.085625
0.009035
-0.006055
0.042404
-0.374428
-0.024928
0.067988
-0.058754
0.079476
-0.042129
0.001846
-0.039643
-0.096366
0.039436
-0.008123
-0.084698
0.031148
0.029665
0.005523
-0.039062
0.067248
0.103341
-0.010515
0.015759
0.014570
0.059267
0.006073
-0.077043
-0.478076
-0.041740
0.155350
-0.016399
0.013421
0.027456
-0.070119
0.073131
-0.056652
-0.057134
-0.013620
0.020287
-0.026153
-0.019934
0.090246
-0.009595
-0.051593
-0.074017
-0.031182
-0.140523
-0.002572
-0.080277
0.140279
0.070973
0.021837
0.040365
0.047248
0.104308
0.008692
0.078624
0.126749
-0.020613
-0.060671
0.058293
0.183739
0.083010
0.046238
0.145542
0.089807
0.079216
-0.105545
-0.020320
-0.008116
-0.091304
0.100017
-0.026975
0.117853
-0.005858
-0.136172
0.019778
-0.054369
-0.064018
0.086360
0.042310
-0.036410
0.029858
-0.049533
-0.025567
-0.019634
-0.015080
-0.115612
-0.029856
0.054293
-0.007443
0.109191
-0.159630
0.008920
0.032062
-0.012539
0.018981
-0.053214
0.163671
-0.126733
-0.103550
0.045562
0.025890
0.014450
0.023850
-0.015062
-0.002246
0.027582
-0.017708
-0.079244
-0.054542
0.081498
0.043700
0.009379
-0.013648
-0.027923
-0.564353
-0.039212
0.010477
0.028936
0.054546
0.011064
0.086798
-0.056323
-0.217800
0.036305
0.007580
0.047537
-0.032106
-0.040509
-0.016234
-0.044108
-0.033781
-0.108653
0.108623
0.048781
0.006608
0.022042
0.021660
-0.073983
-0.015609
0.006376
-0.062038
0.014464
-0.068436
0.035424
-0.006055
0.002790
0.011274
-0.064709
0.011286
0.000010
-0.036538
-0.070539
0.103340
-0.018525
-0.055698
-0.013393
0.098878
-0.062316
-0.049601
0.106747
-0.062974
-0.007461
-0.044727
-0.067631
0.046297
-0.056010
0.003117
-0.046000
0.022296
-0.003151
-0.087574
-0.030465
0.041242
-0.041493
-0.020960
-0.032773
0.038590
-0.063275
0.035065
-0.065029
-0.007256
-0.018610
0.014374
-0.036760
0.008258
-0.071033
-0.077480
-0.015417
-0.055247
0.113645
0.041024
-0.064926
-0.034024
0.008824
0.030207
0.011223
-0.251762
0.025385
0.026591
-0.025240
-0.005953
0.079027
0.105687
-0.031600
0.045195
-0.054808
-0.145529
0.098921
-0.085177
-0.036311
0.025605
0.015180
-0.091684
-0.002923
0.104269
0.042242
-0.024773
0.010341
0.019022
0.005441
-0.193020
-0.148702
-0.086971
0.002069
0.028740
0.007760
0.088039
-0.107220
-0.093019
0.007668
0.041553
0.094610
0.032483
-0.057680
0.090168
-0.017220
-0.115519
0.000570
-0.081248
-0.067939
0.028639
0.066805
-0.043157
0.024920
-0.084099
0.044671
0.055786
0.010952
-0.016525
-0.008421
0.105132
0.002559
-0.049317
-0.033448
-0.095107
-0.033425
0.079989
-0.007924
-0.013478
-0.026820
0.019789
0.002468
-0.064557
0.077364
0.026697
0.062681
-0.016771
0.089508
0.028952
0.017126
-0.028947
0.111160
-0.018572
0.085893
-0.149416
-0.032491
0.036031
0.047212
0.012984
-0.069244
-0.059131
0.054441
-0.055337
0.043571
-0.015153
0.051608
0.035169
-0.046731
-0.497323
-0.055761
-0.061029
-0.013452
0.003376
-0.066614
0.145334
-0.077783
0.033006
-0.069933
0.099705
0.011718
0.089832
0.014581
-0.011898
0.121220
0.045933
0.024004
0.004028
0.040230
-0.075048
-0.072041
0.068018
-0.067668
0.127670
-0.012774
0.032753
-0.041701
-0.135863
-0.023642
0.007343
0.000211
0.003453
-0.000722
-0.013001
0.045291
-0.006258
-0.039624
-0.026188
0.006532
0.005788
-0.021727
-0.044644
-0.140706
0.015718
0.067764
-0.126974
0.008680
0.101816
0.048586
0.029959
-0.021061
-0.056310
-0.050885
-0.014670
-0.043233
-0.032157
0.030436
-0.073224
0.048316
0.040534
-0.077259
-0.010791
-0.022523
0.109701
-0.065650
-0.089254
0.055722
-0.010886
0.029625
-0.086465
0.015188
0.093074
0.082924
-0.015396
-0.010392
-0.007191
-0.024889
-0.012877
0.017947
0.028332
0.123538
0.027075
-0.028711
0.052221
-0.013825
-0.014898
-0.008572
-0.009137
0.072545
-0.126533
0.080762
-0.052597
-0.004030
-0.037225
-0.065014
0.010269
-0.063869
0.011473
-0.085277
-0.020308
0.042669
-0.002082
-0.033517
-0.008946
-0.019973
-0.030693
0.049602
0.025117
-0.000043
0.053693
-0.008392
-0.009445
0.027297
-0.096841
0.037594
-0.517946
0.125967
-0.027508
0.031000
-0.036729
0.030837
0.032001
0.067549
-0.058137
-0.073894
-0.292093
-0.029840
-0.270566
0.035659
0.003234
-0.040855
-0.066515
0.005343
0.018202
0.020582
-0.064854
0.071673
0.079895
0.038844
-0.053950
-0.052382
0.069679
-0.018777
0.083530
-0.000118
0.119456
0.050226
0.080690
0.124279
-0.038293
0.135717
0.144803
-0.010516
0.022018
-0.055136
-0.044103
-0.001068
-0.052795
-0.047642
-0.005039
0.074451
0.107792
0.059739
-0.046104
0.048390
0.009142
-0.070734
-0.009646
0.113952
-0.055683
-0.060710
-0.004474
-0.053264
-0.076343
-0.026061
0.021441
0.031396
-0.001163
-0.123732
0.008049
-0.010547
-0.059394
0.014028
-0.021175
0.045755
-0.009056
0.026161
0.007352
0.078625
-0.006371
-0.015346
-0.009180
0.121365
-0.136642
0.034595
-0.002857
0.005279
0.075799
-0.017019
0.101800
-0.064180
0.041785
0.004315
-0.051895
0.075758
0.119050
-0.062971
-0.037545
-0.081424
0.005765
-0.044090
-0.040534
0.078886
0.032127
-0.035747
-0.012751
-0.048572
-0.038694
-0.029712
-0.042071
-0.000148
0.040117
0.027730
0.019810
-0.021022
-0.076469
0.064807
0.073381
-0.097508
0.052493
-0.028696
0.011160
-0.048586
0.083108
-0.009988
-0.041563
-0.061826
-0.046174
-0.087603
-0.440457
-0.005931
-0.048354
-0.457554
-0.057381
-0.050388
-0.003628
-0.006442
0.040135
0.075465
-0.021598
0.080291
-0.022054
-0.041687
-0.051982
-0.059675
-0.005630
0.034371
-0.076703
-0.018805
0.018534
0.095418
0.008948
0.003396
0.032845
-0.012478
-0.005188
0.092333
-0.041681
-0.036710
0.030198
-0.014872
-0.033699
-0.030064
0.043772
-0.035532
-0.043639
0.029758
-0.000771
-0.046808
-0.051853
0.046670
-0.046750
0.008208
0.023809
-0.056095
0.004089
-0.007980
0.083232
-0.044428
-0.028268
-0.015103
-0.056997
0.047467
-0.053283
-0.068013
-0.033519
-0.008848
0.050524
0.152617
-0.013798
0.036566
-0.016219
-0.163234
0.064764
0.009484
-0.043980
0.086706
0.042099
0.075432
0.122638
-0.088312
0.011651
0.003577
-0.025383
-0.114841
0.041146
0.064513
0.027225
-0.012502
-0.009035
0.066208
-0.012423
0.011836
0.022375
0.060914
0.029264
0.077341
-0.073677
-0.099029
-0.070886
-0.041650
0.004323
0.039018
0.061662
0.065785
0.039426
0.025931
-0.013097
-0.074320
-0.094467
-0.019107
-0.029637
0.026519
-0.068368
-0.061909
0.061526
0.042897
0.059187
-0.031415
0.050763
0.026419
-0.066262
-0.038157
0.028752
-0.018500
0.042415
-0.037882
-0.000587
0.018762
-0.118599
0.076114
0.013111
-0.033106
0.002600
-0.053094
0.040051
0.153361
0.046718
-0.030665
-0.096948
-0.004405
-0.020417
0.056519
0.057811
0.044349
-0.020917
0.008750
0.058266
-0.005640
-0.069987
0.038723
-0.015116
0.062824
-0.024024
0.018487
-0.074666
0.043659
0.038744
0.082636
0.111585
-0.035301
0.050325
0.075315
0.004864
-0.053425
-0.019309
0.036800
-0.008853
-0.070570
0.054160
-0.063709
-0.009722
0.035081
-0.038532
-0.013422
0.021377
-0.036468
0.000578
0.075511
-0.028580
0.019080
-0.009765
-0.008755
0.008604
0.060863
0.027541
-0.036212
-0.060391
-0.030429
-0.033484
0.002335
0.009615
-0.022799
0.060172
-0.037331
0.005799
-0.042983
0.116924
-0.031038
0.056397
0.029632
0.046306
-0.003718
0.045399
0.032961
-0.070401
0.031654
0.004231
0.010388
0.076431
0.076790
0.055118
-0.005371
-0.032342
-0.044845
0.040795
0.047454
0.048824
-0.045525
0.005222
-0.049624
0.060446
-0.029643
0.044592
0.047156
-0.012973
0.052925
0.016940
0.029126
0.040589
0.030356
-0.069053
0.003385
0.146938
0.019244
-0.031204
0.000112
-0.023743
0.039204
-0.023749
-0.090503
-0.001834
0.201007
-0.012354
0.041627
0.026160
-0.048240
0.005357
0.003676
0.102476
0.074917
-0.015872
0.070791
-0.025698
0.056142
-0.107727
-0.052844
0.068988
0.004050
0.052935
-0.045539
-0.056627
0.122394
-0.015513
0.005629
-0.070663
-0.091527
0.102756
0.087803
0.025460
0.013754
0.015988
-0.035668
-0.068277
-0.052840
-0.003656
0.033773
0.069172
0.068936
0.037837
0.038641
0.038688
-0.020017
-0.019531
0.034687
0.029685
-0.015314
0.062330
0.042284
0.058950
0.049804
-0.033608
0.058475
0.056238
0.028608
-0.026213
-0.054180
0.025225
0.015178
0.033302
0.077036
0.047824
0.015588
-0.009564
-0.069948
-0.069576
0.042559
0.073730
-0.019490
0.036966
0.039323
-0.039182
-0.022036
-0.030519
-0.014628
-0.019950
-0.008900
-0.045648
0.011524
-0.012544
-0.001601
0.075836
-0.008537
-0.032455
-0.014243
0.014638
-0.070833
-0.013604
-0.038353
-0.018178
0.001360
-0.002135
-0.001709
-0.031879
0.011638
0.012419
0.014520
0.043009
-0.048516
-0.035961
0.008690
0.026932
0.093931
-0.014655
-0.018699
0.047018
0.035723
-0.041613
-0.009950
-0.047070
0.024962
0.071029
0.004858
0.051219
0.020364
-0.029943
-0.044521
0.062562
0.025227
-0.012544
0.017020
0.017016
-0.001319
-0.065182
-0.052231
0.000847
-0.018983
-0.070547
-0.011727
0.050395
0.036313
0.031774
0.054956
0.030630
-0.030095
0.007713
-0.007591
-0.025689
0.025104
0.070514
-0.079959
-0.062243
-0.075597
-0.267999
-0.020994
-0.045348
-0.026985
0.089031
0.029441
-0.009825
-0.072143
-0.053380
-0.011795
0.065523
-0.091340
-0.014412
-0.023584
0.069994
0.040913
0.032305
-0.022376
0.064643
-0.004901
0.049355
0.104590
0.031873
0.012784
0.005999
-0.033110
-0.037253
-0.059024
-0.094675
0.099468
-0.020210
-0.006326
-0.031727
-0.027517
-0.039254
0.064447
-0.022860
-0.043437
0.043014
-0.038161
0.003386
-0.000915
0.035212
0.040192
0.039547
0.015371
0.029285
0.033763
0.029876
0.030225
-0.056364
0.040353
-0.029720
0.001974
0.049558
0.011949
-0.026393
-0.040749
0.059258
0.000079
-0.010810
-0.037795
0.038583
0.045439
0.043814
-0.021850
0.030972
-0.026129
0.026874
-0.010622
0.056631
-0.016754
-0.293153
-0.057945
-0.082739
0.015473
-0.018462
-0.087311
-0.047067
-0.018494
0.047617
0.000497
-0.002451
-0.058585
-0.000751
0.015888
0.039396
0.049313
-0.065622
0.047974
0.001645
0.050531
0.009944
0.032827
0.000567
0.005398
0.090457
-0.081371
0.000013
-0.053780
-0.027334
-0.010952
-0.052128
-0.010356
-0.045607
0.034986
-0.021485
0.003666
-0.049522
-0.027203
0.075488
-0.109028
-0.004206
0.039888
-0.067655
-0.062513
0.054704
-0.023671
0.049679
-0.001025
-0.019477
-0.018082
0.008809
0.062934
-0.017372
0.005806
0.009568
-0.011302
0.031571
0.045722
0.017323
-0.057648
0.024567
0.061713
-0.045703
0.036652
-0.052854
0.033802
0.009243
-0.006820
0.006254
-0.057709
-0.012213
0.040773
-0.022831
0.026506
-0.051129
-0.041751
0.072276
-0.050209
0.058807
-0.008895
0.038435
-0.011078
0.035544
0.037928
-0.260786
-0.035755
0.025323
0.069818
0.046691
0.026246
0.052359
-0.002271
-0.006892
-0.036374
-0.022817
-0.213621
-0.011199
0.063869
0.047523
0.046793
-0.016693
-0.091252
-0.064400
-0.009156
-0.033764
-0.029319
0.114003
-0.028897
0.012953
-0.014877
-0.238136
-0.008632
0.019040
0.062356
0.086860
0.051093
-0.003705
0.053595
-0.050728
0.055736
0.058881
-0.002561
-0.040979
0.102309
0.080425
0.005971
0.078015
0.120649
-0.063666
-0.012532
0.011248
-0.000054
0.005738
0.087089
0.033519
0.006931
0.014571
-0.009405
-0.018376
0.013926
-0.008155
-0.019850
-0.035668
-0.207586
0.042465
0.021073
-0.083326
-0.039961
0.120283
0.093320
0.010347
-0.026295
0.036648
-0.010826
0.007408
-0.018951
-0.023919
-0.021321
-0.085815
-0.110480
-0.035581
-0.123300
0.026075
0.042785
-0.002764
-0.011797
0.021001
0.019193
0.002932
-0.047118
0.008373
0.063948
0.038478
0.042517
-0.076150
0.063159
-0.023115
-0.019888
0.051614
0.008429
0.014446
-0.011739
-0.078259
0.059566
0.081092
-0.014506
0.002824
-0.018424
-0.001242
-0.023118
-0.014390
0.006644
0.006628
-0.003641
0.004026
0.041342
0.019366
0.029043
0.069057
-0.064716
-0.024204
-0.036395
0.051799
0.111998
-0.014433
-0.029666
-0.044357
-0.065442
-0.007467
-0.011349
0.024261
0.017672
-0.001815
-0.015155
-0.012651
-0.028249
-0.098848
-0.022942
0.022887
-0.038938
-0.007351
-0.010814
-0.036090
-0.017226
-0.008503
0.039308
-0.048246
-0.017003
0.049439
-0.013459
-0.015907
0.000996
0.013421
0.044063
-0.012434
0.012839
-0.043350
-0.007399
0.065825
-0.023480
-0.009365
-0.049435
-0.039255
-0.015103
-0.065994
-0.018234
-0.017827
-0.001811
0.078110
0.034521
0.031683
-0.025979
0.010845
0.036352
-0.035033
-0.058158
0.074735
-0.052120
0.028449
0.019931
0.013841
0.014175
-0.027170
-0.047345
0.012786
0.037365
0.000646
-0.022829
0.050249
0.010568
0.043026
-0.036319
-0.069734
-0.046467
-0.012108
-0.000807
0.144348
0.048992
0.016240
-0.118006
-0.056822
0.028153
0.034707
0.001755
-0.011670
0.075668
0.002090
-0.018016
-0.053827
-0.018939
-0.021504
0.039099
0.010522
0.056772
0.007784
-0.030213
-0.039078
-0.038059
0.011626
0.061717
0.077288
0.040862
-0.036388
-0.029097
0.050915
0.060691
0.015849
-0.095487
-0.014681
0.042206
-0.085454
0.010353
0.100158
-0.006363
-0.016361
-0.025335
-0.051998
0.013783
0.000451
0.040484
-0.022991
-0.032120
-0.045431
-0.003072
0.031972
-0.038608
0.005654
-0.011206
0.013930
-0.021857
0.017705
0.078680
-0.065899
0.016124
0.039041
0.043414
0.061524
-0.043162
0.099042
-0.006542
0.020714
-0.016579
-0.002147
-0.035837
-0.005417
0.033466
-0.027220
-0.000557
0.062096
-0.040636
-0.021469
0.043471
0.020103
-0.017929
0.018737
-0.022909
-0.013896
0.069929
0.022460
0.036469
-0.002598
-0.078127
0.039104
0.049087
-0.007630
-0.366883
-0.012658
0.016740
0.014353
0.009055
-0.022834
-0.066184
0.035985
-0.055183
-0.052213
-0.052900
-0.024416
0.002816
-0.057450
-0.013168
0.013835
0.006148
0.018640
0.033422
0.035037
-0.002854
-0.020635
-0.004694
0.030366
-0.027933
0.055270
-0.045498
-0.023811
-0.020500
-0.047071
-0.017270
0.015897
0.027474
0.020942
0.034749
-0.045657
0.042897
0.014100
0.035491
0.043730
-0.046996
-0.027684
0.033166
-0.030341
-0.032050
-0.020361
0.062973
-0.015047
0.005692
0.017026
0.079640
-0.035552
0.021721
-0.006324
0.051040
0.044390
-0.052377
0.000687
-0.007777
0.015449
0.059427
0.016222
-0.019060
-0.033169
-0.021630
0.009307
0.001911
0.000861
-0.014411
0.035677
0.015369
-0.053613
0.094012
0.011053
-0.094463
-0.023791
0.042256
0.010626
0.032568
-0.028905
-0.027981
-0.025756
-0.005214
0.006614
-0.012990
0.022143
0.032323
0.016550
-0.031559
-0.053822
0.038230
-0.022448
0.047532
0.005031
-0.008244
-0.030156
-0.011314
0.077215
0.020055
-0.050760
0.046581
-0.017063
0.052152
0.014642
-0.008417
0.006379
-0.043838
0.027975
-0.009944
-0.004022
-0.025958
-0.021449
-0.062810
0.024798
0.065671
-0.045846
-0.033174
-0.020017
0.086147
0.049342
-0.015224
-0.015339
0.017562
-0.010996
-0.033914
-0.034054
0.013915
-0.262328
-0.008895
-0.036012
-0.204574
0.004940
-0.033406
-0.014871
0.012779
0.032054
0.027487
0.029201
-0.008876
0.050746
-0.025123
0.025005
0.000611
-0.034631
0.061748
0.078872
-0.015415
-0.034439
0.055952
0.029532
0.029877
-0.032315
0.014221
0.013033
-0.011677
-0.002001
0.033077
-0.100034
0.032709
-0.028215
0.053443
-0.032011
0.060851
0.019510
-0.054782
-0.024448
0.010228
0.000200
-0.035731
-0.027391
-0.027126
-0.014251
-0.019872
0.070125
0.050017
-0.021928
-0.001216
0.028611
-0.030301
-0.010050
-0.003413
-0.077819
0.006638
0.042978
0.078351
0.024825
-0.018542
0.039247
0.059672
0.075144
-0.040042
0.010459
0.000575
-0.043133
-0.043762
-0.049912
-0.010426
-0.020196
-0.036283
0.060501
0.006423
0.020329
0.031761
-0.036560
-0.003711
-0.013428
0.043803
-0.010971
-0.392697
-0.040317
0.006543
-0.053511
-0.001675
-0.072931
0.022190
-0.028037
-0.046246
0.023466
0.013198
-0.016155
0.014235
-0.073351
-0.009801
-0.054622
-0.029512
0.052871
-0.047258
0.006277
-0.105558
0.025332
-0.054958
-0.042289
-0.049954
0.059607
0.059426
0.018583
-0.007421
-0.009167
0.040419
0.041903
0.038668
-0.059672
0.054156
0.017704
-0.017265
-0.076229
-0.032984
-0.002751
-0.037588
0.045995
-0.017491
-0.071212
-0.025191
-0.013756
0.037301
0.034642
-0.050893
0.022087
-0.014992
-0.004576
-0.024329
0.004644
-0.014498
0.028062
0.040407
0.051934
0.061781
0.023154
0.037157
-0.003791
-0.056083
-0.028974
-0.065799
0.007436
0.054542
-0.081327
-0.044325
-0.036221
0.025368
0.033797
0.015632
0.024356
0.025441
-0.013891
-0.030561
-0.006727
-0.033031
0.008667
-0.011300
-0.053531
-0.048556
0.003662
0.038797
0.013467
0.001558
-0.028846
0.041656
-0.017465
0.094800
-0.061813
0.033737
0.021663
-0.001627
-0.370583
0.058452
-0.051262
0.054335
0.010821
0.038992
-0.021750
-0.012011
-0.025919
-0.016525
0.021885
-0.043579
0.025964
-0.025172
-0.023329
0.030472
0.013024
0.041006
0.013547
0.024221
-0.125475
-0.040515
0.035381
-0.041557
0.018248
