0.082205
0.506298
0.018660
10.526876
0.027082
0.068295
0.211554
0.939265
1.903003
0.327823
0.822293
0.520127
0.130593
0.090912
0.012558
0.178241
1.238060
0.594645
23.479715
0.001256
0.011117
0.330976
4.043091
0.139450
1.662716
1.109223
1.273502
0.038381
0.008364
2.149964
0.068015
1.724673
0.839199
1.685698
0.193868
0.973118
1.068309
0.087853
0.019992
1.021117
0.962026
0.986692
0.020100
1.019036
0.973654
0.163719
1.001658
1.036036
1.088395
1.000000
1.000000
1.000000
0.261850
11.777045
1.000000
1.000000
0.946573
0.669108
1.033990
0.012333
0.083363
0.231741
0.334534
1.115647
0.460643
0.997387
0.917799
0.994886
0.985283
1.034662
0.967092
0.971909
0.950732
0.415262
0.887455
0.668199
4.862270
14.241936
0.983195
0.032586
0.235740
1.073097
1.000000
0.001286
1.030771
0.139451
1.027717
0.956561
1.000000
0.024839
0.193658
0.144637
0.944856
1.688047
1.000000
0.929122
1.137323
0.986901
1.071812
1.009078
1.173477
0.017523
0.936194
0.915060
0.956149
1.053009
0.626984
1.006722
0.001259
1.050686
1.142691
1.844280
0.969735
0.972220
1.000000
1.073815
1.000000
1.018897
1.084829
1.064077
0.971798
1.000000
0.512083
0.117390
0.832412
0.840312
1.094377
1.000000
0.138288
0.985636
1.110080
1.010437
0.971761
1.026648
0.815860
1.000401
0.893494
1.000000
0.327528
1.110805
0.966151
1.027705
0.869085
1.042401
1.000000
1.052755
0.766756
1.147996
0.058378
6.153913
1.104046
1.000000
0.784430
1.000000
1.179201
1.000000
0.927864
0.037131
0.771911
0.042000
1.048233
0.805625
0.148168
1.066335
1.027114
0.397644
0.135772
1.084368
0.828204
0.654112
1.041133
1.017561
0.016682
0.139012
1.000000
1.000000
1.000000
0.246325
0.825976
1.000000
1.000000
1.000000
0.041350
0.942968
1.015872
0.916910
0.732198
0.763564
1.117695
1.070418
1.431388
0.908601
0.993145
0.974246
1.306900
1.083089
0.971073
1.717574
1.107953
0.990564
0.984701
1.000000
0.053750
0.104938
1.036057
0.145691
0.900069
0.036576
1.000000
1.324212
1.000000
0.979732
0.571757
1.006881
1.000000
0.994233
0.996013
0.248976
1.028298
0.770451
1.098279
0.940696
0.315327
1.072596
3.341583
0.217981
0.923848
0.988522
1.000000
0.914158
0.988351
0.145235
1.025128
0.996842
0.892814
1.037179
1.121715
0.971940
1.843320
0.158528
0.190798
0.975537
1.055294
0.942331
0.867680
0.550458
1.010301
1.041616
0.582142
1.028643
0.994778
0.943534
0.796938
0.960275
0.715765
0.994666
0.656652
1.021217
0.632405
1.010971
0.576306
0.783374
4.778877
1.091462
0.141343
0.941938
1.342241
0.820867
0.938682
0.995758
0.010904
0.556969
1.015274
0.993960
0.987746
0.986179
1.317458
0.452558
1.036662
0.878615
0.991029
1.190190
1.355820
0.927193
1.096390
0.703973
0.097451
1.000000
1.174866
0.869248
0.010541
0.984604
0.997332
1.775302
0.992525
1.214504
1.143825
0.928186
0.026345
0.988267
1.128629
0.151875
1.153450
1.020079
1.265120
0.786358
0.887259
0.772839
1.056167
0.987882
1.000000
0.110522
0.963054
1.130692
1.065525
0.435832
0.915897
0.067078
0.978645
0.031960
0.980992
1.439972
1.311888
1.190766
0.015160
0.854017
1.016748
1.039682
1.063530
0.848948
0.664353
0.937592
0.957317
1.076365
1.000342
1.014959
1.003655
1.000001
1.000000
1.032292
1.000000
1.015559
1.003594
0.993363
1.099708
1.112729
0.035457
1.000000
1.028428
0.245657
1.148478
1.000000
0.823922
0.768239
1.012303
1.044212
0.938124
1.376382
1.103663
1.009391
0.980640
0.775028
1.067399
0.052313
1.121298
0.819916
0.916307
0.582881
0.706670
1.084336
0.899295
0.323059
0.675487
0.064169
1.005689
1.008793
1.006035
0.951739
1.388186
1.145481
1.037143
0.961543
1.048812
0.870859
0.976521
0.948999
0.767887
0.933333
1.028474
0.619197
1.013716
0.001147
1.002270
1.058293
0.990365
1.478455
0.716999
0.967417
1.350773
1.267273
0.846631
0.915464
1.044729
0.331642
0.962639
0.705409
4.444299
1.000000
0.947209
1.019014
0.304230
1.018290
0.964926
0.076378
1.052948
0.531277
0.275546
0.952833
1.200362
1.051559
1.267419
0.516840
0.875048
0.703582
0.803780
1.335767
1.002232
2.497096
0.153174
1.039371
0.944963
1.680102
0.974182
1.217993
0.953848
0.924580
0.729706
1.332918
0.031084
0.477101
1.085397
1.248450
0.988679
0.925167
1.003447
0.968788
1.029675
0.978140
0.117134
1.089696
0.694499
0.983639
0.781197
0.951608
0.754639
0.910237
0.734895
0.931519
0.127863
0.831814
0.983954
0.987724
0.967976
0.856245
0.273847
1.000000
1.000000
1.066183
1.069037
1.169356
0.662595
0.857522
1.077700
0.808555
1.088534
0.978804
0.827887
1.502285
0.884343
1.418725
1.029767
0.988727
0.978033
0.654917
1.008331
1.019227
0.906419
0.992253
0.187870
0.767460
1.073843
1.003147
0.768837
0.378318
0.614707
1.022711
0.743784
1.093932
0.896292
0.976509
1.000000
0.921983
0.938333
0.001115
0.930869
0.558494
2.704901
0.537198
0.915218
0.931721
0.367528
0.052035
1.006934
0.995441
0.661475
0.009342
1.302222
0.727395
1.076980
0.992652
0.953140
0.795066
0.880377
0.791799
1.141311
0.159066
1.111810
0.937714
1.103296
1.020810
0.268274
0.970414
0.997235
0.034194
0.949006
1.191460
1.135817
0.996401
0.773019
1.020627
0.779554
0.986755
1.221512
0.275126
0.856459
0.498358
1.004808
0.911798
1.677783
0.644681
1.034294
0.447032
1.133724
0.124784
0.910392
0.001104
1.115816
0.657489
1.012972
0.968512
0.959356
0.909917
0.950898
0.951305
1.025756
0.964641
0.881962
1.918251
0.576663
1.040632
0.531394
1.268568
0.903919
0.942399
1.149003
1.016596
0.254150
0.843195
0.119217
0.723273
0.755435
0.664215
0.144503
0.896931
1.268275
0.872982
0.824204
1.761880
0.654093
0.848360
1.011094
1.017979
0.370601
0.266233
1.997485
1.000000
1.002487
0.050525
1.022628
1.172521
0.422677
0.934710
1.135964
0.627059
1.000000
1.052964
0.886962
1.229259
1.230222
1.029300
0.850094
1.005756
0.850276
2.214800
0.977603
0.910739
1.233251
0.743057
1.191892
1.103870
1.000004
1.002988
1.000000
1.142135
0.966272
1.015653
0.971991
0.676386
0.419817
0.974274
1.333057
1.000000
0.866126
1.000000
0.824667
0.962098
0.562054
1.293365
0.985185
1.001470
1.125043
0.013066
1.067541
0.029635
0.001080
1.021022
1.137910
1.037193
1.065037
1.019432
0.994724
0.790837
1.067492
0.784007
1.229171
1.141510
2.986594
0.984160
0.951528
0.976438
1.242483
0.855007
1.057907
0.921803
0.647969
0.986446
1.179280
1.028929
0.802613
1.045346
1.021868
0.880900
1.314619
0.928625
0.678055
1.016814
0.958972
0.956269
1.155307
0.008849
0.866515
0.770892
1.007613
1.009370
0.626703
0.512559
0.011821
1.646314
0.906467
0.930864
1.134956
0.955960
1.000000
0.715934
1.035109
1.040741
1.016885
1.039516
0.615307
1.137085
1.307377
0.852097
0.901759
0.853317
1.029238
1.000599
1.295043
0.792144
1.516047
0.849417
0.884341
0.516108
0.938094
1.008766
1.061757
0.861064
0.042853
0.733363
1.657322
0.464042
1.000000
0.963483
1.008828
0.802116
0.899917
0.540832
0.943859
0.117188
0.241673
0.993065
1.015757
1.025274
1.060991
0.927719
1.028530
1.113208
1.004167
0.929605
4.051299
0.809496
1.030886
1.029736
0.958383
0.968643
1.102398
0.789528
1.031552
1.292443
1.240461
1.491187
1.259295
1.146679
0.460565
0.853079
0.909640
0.987469
0.627202
0.995267
1.007725
0.969618
1.064909
1.000000
0.935756
1.085608
0.946997
0.712380
1.078419
1.002869
0.147225
0.132832
1.031312
1.113595
0.739739
0.159400
0.806318
1.101842
1.020940
1.549996
0.975190
1.548980
1.000000
0.541357
0.570882
1.532842
1.008676
1.157665
1.107436
0.691637
0.080099
0.993812
1.238004
1.378312
1.019639
1.046161
1.095352
1.137743
0.471914
0.643230
1.010277
0.907191
0.927154
0.581989
0.889396
1.337056
1.123856
0.915495
1.015461
0.671959
0.937195
0.977873
1.209512
0.718873
0.695717
0.694594
1.057122
0.973483
1.242328
0.933267
0.568257
1.013701
1.042020
0.789466
1.035997
0.848141
0.982735
1.457928
0.136384
2.223702
1.022843
0.445627
0.497958
0.242059
0.762662
1.578115
1.007672
0.578835
0.950504
0.965433
1.031175
0.806212
1.055766
0.995047
1.037630
1.055082
0.963063
1.273226
1.015989
0.987567
0.797805
0.959341
1.006098
1.113091
0.825584
0.804836
0.979090
1.131144
0.760475
1.335076
1.333749
0.556031
0.995545
1.021733
1.161343
0.736112
1.311056
0.456696
1.137782
1.795734
0.902100
0.768307
1.044583
0.945591
0.800139
1.355066
1.013371
1.214836
0.031679
0.892741
1.290036
1.000000
0.898931
1.183201
1.005586
0.011418
0.796363
1.470732
1.761945
0.980512
1.000000
0.874742
0.698250
1.000000
0.849192
1.000000
0.977071
1.295299
0.807157
0.268363
0.825581
1.348774
1.112244
0.919681
1.001781
0.839938
1.029625
0.623792
0.776846
0.741439
1.006879
0.490168
0.976140
1.093530
0.843432
0.651588
1.010382
0.988655
1.179985
0.875869
0.873643
0.970373
0.994725
0.882315
1.477107
0.987635
1.168465
1.484419
0.969106
1.769662
1.103134
0.025911
1.078760
0.981816
1.035352
0.950470
1.055968
0.749960
1.067202
0.800012
1.043229
1.000722
0.231514
1.728482
0.994273
0.990156
0.996589
1.631902
1.003228
1.287053
1.079113
0.698348
0.468771
0.599612
1.057017
1.214558
0.159495
1.039652
0.958600
0.375078
1.314773
0.145103
0.007702
1.237140
0.981947
1.369620
0.634417
1.099310
1.372801
0.716010
1.666689
0.503324
1.055907
0.995643
0.927230
0.917818
1.268003
1.092792
0.983414
0.651972
1.131812
0.872138
0.841004
1.173466
0.953317
0.037264
0.983047
1.004588
1.000000
0.714074
1.168676
1.148660
1.086365
1.098054
1.306354
1.085083
1.063939
1.092188
0.812814
0.985649
1.010779
0.306152
0.737936
1.154830
0.926670
0.982630
1.136190
0.879734
0.992038
0.461980
0.230715
0.992926
0.969584
0.803949
1.059023
0.591863
0.757672
0.576158
1.094172
1.188983
0.598690
1.335747
0.972242
1.059387
1.128911
0.977837
1.148718
1.025099
0.870952
1.042335
1.111103
1.078730
1.199723
1.045994
0.903673
0.984445
0.643286
0.972567
1.214738
0.306512
1.000000
0.502503
1.140487
1.063793
0.964861
0.730660
0.933707
1.049154
0.959018
0.799095
0.912370
1.032240
0.990417
0.954299
1.064277
0.979070
1.117316
1.378428
0.729964
0.924746
0.597052
1.589925
1.052776
1.027506
0.930715
1.361240
1.035941
1.218344
0.933091
1.018080
1.046011
0.945972
1.078119
0.901186
0.645682
1.101885
0.886436
1.001828
1.201505
1.221447
1.018781
1.081486
1.102531
0.955819
1.019560
0.037526
0.971180
1.400588
1.153846
0.987284
1.091801
1.000000
0.757757
1.815655
0.899139
0.554762
0.896131
1.281291
0.876278
0.908041
0.831868
0.986056
0.864082
1.000246
0.090974
0.752289
0.958124
1.872895
0.746960
1.198152
1.319576
0.821211
1.060910
0.395170
0.929608
0.805230
1.008097
0.955562
1.158964
1.270428
0.709707
0.876216
1.272562
0.719323
0.898734
1.075624
0.885531
0.736574
0.738070
0.727670
0.230017
1.212178
1.000000
0.938469
1.229225
0.935061
1.076650
0.996670
0.056890
0.585536
1.112657
0.877018
0.758761
0.854316
0.570919
0.855230
0.036057
1.159392
0.549884
1.162668
0.938288
1.264515
1.183810
1.069137
1.143368
1.085890
1.220754
1.013963
1.082197
0.828009
1.024278
0.690392
0.992152
0.954394
1.297839
1.146427
1.288593
0.994320
0.973777
0.598883
0.693630
1.217156
1.053891
1.100510
0.952900
0.796908
1.056120
0.916439
1.075742
1.362245
0.924861
0.066137
0.513550
1.550903
1.074523
1.105306
0.759649
1.085328
1.104768
0.685788
1.055327
0.954855
1.114055
0.861601
1.060766
0.533382
0.639785
1.034154
0.769824
2.440722
0.997304
0.991180
0.475164
1.246061
1.367272
1.001698
0.693115
1.044092
0.224921
0.973063
1.151116
0.685781
0.726359
0.798242
1.003883
1.006224
1.210146
1.084949
1.021500
1.018569
1.264988
0.987213
0.954480
0.572310
1.344514
0.938040
1.149717
0.646160
1.003387
1.099821
1.025324
1.047573
1.010632
0.632047
0.954879
1.257307
0.838723
0.409606
0.514516
0.977216
1.483112
0.011468
1.220181
0.862441
1.018900
0.744902
0.970759
0.821730
0.974549
0.976783
1.108176
1.139513
1.022452
1.785878
1.082068
1.077758
1.032542
0.598726
1.024979
0.060178
1.505744
0.985039
0.000772
0.964157
1.087716
1.044973
0.992842
0.838989
1.209738
0.714530
0.922002
0.997416
0.955073
1.283060
0.972186
1.022163
1.420726
1.138251
0.123485
1.049401
0.960190
0.938426
1.000423
1.879229
1.119582
0.892437
0.689611
1.207744
0.890960
0.500736
0.899498
1.160617
2.233616
0.937210
0.524337
0.585887
0.998074
0.871381
0.815378
0.443932
0.878968
0.726843
1.029159
0.848964
0.919932
1.024658
0.550063
0.593431
0.998752
1.315625
0.826823
1.491167
0.656059
0.823512
1.150423
1.089265
1.019207
0.769428
1.087878
0.499641
1.173463
0.586759
0.670484
1.013073
0.447216
1.069886
0.999114
1.199519
1.122767
1.780563
1.058746
1.164595
1.022859
0.992875
0.926359
0.952770
0.906380
0.919135
1.118607
1.392527
0.872314
0.965764
0.576286
0.018579
0.720997
2.246704
1.749280
1.204259
1.004389
0.854100
2.488654
0.516477
0.252144
0.755829
0.899209
0.794886
0.677829
1.788704
1.573821
0.973267
1.392315
0.533571
0.921517
1.021164
0.837788
0.543231
0.940921
1.067753
1.029786
1.043625
1.028586
0.926071
1.259455
0.991857
0.644363
0.861928
1.044503
1.095912
0.685256
0.685417
1.507279
1.285363
1.007623
0.547376
1.573685
2.092575
1.489997
0.355697
0.866760
2.198433
1.218549
1.304073
0.593463
0.919843
0.133399
1.087498
0.333987
0.527399
1.560450
0.968549
0.985268
0.979443
0.902142
2.323787
0.891010
0.072341
1.378618
1.161870
0.966363
0.336594
0.947961
1.034815
0.663986
1.197732
0.893338
0.283324
0.418854
1.021427
1.884917
0.795880
1.110109
1.269277
0.996392
0.398667
0.738276
1.284613
1.857030
0.988472
1.150699
0.984608
0.672467
1.118078
1.088847
0.719380
1.195059
0.844420
0.920108
1.230964
0.972143
0.844406
0.824639
0.881909
0.816178
0.988617
0.866736
1.070066
0.595375
0.821697
1.632472
1.629689
1.043168
1.241798
0.863535
2.122274
1.853256
1.122268
0.888052
0.961257
1.079545
0.712175
1.167085
1.126510
0.834428
1.392570
0.865990
0.122969
1.168681
0.869868
0.984903
1.013788
1.447724
1.072299
1.213508
0.764470
0.568869
0.865009
0.566988
0.821511
0.836301
0.759496
1.292993
0.332599
1.663044
0.674419
1.059053
0.598454
1.128036
1.182902
2.185325
0.963993
0.931585
0.675334
1.175239
0.985491
0.991786
1.343298
0.039255
1.032024
0.697284
0.442410
0.510659
0.812380
0.432994
1.177977
1.252921
0.881691
0.534213
1.153638
0.979578
0.917208
0.952757
0.306329
1.864483
0.609092
0.574338
0.049096
0.875647
0.927146
0.995232
0.661071
0.993036
1.222205
0.881648
0.422605
0.294632
1.053163
0.753094
1.019733
0.497781
0.710550
0.965647
1.006652
0.071173
0.286923
1.269436
1.112633
1.171406
1.059950
0.866146
0.708999
0.537427
0.588480
0.913934
1.393017
0.767285
0.809515
0.422491
0.934546
0.894265
0.728895
2.511434
0.934924
0.855204
0.758369
1.000332
0.559401
0.512798
0.786237
1.052893
1.019461
0.570194
0.987307
0.470323
0.798237
0.472953
1.382487
0.467862
0.798222
0.216321
0.748291
1.441521
0.854370
0.183609
1.366078
0.036254
0.950559
1.153090
0.697381
0.958493
0.666048
0.982579
0.950008
1.171202
1.106430
0.773964
1.000061
0.861798
0.685876
0.895255
0.889691
2.521339
0.895113
1.033624
0.730045
1.014143
1.535257
1.111769
1.075773
1.064329
0.992957
1.069008
0.949302
0.451193
0.949304
1.079470
0.864367
0.568340
0.069036
0.754925
1.069489
1.024300
1.032201
1.209641
0.826157
0.943124
0.499910
0.949013
0.978957
0.951384
2.172287
1.195629
1.176336
0.398565
0.966663
1.138783
1.000000
0.676900
1.297512
0.820668
0.660433
0.924752
0.866639
0.922809
0.843395
0.966887
1.006515
0.041787
0.241244
0.656862
0.482605
1.535622
1.492296
0.856131
2.460675
1.098468
0.988764
0.914270
1.092604
0.831610
0.976065
0.993015
0.687455
0.888218
0.589114
1.740833
0.696809
1.045716
1.043892
1.073938
1.183657
0.937821
1.320662
1.016089
1.253336
0.872977
1.198141
0.978525
1.288688
0.987874
0.863151
0.871447
0.992990
0.952365
1.044820
0.899029
1.005044
0.930598
0.749002
0.496011
1.044418
1.106688
1.309195
1.012342
0.221940
0.819059
0.982690
1.647441
1.337951
1.652999
1.273566
0.934610
1.075529
1.200932
2.775047
0.880674
1.077625
0.985369
1.000000
1.178494
0.938576
1.354331
0.614628
0.600505
0.836559
0.951919
0.922711
1.655030
0.127614
1.043390
0.762088
0.551613
0.925590
0.950713
0.865445
1.026020
2.034207
1.206588
1.003079
0.914756
0.982028
0.794599
1.055520
1.101831
1.058751
1.403965
0.851971
0.733445
1.060861
1.013993
1.437218
1.028486
0.842206
0.878388
1.288095
1.015479
1.144710
2.126596
0.992760
0.492018
1.035923
0.815299
1.324174
0.999277
0.993744
0.888051
1.182923
0.978158
0.945336
1.186149
0.669924
1.981756
0.881937
0.213690
1.684526
0.739147
1.175883
1.416817
0.864508
0.255286
0.437209
1.351248
0.901401
1.102945
0.863051
1.989307
2.978300
0.970167
0.622243
0.376522
1.420363
1.156715
1.098728
1.100253
0.957904
1.314791
1.029427
1.280962
0.929715
0.815239
0.517215
0.195915
0.726056
1.584652
0.876462
0.997248
1.364803
0.617592
0.855532
0.856741
0.917231
1.422883
1.619606
1.059100
1.027736
0.973472
0.709745
1.157109
1.489557
3.341046
0.636916
0.484935
0.960781
0.728772
0.907827
0.836633
1.064635
0.990864
0.741460
1.072567
1.268254
0.734931
0.920195
3.228834
1.014885
1.208213
0.985237
0.890104
8.524440
1.161626
0.997335
0.718361
1.280817
0.273534
0.991974
0.918186
1.018036
0.764106
0.968544
0.527895
1.874514
1.012665
0.701005
1.024442
0.938416
0.951655
0.968576
1.207854
1.014631
1.067913
0.008380
0.608714
0.042372
0.969851
1.343198
0.916311
0.243257
0.554296
1.026873
1.000000
0.723506
1.825670
1.240333
0.404257
0.942356
0.845286
0.711237
1.673396
1.023295
1.292234
0.530075
1.142631
0.863671
0.334560
0.627365
1.321988
1.377480
1.380153
1.035524
1.454222
0.259830
0.962870
0.542764
3.141451
3.877403
0.633674
0.971782
1.052870
0.041807
1.273647
0.716171
0.722499
0.280896
1.011934
1.063281
1.457138
1.295335
2.075437
2.745951
0.522204
1.474788
0.992525
0.485809
0.912658
1.264082
1.136802
1.037789
0.896770
0.508525
0.691932
1.111294
0.929862
0.908554
1.049317
0.036556
1.833773
2.939778
0.005437
0.873032
1.574201
0.771328
1.206934
0.472036
1.218515
1.034817
0.648713
1.610735
2.104637
0.801093
0.761670
1.732610
0.664998
1.090089
0.625111
1.420857
1.277177
0.935599
1.814028
1.584737
1.025310
0.945497
1.009104
0.803053
19.353241
4.801989
0.339413
1.129441
0.698019
0.948770
1.360902
0.936044
0.795648
0.841366
0.962186
1.152272
1.977779
0.904549
0.800080
0.594381
1.108514
1.054488
1.015154
2.379131
0.990173
0.928213
1.040553
0.993543
1.191119
0.722773
0.133227
1.006892
0.330852
0.691499
0.668508
3.452357
0.940694
2.526182
1.159796
0.997810
1.105944
0.837395
0.040242
0.008368
0.043037
2.695897
3.006748
1.651203
0.973075
0.763847
0.800431
2.365055
1.000000
0.951385
0.673815
0.985712
0.590327
1.221067
0.916816
1.350165
0.940741
1.893604
2.510803
0.834480
0.514158
1.172474
1.017871
2.220970
0.634105
0.953512
1.334108
0.818127
1.304001
1.000000
0.952141
1.099571
1.870356
0.970553
0.789800
0.634504
0.148024
0.819256
0.433309
0.715777
0.307150
0.942158
1.385656
0.988408
1.048846
0.591654
1.046238
0.952975
0.290779
0.784116
0.813796
0.683239
1.266727
1.022278
1.099062
1.573282
0.869833
0.151805
1.038280
0.538466
1.067078
1.009989
0.538360
1.148303
0.862238
0.727886
0.857762
2.345168
0.912513
1.333296
1.395899
1.062298
0.877812
0.794274
0.583151
1.053446
1.046603
0.683625
0.438468
0.223928
0.673578
0.673524
1.323950
1.242833
0.668044
1.142690
0.614611
1.036599
2.806616
1.105420
1.029830
0.823561
0.877634
1.123015
1.037011
1.002129
1.097233
1.156091
1.285788
1.028027
0.886899
1.155632
1.833431
0.717521
0.922606
0.201636
0.887019
0.733904
0.037325
0.655982
1.978202
1.442295
1.764998
1.031787
0.544032
1.113174
0.941635
1.299868
0.595241
0.921949
1.070883
1.115409
0.750875
1.406591
1.338518
1.082943
1.342988
0.357907
0.753937
1.019818
0.945292
1.947259
1.055023
1.018397
0.845195
0.917804
0.655387
0.811507
0.814039
1.731770
0.801767
0.968353
0.155893
1.174085
0.795325
0.431362
0.855636
0.206113
0.894394
1.038186
1.007622
1.017512
1.261367
1.708772
1.029374
1.059076
0.023699
0.623156
1.000000
0.765786
1.160960
1.185152
1.420478
2.006868
1.473120
0.164762
1.218024
0.643046
0.669802
0.738846
0.714797
1.177782
2.198063
0.778025
0.691551
1.703857
2.407012
0.780582
0.630128
1.377687
0.761747
1.557170
0.861747
1.154257
1.352025
0.846436
0.968120
2.050580
1.137643
0.733861
0.361467
0.871130
1.154741
0.963314
1.051316
2.721163
1.006944
1.847327
1.911982
0.821188
0.880385
0.619781
0.037479
0.579288
1.297034
1.272337
1.031064
1.338321
1.073046
0.769486
1.182816
0.773695
1.682083
1.464138
1.197497
0.927874
0.617117
0.731967
0.633921
1.132996
1.408271
0.523581
0.362246
1.045313
0.984093
0.895372
0.439886
1.054004
1.271946
0.576404
1.595827
0.781082
1.063545
0.383375
0.819711
0.398323
0.571566
1.273899
1.215025
0.696255
1.086043
0.366026
2.121691
0.909217
0.326758
0.829103
1.470411
1.538975
1.000000
1.003405
0.842827
1.690117
0.187981
1.005492
1.273617
1.027233
0.990170
0.545177
0.840943
1.017661
0.623035
1.166949
1.200837
0.904985
0.373744
0.848849
1.097489
0.472121
1.453615
0.146922
1.196555
0.946502
0.867474
0.416830
0.698150
0.453258
1.427375
0.253727
1.836702
1.123449
0.574586
1.087072
1.034906
0.196772
1.191402
0.774546
0.827182
1.991539
0.660238
0.008223
0.632749
0.692074
0.603648
0.855036
0.461698
0.515949
0.997998
1.444879
1.975249
0.985897
1.020748
0.252184
1.098383
0.573545
1.336373
0.763511
1.052544
1.148320
0.223506
0.597053
0.582091
0.705733
0.149894
2.215752
2.448399
1.416943
0.892104
2.599802
1.069210
0.875825
0.812439
0.536292
0.918629
0.758598
1.524153
0.105357
0.222969
0.995536
0.645171
1.625883
0.740569
0.080948
0.787713
0.809882
2.011750
1.123819
0.587770
1.028360
0.917846
0.657754
0.931910
5.602943
4.912203
1.144818
0.661502
0.962188
0.998051
0.943783
0.224710
0.625403
0.989728
0.651456
1.065886
0.235296
0.764515
1.085600
0.583034
1.063554
0.720264
0.745395
1.163812
0.781439
2.829027
0.399314
0.917178
0.761545
1.015471
0.716268
0.826420
0.788933
1.864563
1.000000
1.349984
1.102833
0.599136
0.535875
1.138047
1.110156
0.472608
1.805687
1.946614
1.207357
2.151053
0.937653
0.435117
1.366462
0.480817
0.370319
0.339893
2.210846
1.226962
1.984516
1.134837
0.518810
2.874314
0.479791
0.784109
0.550719
1.079909
0.491381
0.953383
0.824435
1.125236
1.062320
0.692475
0.228058
0.537592
1.100785
1.058960
0.410741
1.264821
0.988274
0.341446
1.104070
0.787234
0.311897
0.691284
0.469759
0.989606
1.067071
0.797304
0.957290
1.214344
0.645717
1.059826
0.853763
1.424811
0.944444
0.771328
1.779302
3.210522
0.888027
0.228778
1.265584
0.304815
0.911604
0.585330
0.978058
0.587626
1.039373
0.386395
1.901118
1.034744
0.425129
0.729497
1.041094
0.425603
1.275128
0.313362
1.039109
1.032353
0.988911
1.034898
0.995427
0.887201
0.347337
1.735866
1.225868
1.289050
0.755209
1.563632
1.637416
1.380285
1.074116
0.751701
0.786136
1.161828
1.259721
5.471919
1.066051
0.838449
0.744052
1.001709
0.841034
1.098844
2.069621
1.434528
0.348397
1.174573
2.746108
1.334647
0.378199
2.047977
0.007139
0.425315
0.945310
0.416211
1.005000
1.000000
1.305396
1.006594
0.985111
1.212612
0.909071
1.137668
1.486938
1.662615
1.893833
0.137127
2.509115
0.983707
1.195843
0.190839
0.544893
0.993896
0.397037
1.019752
0.849762
1.169114
2.491043
1.743266
0.397762
0.305865
0.768290
0.729633
0.654775
1.216942
0.935385
0.545848
0.349080
0.907088
2.247336
1.487182
0.687675
0.599674
0.527768
0.890102
0.837744
2.077461
0.420446
0.999384
0.528409
1.184512
0.414269
1.956976
0.637117
1.331600
1.688347
0.916924
1.031055
2.311837
0.324036
1.193996
0.266283
0.860152
0.854510
1.356145
0.152177
1.025126
0.465288
1.693230
0.378324
1.129081
0.831635
0.973479
1.405871
1.227863
1.948562
0.976997
0.942243
1.960172
0.957846
1.228808
0.548300
0.128628
105.779034
0.923127
1.010957
0.135090
0.910991
0.305283
0.803766
0.402552
0.513141
2.302829
1.488297
0.584048
1.238615
0.685813
1.497076
1.316350
0.360484
0.759079
0.270655
0.616776
1.009915
0.936148
0.531358
1.029193
0.171713
1.496973
1.418207
1.144895
0.748879
1.008662
1.119293
0.104738
1.037366
0.880882
0.709738
0.929013
0.135181
0.517358
1.102237
0.667305
2.362658
1.119199
0.914398
1.041462
1.300790
0.680451
0.721060
2.168265
1.042644
1.829354
0.795484
1.945506
1.053612
1.065799
0.723301
2.750523
2.338586
1.318399
0.793230
1.101767
0.517448
0.897207
0.601276
0.683235
0.632428
0.384579
1.016053
0.627160
0.088478
1.477980
1.067091
0.976704
1.032440
0.744837
0.954073
1.088494
0.460282
0.690210
0.821171
1.281318
0.918323
0.455467
0.986917
1.537082
0.551121
0.521017
0.642746
2.359349
0.448077
0.422467
1.132989
0.577524
0.928654
1.238412
1.567351
1.361482
0.875205
1.000000
0.936345
0.023922
2.760634
0.720787
1.124239
2.314751
1.074804
0.932955
0.279383
1.231248
0.625018
1.737646
3.379660
0.999152
0.751059
1.145925
0.804061
0.983695
0.923941
0.351555
0.983962
0.903606
1.071665
0.673491
0.296310
1.266677
1.027280
0.264243
3.028499
1.501078
0.714794
1.579187
0.981603
1.753587
1.206706
0.980783
0.893422
2.846351
0.805671
2.104635
0.927139
2.839972
0.691913
0.918543
0.812534
1.010012
0.454654
1.001864
0.927693
0.660407
0.957265
0.602909
1.201255
0.492836
0.991042
1.963502
1.000000
1.415762
0.172781
1.161723
0.347559
0.809447
0.671714
1.000000
1.199279
1.159001
0.789810
0.360481
1.390789
1.758993
3.091984
0.422248
1.326758
0.791277
0.858441
1.243812
0.052849
0.654810
1.758132
1.870463
0.404571
0.970590
0.102129
2.037953
0.599609
0.622204
1.729706
0.892487
0.833857
0.101788
0.774849
1.479677
0.105006
0.925197
2.386313
0.412076
0.027375
0.654339
1.474301
0.958629
0.974731
1.902656
1.788266
0.814843
0.960411
0.750660
1.754976
0.431038
0.897192
0.912259
0.615200
0.584861
0.882583
0.973153
2.292800
0.399172
2.791992
0.163144
0.980541
0.552712
1.263878
0.138954
2.750569
1.180534
2.103386
2.758261
0.060852
0.458449
0.475201
1.009541
0.564163
0.707348
2.455171
0.893384
0.211152
0.115084
0.239004
1.841213
1.203465
1.150186
1.293564
0.321626
0.907803
1.029138
0.664322
0.026744
0.692628
1.069323
0.497212
1.015902
6.422238
0.596981
1.882348
1.002643
0.423149
0.658171
0.463293
0.596058
1.129861
0.937222
0.221440
1.255850
0.528338
0.650575
1.741479
0.875085
1.265850
0.924277
0.931293
1.655152
1.625394
1.707288
1.073703
1.266493
0.922103
0.796429
1.833839
0.279329
1.368941
0.651098
0.999875
0.836883
0.872350
0.509462
0.998127
0.278414
0.917484
0.320202
0.927790
1.807142
0.355237
0.835486
0.485871
1.101067
0.375766
0.621020
1.077257
1.085027
0.109651
0.461205
0.455885
0.774588
0.543066
1.644481
0.663954
0.966074
1.443431
0.443859
1.791900
0.382056
0.111845
1.574611
0.426427
0.518314
0.575298
0.704051
0.657343
0.226238
1.622331
1.105342
0.580933
0.875775
0.672030
1.284379
1.014363
0.635447
1.520537
0.146662
1.990918
0.701961
2.865285
0.740585
1.154046
1.519965
0.702495
1.088582
0.594839
1.693718
0.606319
0.485454
0.918673
0.717171
2.482980
2.601556
2.059079
0.716742
0.840530
1.096968
0.004947
1.597981
0.894336
0.537477
1.550705
0.095151
1.092138
0.351281
0.173246
1.068162
1.233047
1.227220
0.783332
1.889283
1.000000
2.079012
2.641129
5.760367
1.127070
0.399224
0.609520
0.173903
0.384203
1.405892
0.565991
0.325330
0.336317
0.600760
0.947468
1.097357
1.605988
0.581749
1.098780
0.079259
0.696067
0.578733
0.640443
0.564681
0.532771
4.029283
0.513163
0.453421
0.692975
0.481152
0.997785
0.688823
0.392933
0.882745
0.472018
1.491355
0.441823
1.506721
1.119602
0.503921
1.629516
0.315144
0.844240
0.984097
0.464640
0.586965
1.079739
1.105113
0.625876
0.642379
0.928503
1.952665
0.295517
0.479261
1.077460
0.670078
0.289776
0.713851
2.085822
0.395654
0.325339
0.605568
18.872226
0.212067
0.177577
0.238843
3.109609
0.517125
1.344604
0.991664
0.493776
1.068373
0.308640
0.909131
0.310917
1.171425
0.430132
0.781560
1.688451
0.284147
1.205082
1.000745
0.433119
0.624058
0.440565
0.487946
1.030332
0.999813
1.003985
0.138551
1.727167
1.221211
0.701887
1.621435
0.679513
1.606442
0.024136
0.704797
0.144295
0.096948
1.534332
0.283781
0.679361
1.497123
0.857987
0.536916
0.533859
0.513489
1.156125
0.141501
0.648463
0.913863
0.929363
1.018595
0.411111
0.363818
2.086590
0.547391
0.133766
0.659352
0.514717
0.974300
0.518635
0.170233
1.031583
1.490516
2.587878
1.614157
1.221366
0.843823
0.405111
1.157895
0.411521
0.788283
4.152584
1.422427
0.307033
1.079310
1.487094
0.818351
0.881108
1.361771
0.555599
0.954921
0.487000
0.913436
1.832575
0.994728
0.745022
1.901347
1.244635
0.289663
0.730963
1.092396
0.359521
0.133770
0.366945
2.616091
0.729963
0.803529
0.534580
1.221370
2.921250
0.890751
4.533651
0.282207
1.002290
0.397325
1.064329
0.894573
0.337059
0.900745
0.417445
0.891816
0.386426
0.481127
0.959552
1.007428
0.530687
1.029058
1.554877
0.524588
0.584224
0.441819
1.165598
4.821207
1.268750
0.590359
0.840793
0.533636
2.445957
0.343761
2.719277
0.426570
1.039675
1.145276
0.297635
0.643801
1.855154
6.447126
0.355915
0.290549
0.518260
0.706050
0.969103
0.595220
0.544299
0.389061
0.346495
1.256463
0.766522
0.626076
0.659069
1.056749
0.413096
0.080362
1.048988
0.701731
1.071661
1.043856
0.418631
1.626352
0.506323
0.294481
1.460431
0.896428
0.802137
0.662355
0.669207
1.771394
1.062757
1.616873
1.334178
1.221185
1.220384
0.950179
0.890881
0.379922
1.057706
0.581380
0.730163
0.725883
0.236807
1.428807
0.896272
0.768110
1.541696
0.891928
1.577009
0.331341
1.146775
2.561445
0.174947
0.548604
1.009140
0.424796
1.338782
0.916360
0.939219
0.988625
0.701253
2.348142
0.109599
10.660022
0.575607
1.525201
0.869842
0.798714
0.266938
1.133583
0.809263
2.140064
0.727057
1.158930
1.029886
1.006786
0.859211
4.148314
1.308804
1.045212
0.310199
1.172537
0.817823
0.825946
0.261522
0.475414
0.613072
0.618471
0.142492
0.316715
0.161856
0.791202
0.341318
0.181916
1.088325
1.094574
0.539532
0.366761
0.583150
1.274618
1.292960
0.856828
0.106463
0.403391
2.538678
0.494560
1.147838
0.906786
1.323911
6.837381
0.474202
0.392072
1.112634
0.212190
1.165372
0.738450
0.911365
0.307543
0.740876
1.190526
0.548754
1.409617
1.286013
0.802357
0.130432
0.478843
0.502509
0.578242
1.561000
0.861404
0.950003
1.803592
0.999248
1.162021
0.073810
1.009593
2.515856
1.836387
0.557162
1.135554
1.045832
0.780454
0.466597
0.677820
0.953570
1.048034
0.435820
1.032282
0.837452
0.800518
7.040683
2.031294
1.041632
1.531971
0.487498
3.934773
1.494399
1.925915
2.245526
0.512959
0.621503
0.513014
1.796610
0.031259
0.903076
0.275325
0.525311
0.387587
2.555922
0.379428
0.157292
1.019702
0.100318
0.830146
0.714132
0.188648
1.332830
0.897547
1.085894
0.639825
0.864199
0.386718
0.447090
0.052785
0.716576
0.930372
0.327188
0.374670
1.401709
0.146321
0.794193
2.513805
0.914524
0.213346
0.756021
0.331945
0.189111
0.427895
0.783544
1.063117
0.504352
0.923972
0.895292
1.808909
1.082754
0.905208
0.375128
3.366459
0.904769
2.195630
2.741931
1.048402
1.820648
1.021386
0.994355
1.139528
3.643226
0.076966
0.066431
0.713422
1.137210
1.715809
0.846017
0.906543
0.487689
0.542446
1.189341
0.269698
0.440407
1.463809
0.483883
1.222955
0.220482
1.181319
1.727987
0.292722
0.101783
1.975190
0.981377
0.529685
0.272538
1.042318
0.419970
1.394370
0.823540
0.506593
0.898377
1.044105
1.407980
1.034531
0.198883
3.028166
0.947786
0.863298
0.673096
1.568841
2.089803
0.474102
1.199608
0.634022
0.629576
1.000000
0.021699
0.358557
0.726383
0.860115
0.912040
1.215900
0.858806
1.405435
0.727740
0.296170
1.422356
0.253055
1.277827
0.128118
0.302600
1.057031
1.111137
1.128062
1.006696
0.934686
2.055480
0.789774
0.489785
0.811827
0.799169
1.271635
1.437660
0.594689
1.027212
0.679877
1.932477
0.438012
0.302338
1.087174
0.468566
0.631476
0.438929
0.436713
1.062466
0.224734
0.209659
0.018544
1.726594
2.468237
2.744161
0.562277
0.389889
0.210974
0.837672
0.908475
1.103604
0.337857
2.545044
0.435394
0.731017
0.299249
3.475063
0.162426
0.288751
0.456652
0.601338
1.460719
1.016075
1.633616
0.262320
0.575360
3.386810
0.389891
1.196481
0.973902
0.466540
0.077054
0.968422
0.032392
0.344966
1.055527
0.503953
0.324107
1.305584
0.233979
1.074775
0.974096
1.359660
1.264483
0.603721
1.159919
1.115113
2.372869
0.825254
0.841140
1.153626
0.123095
1.533685
0.952806
0.986106
0.672590
1.230040
1.201441
0.186017
0.304117
1.181731
0.695445
0.644671
0.861866
0.783974
1.579258
1.839109
1.094485
0.437364
0.989818
0.273001
0.041719
0.979084
0.790765
0.394507
0.311681
0.826602
1.027531
0.806374
0.391154
0.232232
0.817901
1.067534
1.029473
1.105694
3.802560
0.746786
0.645368
1.036455
2.537943
1.211797
0.676294
1.048850
0.238217
0.953237
1.457269
0.948167
0.190635
5.229006
0.838036
2.133831
0.426685
2.076592
3.275275
0.496384
0.301396
2.491796
1.010952
0.896347
1.456554
0.511655
1.125412
0.710640
3.313030
0.017150
1.114009
0.412175
1.549359
1.720046
1.454881
1.000000
0.643537
0.523416
6.076983
0.621026
1.841039
2.231193
1.060025
0.619162
0.609927
0.506779
1.050654
0.440790
1.136337
5.707691
0.171009
0.503762
1.204964
1.014489
0.775548
1.075751
0.331912
1.648963
1.553495
0.947474
0.763000
0.276000
1.141088
0.129460
0.987412
0.420561
0.136671
1.352231
0.340807
0.399880
0.353165
1.099406
0.787882
0.368408
0.464322
0.292585
0.269045
1.160969
0.764435
0.629890
0.244695
0.253933
0.636784
0.961548
0.029292
0.841443
0.720624
0.047310
0.941917
1.588350
0.713245
0.568638
0.677084
0.379259
0.169309
0.970052
0.362953
0.235929
1.000370
0.595505
0.307969
1.262153
0.266930
0.583534
1.160007
0.241915
0.102300
1.037712
0.022619
0.377435
0.193047
3.851533
0.718347
0.392258
0.917609
0.976816
0.256874
1.235609
0.809911
0.826725
0.946138
0.984975
0.433245
1.685415
6.457976
0.765613
0.253430
0.414676
0.223088
0.954906
0.906835
0.501427
0.418633
0.740214
1.004335
0.560671
0.645418
0.115822
1.122131
1.197221
0.997826
3.067306
0.991585
2.062073
0.061799
0.295460
0.461611
1.323437
1.002965
0.803397
0.311921
0.532137
0.736265
1.396808
0.466733
1.347613
0.269159
1.035075
6.302643
0.738298
2.105318
0.600434
0.924848
0.622055
2.249010
0.122048
0.420753
0.884171
0.673329
0.306036
0.087237
1.008165
1.305703
1.482551
0.733398
0.969979
2.242008
1.021830
0.119818
1.207693
1.068694
0.972194
0.208568
2.792088
0.346256
1.756217
0.352255
1.171342
0.722343
0.500351
0.437693
1.696558
23.498078
0.948663
0.082764
0.335992
1.024213
0.140252
1.063383
0.832138
1.178015
1.377085
0.216939
0.927986
0.718398
0.981552
0.808953
0.500720
0.961698
0.991794
0.540054
1.139807
0.775355
0.578317
1.531271
0.685743
1.552104
5.992334
0.468457
1.058827
0.174918
0.569927
1.030514
0.120194
0.778686
0.482102
0.969707
1.185586
0.555374
0.906818
0.603118
1.026509
0.599931
0.657487
0.110290
0.299117
0.787024
0.729722
0.893306
1.144710
1.316756
0.843823
3.388417
0.479704
1.059023
3.956671
0.895132
1.263319
0.162674
0.804602
0.714907
0.994432
2.179794
1.071165
0.836887
0.332079
0.144639
0.527842
1.104076
1.025183
0.357845
0.653309
0.258507
1.690684
0.658084
0.481019
0.022820
0.902388
0.450124
0.269128
4.030390
1.782185
1.008744
1.419313
0.965819
0.539010
0.537622
0.893752
1.811526
3.703587
1.660947
0.309373
1.116749
1.559351
0.372474
1.629618
0.998751
1.083238
1.974282
0.140714
1.019647
0.295319
1.213362
2.945266
0.795665
0.201839
0.310219
1.013770
1.041991
2.607373
1.260815
0.809757
0.962224
0.804842
0.690138
1.097950
0.991587
1.823062
0.664836
0.941262
0.672662
0.969827
0.149547
1.115356
0.971828
0.504125
0.958041
0.982284
0.637527
7.763800
0.914578
0.342895
7.444133
0.241780
1.097955
0.723225
0.010466
0.569991
0.840572
0.182433
0.034800
1.228747
0.581180
0.765811
0.665838
1.651879
0.963708
0.658806
0.602059
0.629132
0.488075
0.062102
0.861510
0.582650
1.071833
3.630305
0.058580
0.176897
0.070726
0.526145
1.200728
1.395626
2.577823
1.312477
0.666020
1.266817
1.096500
1.440024
1.043370
0.885269
2.387222
0.960473
0.517376
0.887782
0.995854
1.212843
0.554021
0.310464
0.993071
0.782814
1.022089
1.020348
1.462924
0.360403
0.082223
0.843889
0.467109
0.798518
0.493129
0.619950
0.754802
0.999614
0.863259
0.678236
0.873674
0.690223
1.039823
1.973608
0.992353
0.251495
0.358486
0.653317
0.725719
0.702871
1.464049
1.164443
0.675021
0.939666
1.109320
0.399401
0.997209
1.080121
1.768374
2.601614
0.605011
0.270418
1.012436
1.596908
2.522312
0.683965
0.177268
0.810254
0.388230
0.881007
5.771046
0.633130
1.452327
0.947189
0.927913
1.309383
0.828627
0.571512
0.461969
0.507920
0.939316
0.597985
1.405592
0.653567
0.483183
2.786803
0.966935
0.923370
0.485480
0.252122
0.170588
0.616784
0.638700
1.188841
1.063875
0.277255
0.753578
8.262655
0.542611
1.941566
0.999999
13.421206
0.122946
2.519386
1.257054
0.268175
0.951437
0.698789
0.857615
3.408004
0.378372
0.970174
3.941627
0.347596
0.257866
0.020816
1.198947
0.940614
0.775342
0.210156
0.932121
0.445403
1.005599
0.075535
0.413829
0.955063
0.272200
1.411855
2.788960
1.430482
1.546066
0.753922
1.457586
1.122120
0.012204
0.811386
0.394973
1.230669
0.477391
0.642607
0.979998
0.739726
0.224061
0.522857
0.609356
1.883890
1.581738
0.956360
1.047274
0.856486
543.717895
3.957131
0.008762
0.220400
2.619458
1.002797
0.957752
5.142667
0.090056
1.526788
1.520721
0.248654
2.887959
6.744052
1.047656
1.015783
0.086915
1.718143
0.880130
1.019331
0.143358
0.860904
0.481663
4.548725
1.044290
0.908367
1.314802
0.243448
0.885077
0.837643
0.485135
1.149748
0.981532
0.562667
0.794955
0.738509
1.180897
1.752784
2.171025
1.161946
0.253811
0.261403
0.911595
0.627281
0.804694
0.672481
0.393320
0.751462
0.268497
0.281879
1.383962
0.447331
0.378560
0.029683
0.596024
1.313016
0.566651
0.444982
0.883372
0.823937
1.222024
0.283536
0.650110
0.529846
1.093371
0.263830
0.772990
0.860422
0.167989
5.274119
0.496873
0.747475
1.374308
0.842996
1.147436
0.693491
1.075936
1.942001
0.897501
0.185544
1.116722
0.661369
0.829484
0.734679
0.537317
1.421497
0.017389
1.340602
0.797160
0.131666
0.047387
1.701532
3.114821
0.577232
2.317244
0.892083
0.274849
0.540234
1.240891
0.915456
0.094928
0.489149
2.268022
1.045512
2.421903
0.114169
0.383073
1.459635
0.416740
1.255047
0.333548
0.161212
1.142901
0.157877
0.072122
0.378820
0.592095
0.800846
0.986563
0.639028
0.890579
0.687716
0.784807
1.045197
0.218121
0.919150
0.436031
1.377785
0.144427
0.018000
0.224731
0.574811
1.120709
3.547400
0.101376
0.431037
0.627196
0.330856
0.003549
1.452319
3.702104
1.436421
0.716710
1.319103
0.444482
1.770169
0.928391
0.076799
1.009784
0.347759
0.366473
0.406351
0.002927
1.392913
2.629583
19.770846
1.755723
1.717403
0.468052
0.258946
0.766444
0.874185
0.459220
0.105678
3.916400
0.952657
0.391526
2.552838
0.148743
0.862171
0.005407
0.170206
0.169141
0.359806
0.081782
1.148314
1.450128
0.551150
0.894740
0.297141
0.317865
2.237759
0.296445
1.181243
0.021369
1.665368
0.277440
0.710063
1.531148
0.392470
0.298290
0.271314
0.965456
0.039680
0.592946
0.223344
2.159784
0.207476
0.828671
0.017994
0.281278
0.225462
0.560273
0.273042
0.644231
0.823094
0.983084
0.296232
2.127184
0.760850
0.096210
0.016377
0.213340
1.000000
0.898348
1.082979
0.803469
0.408665
0.335612
1.749541
0.820804
0.074351
0.736962
1.312011
0.353902
0.016762
0.198269
0.299644
0.310782
1.383201
0.673129
0.167488
3.925357
0.538533
0.002294
20.606359
0.042399
0.095348
0.008631
0.314828
0.039451
0.211403
0.199604
0.237705
0.841021
0.056749
1.331129
1.527976
1.031314
0.279455
1.053178
0.249599
0.133690
1.108495
9.366308
0.009459
0.334734
0.596079
4.323108
0.466698
0.100782
0.094048
1.031425
0.021973
0.363749
0.146380
2.152858
0.089884
0.201351
0.416105
0.025796
0.617736
0.008491
0.459870
0.211632
4.654621
0.260322
0.744445
0.574301
0.353272
0.364950
0.856496
0.255322
0.040528
0.387854
0.059432
0.410254
0.007281
0.695904
0.046168
0.045234
0.169659
4.745568
0.213972
0.388473
0.296649
1.302772
2.508540
0.036262
0.008169
0.862839
12.553260
0.168266
0.194520
1.027458
0.177879
0.499045
0.377892
0.894289
0.314363
0.618751
0.249943
0.766103
0.488457
0.553767
0.001093
0.941022
0.218305
1.137077
0.073627
0.076516
0.188968
0.242908
0.002379
2.535135
2.269916
2.023237
0.145492
1.680582
0.975658
0.258882
0.231528
0.027799
0.003992
0.808411
0.319807
0.212225
0.336259
0.491308
0.006578
0.140767
4.425830
0.063595
0.497046
5.310760
0.662279
1.002231
1.081717
1.709542
0.108834
0.949056
0.006939
0.484244
1.539969
0.081463
1.472859
0.327354
0.036782
0.112252
0.090574
1.675368
3.226152
0.179965
0.826546
0.173391
0.191117
2.908712
0.017440
0.421033
1.115748
0.434800
0.859520
0.050945
0.286987
0.000012
0.682771
0.284239
1.034860
0.984664
0.199627
0.033921
0.348194
0.285945
0.137673
0.247863
2.074182
1.310333
1.024449
0.495122
0.053092
0.020597
0.927370
0.021550
0.399363
0.001202
0.279540
1.022445
0.114549
1.780231
0.032374
0.039919
0.441016
1.009022
0.008667
0.073110
0.147679
0.318228
0.354706
0.014365
69.505793
5.244363
0.294329
0.768679
0.890156
0.621202
2.420513
0.019318
0.180946
0.130106
0.349681
0.072984
0.402829
0.803053
0.090708
0.324492
0.522527
0.405045
3.088765
1.067998
0.991239
0.034242
1.109494
1.210786
0.337050
0.060486
1.302670
0.093376
0.023484
1.842929
0.296380
0.537889
5.493857
0.167517
0.190282
0.249402
0.161213
0.051308
1.735650
0.063061
1.224471
0.912742
1.267703
0.001643
0.066516
0.245797
0.066228
0.524472
0.027357
1.939745
3.689508
1.129162
0.303810
0.164655
0.118108
0.288136
0.551712
0.129801
0.007555
0.011620
0.078906
1.243188
0.018352
0.110015
0.222761
1.017517
0.070256
1.183614
0.056347
1.109345
2.318305
0.028259
0.505342
2.206929
0.105004
1.648655
14.973145
0.273615
1.513662
0.919131
0.058180
0.500358
0.884667
0.155049
0.084506
0.283879
0.778685
0.084697
1.366996
0.690838
0.712483
1.524818
1.075744
4.959405
0.146615
0.136290
0.067983
0.151779
0.572267
0.585063
0.051112
10.369846
1.373943
0.266480
1.736292
0.090244
0.920918
0.423090
28.685077
0.054107
2.074084
0.004668
3.080229
0.004050
2.819911
0.534378
5.977184
0.371863
0.003292
0.294678
0.350719
0.060775
2.017728
0.000196
0.016072
0.637055
0.532022
1.349445
0.291368
0.044697
0.463780
0.010790
0.146694
0.021157
0.743353
0.017213
0.331089
0.015863
0.472409
0.134631
0.054273
4.255110
0.000110
0.000699
0.488828
1.168758
4.213029
0.279167
0.006816
0.195464
0.035279
0.016571
2.530383
0.327197
0.010696
1.235498
1.391322
0.018520
0.309855
2.535660
0.123724
0.006506
0.229059
1.303088
0.000094
0.836483
0.315591
0.879659
7.035516
1.464957
0.694351
2.968815
0.225994
0.054786
1.626292
0.018132
0.797483
0.777053
0.556227
1.013577
0.236774
0.610362
0.592898
0.944581
0.020541
0.077929
3.461374
0.028756
1.047011
0.117406
0.106523
0.349740
0.452773
1.493910
0.498261
0.255087
0.025691
1.622043
0.603168
0.418199
0.883166
0.745885
0.073515
8.502516
0.005236
0.838213
0.052322
1.472264
0.780764
0.023572
0.914562
0.466826
0.069224
0.006258
0.167054
0.472085
1.466995
0.044199
0.001910
0.532703
0.176312
1.063892
0.241603
0.424390
0.006553
0.001895
0.609433
0.000018
0.161221
0.008716
0.493141
55.906754
0.014488
0.079380
0.344093
0.300828
0.036743
0.577730
7.266715
0.017510
0.749427
0.098670
1.292285
0.111283
7.148231
3.436023
0.005907
0.489366
0.317028
0.025022
0.227770
0.272582
0.204916
0.804992
0.020634
0.006283
2.517656
0.137050
2.779846
0.195012
0.021606
0.311477
0.439858
1.166121
0.116149
0.160289
0.028573
0.562670
0.716818
1.730661
0.592264
0.127457
0.049166
0.598695
2.993532
0.003863
0.001230
0.040434
0.224787
0.679407
0.081057
0.517670
0.220791
1.859516
0.015049
0.693556
0.252652
0.154770
0.941069
0.024554
0.476215
1.049523
3.991297
2.486079
0.020925
1.257826
0.275537
0.007076
0.728429
0.720800
0.000616
1.420675
3.478754
1.503287
0.095394
0.070459
1.002945
0.602246
1.373875
0.084334
0.000208
0.003591
0.856854
0.007300
0.013894
0.014094
3.267547
0.000610
0.085455
1.146259
0.000251
0.019242
0.396563
0.046510
0.567528
0.080917
0.181141
0.545845
0.102125
1.059927
0.018468
0.942258
0.769663
0.587207
0.103122
4.251051
0.112607
0.556612
1.212587
0.088716
0.574921
0.490319
0.493644
0.126290
0.438171
0.002599
1.190402
0.720405
1.310076
0.150250
0.004333
0.091978
0.862418
0.118457
0.694067
0.007070
0.025892
0.015547
1.736923
0.001096
0.063003
0.360664
0.800421
3.631271
0.211415
0.027731
1.135920
0.292821
0.044277
0.645510
1.573950
0.809827
0.220160
4.571922
0.578977
0.000878
0.179102
0.215726
1.067570
0.431540
0.170897
1.093099
0.031938
0.503071
0.714261
0.749137
1.387534
0.011410
0.009018
0.087666
0.595244
0.036342
0.106485
0.000383
0.096587
0.047412
3.401091
0.242195
0.028409
1.296675
1.930267
34499206.408660
0.198675
2.777227
0.372435
0.045709
0.023006
5.156434
3.108925
0.004961
0.711544
0.059790
0.004125
0.059885
0.062156
0.000000
0.000000
0.000000
0.000000
0.000000
0.000000
0.000000
0.000000
0.000000
0.000000
0.000000
0.000000
0.000000
0.000000
0.000000
0.000000
0.000000
0.000000
0.000000
0.000000
0.000000
0.000000
0.000000
0.000000
0.000000
0.000000
0.000000
0.000000
0.000000
0.000000
0.000000
0.000000
0.000000
0.000000
0.000000
0.000000
0.000000
0.000000
0.000000
0.000000
0.000000
0.000000
0.000000
0.000000
0.000000
0.000000
0.000000
0.000000
0.000000
0.000000
0.000000
0.000000
0.000000
0.000000
0.000000
0.000000
0.000000
0.000000
0.000000
0.000000
0.000000
0.000000
0.000000
0.000000
0.000000
0.000000
0.000000
0.000000
0.000000
0.000000
0.000000
0.000000
0.000000
0.000000
0.000000
0.000000
0.000000
0.000000
0.000000
0.000000
0.000000
0.000000
0.000000
0.000000
0.000000
0.000000
0.000000
0.000000
0.000000
0.000000
0.000000
0.000000
0.000000
0.000000
0.000000
0.000000
0.000000
0.000000
0.000000
0.000000
0.000000
0.000000
0.000000
0.000000
0.000000
0.000000
0.000000
0.000000
0.000000
0.000000
0.000000
0.000000
0.000000
0.000000
0.000000
0.000000
0.000000
-1.#IND00
0.000000
0.000000
0.000000
0.000000
0.000000
0.000000
0.000000
0.000000
0.000000
0.000000
-1.#IND00
-1.#IND00
-1.#IND00
-1.#IND00
-1.#IND00
-1.#IND00
-1.#IND00
-1.#IND00
-1.#IND00
-1.#IND00
-1.#IND00
-1.#IND00
-1.#IND00
-1.#IND00
-1.#IND00
-1.#IND00
-1.#IND00
-1.#IND00
-1.#IND00
-1.#IND00
-1.#IND00
-1.#IND00
-1.#IND00
-1.#IND00
-1.#IND00
-1.#IND00
-1.#IND00
-1.#IND00
-1.#IND00
-1.#IND00
-1.#IND00
-1.#IND00
-1.#IND00
-1.#IND00
-1.#IND00
-1.#IND00
-1.#IND00
-1.#IND00
-1.#IND00
-1.#IND00
-1.#IND00
-1.#IND00
-1.#IND00
-1.#IND00
-1.#IND00
-1.#IND00
-1.#IND00
-1.#IND00
-1.#IND00
-1.#IND00
-1.#IND00
-1.#IND00
-1.#IND00
-1.#IND00
-1.#IND00
-1.#IND00
-1.#IND00
-1.#IND00
-1.#IND00
-1.#IND00
-1.#IND00
-1.#IND00
-1.#IND00
-1.#IND00
-1.#IND00
-1.#IND00
-1.#IND00
-1.#IND00
-1.#IND00
-1.#IND00
-1.#IND00
-1.#IND00
-1.#IND00
-1.#IND00
-1.#IND00
-1.#IND00
-1.#IND00
-1.#IND00
-1.#IND00
-1.#IND00
-1.#IND00
-1.#IND00
-1.#IND00
-1.#IND00
-1.#IND00
-1.#IND00
-1.#IND00
-1.#IND00
-1.#IND00
-1.#IND00
-1.#IND00
-1.#IND00
-1.#IND00
-1.#IND00
-1.#IND00
-1.#IND00
-1.#IND00
-1.#IND00
-1.#IND00
-1.#IND00
-1.#IND00
-1.#IND00
-1.#IND00
-1.#IND00
-1.#IND00
-1.#IND00
-1.#IND00
-1.#IND00
-1.#IND00
-1.#IND00
-1.#IND00
-1.#IND00
-1.#IND00
-1.#IND00
-1.#IND00
-1.#IND00
-1.#IND00
-1.#IND00
-1.#IND00
-1.#IND00
-1.#IND00
-1.#IND00
-1.#IND00
-1.#IND00
-1.#IND00
-1.#IND00
-1.#IND00
-1.#IND00
-1.#IND00
-1.#IND00
-1.#IND00
-1.#IND00
-1.#IND00
-1.#IND00
-1.#IND00
-1.#IND00
-1.#IND00
-1.#IND00
-1.#IND00
-1.#IND00
-1.#IND00
-1.#IND00
-1.#IND00
-1.#IND00
-1.#IND00
-1.#IND00
-1.#IND00
-1.#IND00
-1.#IND00
-1.#IND00
-1.#IND00
-1.#IND00
-1.#IND00
-1.#IND00
-1.#IND00
-1.#IND00
-1.#IND00
-1.#IND00
-1.#IND00
-1.#IND00
-1.#IND00
-1.#IND00
-1.#IND00
-1.#IND00
-1.#IND00
-1.#IND00
-1.#IND00
-1.#IND00
-1.#IND00
-1.#IND00
-1.#IND00
-1.#IND00
-1.#IND00
-1.#IND00
-1.#IND00
-1.#IND00
-1.#IND00
-1.#IND00
-1.#IND00
-1.#IND00
-1.#IND00
-1.#IND00
-1.#IND00
-1.#IND00
-1.#IND00
-1.#IND00
-1.#IND00
-1.#IND00
-1.#IND00
-1.#IND00
-1.#IND00
-1.#IND00
-1.#IND00
-1.#IND00
-1.#IND00
-1.#IND00
-1.#IND00
-1.#IND00
-1.#IND00
-1.#IND00
-1.#IND00
-1.#IND00
-1.#IND00
-1.#IND00
-1.#IND00
-1.#IND00
-1.#IND00
-1.#IND00
-1.#IND00
-1.#IND00
-1.#IND00
-1.#IND00
-1.#IND00
-1.#IND00
-1.#IND00
-1.#IND00
-1.#IND00
-1.#IND00
-1.#IND00
-1.#IND00
-1.#IND00
-1.#IND00
-1.#IND00
-1.#IND00
-1.#IND00
-1.#IND00
-1.#IND00
-1.#IND00
-1.#IND00
-1.#IND00
-1.#IND00
-1.#IND00
-1.#IND00
-1.#IND00
-1.#IND00
-1.#IND00
-1.#IND00
-1.#IND00
-1.#IND00
-1.#IND00
-1.#IND00
-1.#IND00
-1.#IND00
-1.#IND00
-1.#IND00
-1.#IND00
-1.#IND00
-1.#IND00
-1.#IND00
-1.#IND00
-1.#IND00
-1.#IND00
-1.#IND00
-1.#IND00
-1.#IND00
-1.#IND00
-1.#IND00
-1.#IND00
-1.#IND00
-1.#IND00
-1.#IND00
-1.#IND00
-1.#IND00
-1.#IND00
-1.#IND00
-1.#IND00
-1.#IND00
-1.#IND00
-1.#IND00
-1.#IND00
-1.#IND00
-1.#IND00
-1.#IND00
-1.#IND00
-1.#IND00
-1.#IND00
-1.#IND00
-1.#IND00
-1.#IND00
-1.#IND00
-1.#IND00
-1.#IND00
-1.#IND00
-1.#IND00
-1.#IND00
-1.#IND00
-1.#IND00
-1.#IND00
-1.#IND00
-1.#IND00
-1.#IND00
-1.#IND00
-1.#IND00
-1.#IND00
-1.#IND00
-1.#IND00
-1.#IND00
-1.#IND00
-1.#IND00
-1.#IND00
-1.#IND00
-1.#IND00
-1.#IND00
-1.#IND00
-1.#IND00
-1.#IND00
-1.#IND00
-1.#IND00
-1.#IND00
-1.#IND00
-1.#IND00
-1.#IND00
-1.#IND00
-1.#IND00
-1.#IND00
-1.#IND00
-1.#IND00
-1.#IND00
-1.#IND00
-1.#IND00
-1.#IND00
-1.#IND00
-1.#IND00
-1.#IND00
-1.#IND00
-1.#IND00
-1.#IND00
-1.#IND00
-1.#IND00
-1.#IND00
-1.#IND00
-1.#IND00
-1.#IND00
-1.#IND00
-1.#IND00
-1.#IND00
-1.#IND00
-1.#IND00
-1.#IND00
-1.#IND00
-1.#IND00
-1.#IND00
-1.#IND00
-1.#IND00
-1.#IND00
-1.#IND00
-1.#IND00
-1.#IND00
-1.#IND00
-1.#IND00
-1.#IND00
-1.#IND00
-1.#IND00
-1.#IND00
-1.#IND00
-1.#IND00
-1.#IND00
-1.#IND00
-1.#IND00
-1.#IND00
-1.#IND00
-1.#IND00
-1.#IND00
-1.#IND00
-1.#IND00
-1.#IND00
-1.#IND00
-1.#IND00
-1.#IND00
-1.#IND00
-1.#IND00
-1.#IND00
-1.#IND00
-1.#IND00
-1.#IND00
-1.#IND00
-1.#IND00
-1.#IND00
-1.#IND00
-1.#IND00
-1.#IND00
-1.#IND00
-1.#IND00
-1.#IND00
-1.#IND00
-1.#IND00
-1.#IND00
-1.#IND00
-1.#IND00
-1.#IND00
-1.#IND00
-1.#IND00
-1.#IND00
-1.#IND00
-1.#IND00
-1.#IND00
-1.#IND00
-1.#IND00
-1.#IND00
-1.#IND00
-1.#IND00
-1.#IND00
-1.#IND00
-1.#IND00
-1.#IND00
-1.#IND00
-1.#IND00
-1.#IND00
-1.#IND00
-1.#IND00
-1.#IND00
-1.#IND00
-1.#IND00
-1.#IND00
-1.#IND00
-1.#IND00
-1.#IND00
-1.#IND00
-1.#IND00
-1.#IND00
-1.#IND00
-1.#IND00
-1.#IND00
-1.#IND00
-1.#IND00
-1.#IND00
-1.#IND00
-1.#IND00
-1.#IND00
-1.#IND00
-1.#IND00
-1.#IND00
-1.#IND00
-1.#IND00
-1.#IND00
-1.#IND00
-1.#IND00
-1.#IND00
-1.#IND00
-1.#IND00
-1.#IND00
-1.#IND00
-1.#IND00
-1.#IND00
-1.#IND00
-1.#IND00
-1.#IND00
-1.#IND00
-1.#IND00
-1.#IND00
-1.#IND00
-1.#IND00
-1.#IND00
-1.#IND00
-1.#IND00
-1.#IND00
-1.#IND00
-1.#IND00
-1.#IND00
-1.#IND00
-1.#IND00
-1.#IND00
-1.#IND00
-1.#IND00
-1.#IND00
-1.#IND00
-1.#IND00
-1.#IND00
-1.#IND00
-1.#IND00
-1.#IND00
-1.#IND00
-1.#IND00
-1.#IND00
-1.#IND00
-1.#IND00
-1.#IND00
-1.#IND00
-1.#IND00
-1.#IND00
-1.#IND00
-1.#IND00
-1.#IND00
-1.#IND00
-1.#IND00
-1.#IND00
-1.#IND00
-1.#IND00
-1.#IND00
-1.#IND00
-1.#IND00
-1.#IND00
-1.#IND00
-1.#IND00
-1.#IND00
-1.#IND00
-1.#IND00
-1.#IND00
-1.#IND00
-1.#IND00
-1.#IND00
-1.#IND00
-1.#IND00
-1.#IND00
-1.#IND00
-1.#IND00
-1.#IND00
-1.#IND00
-1.#IND00
-1.#IND00
-1.#IND00
-1.#IND00
-1.#IND00
-1.#IND00
-1.#IND00
-1.#IND00
-1.#IND00
-1.#IND00
-1.#IND00
-1.#IND00
-1.#IND00
-1.#IND00
-1.#IND00
-1.#IND00
-1.#IND00
-1.#IND00
-1.#IND00
-1.#IND00
-1.#IND00
-1.#IND00
-1.#IND00
-1.#IND00
-1.#IND00
-1.#IND00
-1.#IND00
-1.#IND00
-1.#IND00
-1.#IND00
-1.#IND00
-1.#IND00
-1.#IND00
-1.#IND00
-1.#IND00
-1.#IND00
-1.#IND00
-1.#IND00
-1.#IND00
-1.#IND00
-1.#IND00
-1.#IND00
-1.#IND00
-1.#IND00
-1.#IND00
-1.#IND00
-1.#IND00
-1.#IND00
-1.#IND00
-1.#IND00
-1.#IND00
-1.#IND00
-1.#IND00
-1.#IND00
-1.#IND00
-1.#IND00
-1.#IND00
-1.#IND00
-1.#IND00
-1.#IND00
-1.#IND00
-1.#IND00
-1.#IND00
-1.#IND00
-1.#IND00
-1.#IND00
-1.#IND00
-1.#IND00
-1.#IND00
-1.#IND00
-1.#IND00
-1.#IND00
-1.#IND00
-1.#IND00
-1.#IND00
-1.#IND00
-1.#IND00
-1.#IND00
-1.#IND00
-1.#IND00
-1.#IND00
-1.#IND00
-1.#IND00
-1.#IND00
-1.#IND00
-1.#IND00
-1.#IND00
-1.#IND00
-1.#IND00
-1.#IND00
-1.#IND00
-1.#IND00
-1.#IND00
-1.#IND00
-1.#IND00
-1.#IND00
-1.#IND00
-1.#IND00
-1.#IND00
-1.#IND00
-1.#IND00
-1.#IND00
-1.#IND00
-1.#IND00
-1.#IND00
-1.#IND00
-1.#IND00
-1.#IND00
-1.#IND00
-1.#IND00
-1.#IND00
-1.#IND00
-1.#IND00
-1.#IND00
-1.#IND00
-1.#IND00
-1.#IND00
-1.#IND00
-1.#IND00
-1.#IND00
-1.#IND00
-1.#IND00
-1.#IND00
-1.#IND00
-1.#IND00
-1.#IND00
-1.#IND00
-1.#IND00
-1.#IND00
-1.#IND00
-1.#IND00
-1.#IND00
-1.#IND00
-1.#IND00
-1.#IND00
-1.#IND00
-1.#IND00
-1.#IND00
-1.#IND00
-1.#IND00
-1.#IND00
-1.#IND00
-1.#IND00
-1.#IND00
-1.#IND00
-1.#IND00
-1.#IND00
-1.#IND00
-1.#IND00
-1.#IND00
-1.#IND00
-1.#IND00
-1.#IND00
-1.#IND00
-1.#IND00
-1.#IND00
-1.#IND00
-1.#IND00
-1.#IND00
-1.#IND00
-1.#IND00
-1.#IND00
-1.#IND00
-1.#IND00
-1.#IND00
-1.#IND00
-1.#IND00
-1.#IND00
-1.#IND00
-1.#IND00
-1.#IND00
-1.#IND00
-1.#IND00
-1.#IND00
-1.#IND00
-1.#IND00
-1.#IND00
-1.#IND00
-1.#IND00
-1.#IND00
-1.#IND00
-1.#IND00
-1.#IND00
-1.#IND00
-1.#IND00
-1.#IND00
-1.#IND00
-1.#IND00
-1.#IND00
-1.#IND00
-1.#IND00
-1.#IND00
-1.#IND00
-1.#IND00
-1.#IND00
-1.#IND00
-1.#IND00
-1.#IND00
-1.#IND00
-1.#IND00
-1.#IND00
-1.#IND00
-1.#IND00
-1.#IND00
-1.#IND00
-1.#IND00
-1.#IND00
-1.#IND00
-1.#IND00
-1.#IND00
-1.#IND00
-1.#IND00
-1.#IND00
-1.#IND00
-1.#IND00
-1.#IND00
-1.#IND00
-1.#IND00
-1.#IND00
-1.#IND00
-1.#IND00
-1.#IND00
-1.#IND00
-1.#IND00
-1.#IND00
-1.#IND00
-1.#IND00
-1.#IND00
-1.#IND00
-1.#IND00
-1.#IND00
-1.#IND00
-1.#IND00
-1.#IND00
-1.#IND00
-1.#IND00
-1.#IND00
-1.#IND00
-1.#IND00
-1.#IND00
-1.#IND00
-1.#IND00
-1.#IND00
-1.#IND00
-1.#IND00
-1.#IND00
-1.#IND00
-1.#IND00
-1.#IND00
-1.#IND00
-1.#IND00
-1.#IND00
-1.#IND00
-1.#IND00
-1.#IND00
-1.#IND00
-1.#IND00
-1.#IND00
-1.#IND00
-1.#IND00
-1.#IND00
-1.#IND00
-1.#IND00
-1.#IND00
-1.#IND00
-1.#IND00
-1.#IND00
-1.#IND00
-1.#IND00
-1.#IND00
-1.#IND00
-1.#IND00
-1.#IND00
-1.#IND00
-1.#IND00
-1.#IND00
-1.#IND00
-1.#IND00
-1.#IND00
-1.#IND00
-1.#IND00
-1.#IND00
-1.#IND00
-1.#IND00
-1.#IND00
-1.#IND00
-1.#IND00
-1.#IND00
-1.#IND00
-1.#IND00
-1.#IND00
-1.#IND00
-1.#IND00
-1.#IND00
-1.#IND00
-1.#IND00
-1.#IND00
-1.#IND00
-1.#IND00
-1.#IND00
-1.#IND00
-1.#IND00
-1.#IND00
-1.#IND00
-1.#IND00
-1.#IND00
-1.#IND00
-1.#IND00
-1.#IND00
-1.#IND00
-1.#IND00
-1.#IND00
-1.#IND00
-1.#IND00
-1.#IND00
-1.#IND00
-1.#IND00
-1.#IND00
-1.#IND00
-1.#IND00
-1.#IND00
-1.#IND00
-1.#IND00
-1.#IND00
-1.#IND00
-1.#IND00
-1.#IND00
-1.#IND00
-1.#IND00
-1.#IND00
-1.#IND00
-1.#IND00
-1.#IND00
-1.#IND00
-1.#IND00
-1.#IND00
-1.#IND00
-1.#IND00
-1.#IND00
-1.#IND00
-1.#IND00
-1.#IND00
-1.#IND00
-1.#IND00
-1.#IND00
-1.#IND00
-1.#IND00
-1.#IND00
-1.#IND00
-1.#IND00
-1.#IND00
-1.#IND00
-1.#IND00
-1.#IND00
-1.#IND00
-1.#IND00
-1.#IND00
-1.#IND00
-1.#IND00
-1.#IND00
-1.#IND00
-1.#IND00
-1.#IND00
-1.#IND00
-1.#IND00
-1.#IND00
-1.#IND00
-1.#IND00
-1.#IND00
-1.#IND00
-1.#IND00
-1.#IND00
-1.#IND00
-1.#IND00
-1.#IND00
-1.#IND00
-1.#IND00
-1.#IND00
-1.#IND00
-1.#IND00
-1.#IND00
-1.#IND00
-1.#IND00
-1.#IND00
-1.#IND00
-1.#IND00
-1.#IND00
-1.#IND00
-1.#IND00
-1.#IND00
-1.#IND00
-1.#IND00
-1.#IND00
-1.#IND00
-1.#IND00
-1.#IND00
-1.#IND00
-1.#IND00
-1.#IND00
-1.#IND00
-1.#IND00
-1.#IND00
-1.#IND00
-1.#IND00
-1.#IND00
-1.#IND00
-1.#IND00
-1.#IND00
-1.#IND00
-1.#IND00
-1.#IND00
-1.#IND00
-1.#IND00
-1.#IND00
-1.#IND00
-1.#IND00
-1.#IND00
-1.#IND00
-1.#IND00
-1.#IND00
-1.#IND00
-1.#IND00
-1.#IND00
-1.#IND00
-1.#IND00
-1.#IND00
-1.#IND00
-1.#IND00
-1.#IND00
-1.#IND00
-1.#IND00
-1.#IND00
-1.#IND00
-1.#IND00
-1.#IND00
-1.#IND00
-1.#IND00
-1.#IND00
-1.#IND00
-1.#IND00
-1.#IND00
-1.#IND00
-1.#IND00
-1.#IND00
-1.#IND00
-1.#IND00
-1.#IND00
-1.#IND00
-1.#IND00
-1.#IND00
-1.#IND00
-1.#IND00
-1.#IND00
-1.#IND00
-1.#IND00
-1.#IND00
-1.#IND00
-1.#IND00
-1.#IND00
-1.#IND00
-1.#IND00
-1.#IND00
-1.#IND00
-1.#IND00
-1.#IND00
-1.#IND00
-1.#IND00
-1.#IND00
-1.#IND00
-1.#IND00
-1.#IND00
-1.#IND00
-1.#IND00
-1.#IND00
-1.#IND00
-1.#IND00
-1.#IND00
-1.#IND00
-1.#IND00
-1.#IND00
-1.#IND00
-1.#IND00
-1.#IND00
-1.#IND00
-1.#IND00
-1.#IND00
-1.#IND00
-1.#IND00
-1.#IND00
-1.#IND00
-1.#IND00
-1.#IND00
-1.#IND00
-1.#IND00
-1.#IND00
-1.#IND00
-1.#IND00
-1.#IND00
-1.#IND00
-1.#IND00
-1.#IND00
-1.#IND00
-1.#IND00
-1.#IND00
-1.#IND00
-1.#IND00
-1.#IND00
-1.#IND00
-1.#IND00
-1.#IND00
-1.#IND00
-1.#IND00
-1.#IND00
-1.#IND00
-1.#IND00
-1.#IND00
-1.#IND00
-1.#IND00
-1.#IND00
-1.#IND00
-1.#IND00
-1.#IND00
-1.#IND00
-1.#IND00
-1.#IND00
-1.#IND00
-1.#IND00
-1.#IND00
-1.#IND00
-1.#IND00
-1.#IND00
-1.#IND00
-1.#IND00
-1.#IND00
-1.#IND00
-1.#IND00
-1.#IND00
-1.#IND00
-1.#IND00
-1.#IND00
-1.#IND00
-1.#IND00
-1.#IND00
-1.#IND00
-1.#IND00
-1.#IND00
-1.#IND00
-1.#IND00
-1.#IND00
-1.#IND00
-1.#IND00
-1.#IND00
-1.#IND00
-1.#IND00
-1.#IND00
-1.#IND00
-1.#IND00
-1.#IND00
-1.#IND00
-1.#IND00
-1.#IND00
-1.#IND00
-1.#IND00
-1.#IND00
-1.#IND00
-1.#IND00
-1.#IND00
-1.#IND00
-1.#IND00
-1.#IND00
-1.#IND00
-1.#IND00
-1.#IND00
-1.#IND00
-1.#IND00
-1.#IND00
-1.#IND00
-1.#IND00
-1.#IND00
-1.#IND00
-1.#IND00
-1.#IND00
-1.#IND00
-1.#IND00
-1.#IND00
-1.#IND00
-1.#IND00
-1.#IND00
-1.#IND00
-1.#IND00
-1.#IND00
-1.#IND00
-1.#IND00
-1.#IND00
-1.#IND00
-1.#IND00
-1.#IND00
-1.#IND00
-1.#IND00
-1.#IND00
-1.#IND00
-1.#IND00
-1.#IND00
-1.#IND00
-1.#IND00
-1.#IND00
-1.#IND00
-1.#IND00
-1.#IND00
-1.#IND00
-1.#IND00
-1.#IND00
-1.#IND00
-1.#IND00
-1.#IND00
-1.#IND00
-1.#IND00
-1.#IND00
-1.#IND00
-1.#IND00
-1.#IND00
-1.#IND00
-1.#IND00
-1.#IND00
-1.#IND00
-1.#IND00
-1.#IND00
-1.#IND00
-1.#IND00
-1.#IND00
-1.#IND00
-1.#IND00
-1.#IND00
-1.#IND00
-1.#IND00
-1.#IND00
-1.#IND00
-1.#IND00
-1.#IND00
-1.#IND00
-1.#IND00
-1.#IND00
-1.#IND00
-1.#IND00
-1.#IND00
-1.#IND00
-1.#IND00
-1.#IND00
-1.#IND00
-1.#IND00
-1.#IND00
-1.#IND00
-1.#IND00
-1.#IND00
-1.#IND00
-1.#IND00
-1.#IND00
-1.#IND00
-1.#IND00
-1.#IND00
-1.#IND00
-1.#IND00
-1.#IND00
-1.#IND00
-1.#IND00
-1.#IND00
-1.#IND00
-1.#IND00
-1.#IND00
-1.#IND00
-1.#IND00
-1.#IND00
-1.#IND00
-1.#IND00
-1.#IND00
-1.#IND00
-1.#IND00
-1.#IND00
-1.#IND00
-1.#IND00
-1.#IND00
-1.#IND00
-1.#IND00
-1.#IND00
-1.#IND00
-1.#IND00
-1.#IND00
-1.#IND00
-1.#IND00
-1.#IND00
-1.#IND00
-1.#IND00
-1.#IND00
-1.#IND00
-1.#IND00
-1.#IND00
-1.#IND00
-1.#IND00
-1.#IND00
-1.#IND00
-1.#IND00
-1.#IND00
-1.#IND00
-1.#IND00
-1.#IND00
-1.#IND00
-1.#IND00
-1.#IND00
