1.070417
0.422899
0.304307
0.907824
0.124210
0.008398
0.112566
1.637401
1.360282
0.002059
0.025579
0.350041
0.361458
0.026102
0.085985
0.024587
0.022031
0.093316
0.008216
0.452926
0.141817
0.024215
0.038556
9.859952
0.095668
0.002287
0.003110
0.835578
0.274355
0.503922
0.439511
0.426024
1.000000
1.099770
0.675451
0.009215
0.121568
0.003458
1.000000
0.921775
0.464316
1.000000
0.013142
1.000000
0.010849
0.013395
0.321447
0.002291
0.099324
0.037547
1.473639
0.225747
0.874363
0.130143
0.015116
0.050865
2.605053
0.585671
4.471337
0.000623
1.340128
0.096363
1.000000
0.121648
0.003190
0.428034
1.000000
0.035715
0.034800
0.020234
4.224686
4.507026
0.139804
1.326258
0.833251
1.092604
0.188328
5.785464
0.068557
0.320146
1.006923
0.883408
1.000000
0.320185
0.231871
0.224247
0.857910
0.039049
0.128700
0.006005
0.010965
0.057289
0.002473
0.089075
0.006768
0.054550
0.498704
0.063841
0.131608
0.020901
0.063613
0.026564
0.237739
0.497730
0.000634
0.977957
0.040230
1.395847
0.080217
0.003115
0.043961
0.003976
0.006572
0.992972
0.011803
1.025315
0.013472
0.642557
0.019049
0.237430
1.010521
0.063312
0.898458
0.295436
1.019532
0.099309
0.986110
0.142732
1.082147
0.641220
0.000233
1.004304
0.640684
0.002803
0.024976
3.654096
1.009284
0.008463
0.985359
0.119927
1.056037
0.997402
0.586695
0.961912
37.171464
0.277457
1.043020
1.214756
0.034414
0.039241
0.097549
0.013302
1.243527
1.063926
0.996151
0.989350
0.647065
0.275041
0.814378
0.973498
0.065201
0.750740
0.027481
0.018079
0.059821
0.787414
1.023093
0.434187
0.000145
1.205596
0.087944
0.037398
0.241960
0.751158
0.958806
0.113882
1.032691
0.490324
5.549989
0.000140
0.119740
0.003860
0.002255
0.227659
1.519867
0.608021
0.988850
0.893906
1.000000
0.021256
2.689377
0.390494
0.163789
1.018893
0.022652
0.065676
0.001197
0.037809
0.021755
0.057365
0.102818
1.040054
3.511064
0.380951
1.018141
6.807662
0.356480
0.647284
0.498628
3.334109
0.301828
0.118282
0.998610
4.801285
1.011386
0.997159
1.028736
0.003524
0.722673
0.159585
0.921847
0.906122
0.955770
0.006490
1.048546
0.094984
0.523497
1.028623
0.041003
0.913671
0.114781
0.996108
0.946297
0.303865
0.956256
0.022452
0.014885
1.095992
0.014230
0.251475
0.948413
0.108082
0.016078
0.216235
0.014383
1.629769
0.099221
1.000000
0.982065
0.575642
1.556054
0.092475
0.183608
0.009545
0.265687
0.069051
1.026871
0.349071
0.894910
0.237796
0.215903
0.011924
0.334504
0.959164
0.117882
0.991167
0.050759
0.207033
1.005220
0.628520
0.006863
0.963175
0.977685
1.097362
1.010366
0.991971
1.000000
0.154116
0.047049
0.002842
4.843424
0.014406
0.640451
1.020080
0.993125
0.124290
0.834985
0.126308
0.115751
0.035977
0.933846
0.966117
0.029000
0.404685
0.982481
0.257379
1.044233
1.209523
0.961143
0.000772
1.052186
0.332523
4.924752
0.930801
0.635214
0.191145
0.017733
0.000514
4.903607
0.001864
0.110714
0.120089
0.850371
4.282430
0.467275
1.166642
0.012252
0.983056
0.002621
0.015100
0.998643
1.011198
1.275088
0.003059
0.928108
0.114908
0.930988
0.912893
1.015573
0.914334
0.139396
1.023985
0.019191
0.874290
0.524428
0.134929
0.955364
0.948995
0.879851
0.241987
0.897300
0.011398
0.840570
1.002662
0.044037
1.049619
2.191990
0.981291
1.031590
1.041962
2.953016
1.003159
0.085853
0.143938
1.028072
0.008066
0.020160
0.970778
0.548250
0.048378
0.040575
0.051763
1.001696
0.036293
0.223542
0.919615
0.026452
0.001963
0.980143
47.622712
0.110045
1.009024
1.001066
0.799739
0.000712
1.199432
1.039529
0.245953
0.001294
0.942723
1.009637
1.026619
1.278417
0.023808
0.022550
0.004046
0.986202
0.729061
0.022568
1.503545
0.969970
0.018428
0.728847
0.976500
0.971537
0.860520
0.013885
1.019742
0.966962
0.030027
1.099873
1.043399
0.243045
0.016958
1.080177
1.046614
0.016045
0.549686
0.011772
0.783354
0.869597
0.967947
0.019817
1.127674
0.997320
0.046568
1.041908
0.078593
0.002210
0.049483
0.003555
0.030633
3.283790
1.006040
55.326118
0.002229
1.047397
0.047453
0.062461
0.013120
0.000787
0.024083
0.131673
0.677333
0.933454
0.141453
0.593849
1.061547
1.017777
0.906808
0.025949
0.129045
0.072113
0.928600
1.017404
0.148441
0.064985
0.055295
0.965168
0.931841
1.006602
0.383217
0.113000
1.168280
0.867013
1.141489
0.772474
1.011567
0.094250
0.972638
1.010795
0.032320
0.048398
1.080703
0.929054
0.958794
0.008106
0.021878
0.889725
1.000000
0.941674
1.012790
0.064834
0.413086
1.010023
1.049701
0.079246
1.309985
0.990513
0.028002
0.819901
0.943332
1.048749
1.033983
0.003466
0.985990
8.208678
0.006059
0.084732
0.238004
2.013019
1.587692
0.545051
1.478292
0.052982
0.019992
0.958437
0.924558
4.293033
1.034432
1.062092
0.796658
0.815453
0.087717
0.982551
0.144304
0.010224
1.045081
0.244842
0.962374
1.075535
0.827059
0.000866
1.155055
0.075353
1.296803
0.943544
0.011556
0.110231
1.097644
0.007652
0.959345
0.052374
0.911711
0.943457
0.003852
0.971579
0.987368
0.056406
0.015055
0.263126
1.125653
0.067752
0.093734
1.147691
1.000000
0.038454
0.022049
0.973678
0.450955
1.069990
0.072067
0.941467
1.146529
1.051909
0.388687
1.051541
0.000909
0.001336
0.000407
0.012565
0.580751
0.912398
0.479485
1.030654
0.849262
1.166247
1.088300
0.285813
0.050691
0.981149
0.955445
1.020702
1.021255
1.033226
3.401381
1.037701
0.593438
0.759858
0.887286
0.194738
0.432742
1.836695
1.186827
1.077030
0.020135
0.997438
1.100787
0.923294
0.822393
0.875613
1.050862
1.293755
0.853802
1.126648
0.853509
0.295436
0.101807
0.906892
1.000000
0.487319
3.526343
0.987983
0.878517
0.971617
0.367769
1.015622
1.545220
0.894209
0.911212
0.942517
5.142568
1.045482
0.044922
1.132389
0.942101
0.175486
0.367958
1.038684
0.814874
0.102451
0.131695
0.925234
0.000362
1.111648
0.884944
0.980075
1.053212
0.590363
17.867689
1.000000
0.999881
0.092589
0.337972
0.109556
0.455842
1.012747
0.954758
0.959893
1.000000
1.006064
0.079196
0.551265
0.033012
1.011487
0.008373
0.835509
0.898327
0.044393
0.024499
6.980058
1.712958
0.953141
1.251355
0.026855
0.001230
1.012798
0.855537
1.523144
1.000000
1.357627
0.633253
1.100246
1.000000
0.412877
0.927749
0.010564
1.037128
1.032762
1.001708
0.872348
0.860333
0.976027
0.888465
0.177427
0.860369
1.459598
0.032352
0.024497
0.000413
0.956766
0.998400
1.030731
0.005462
0.771341
0.687097
0.851520
0.474340
0.569131
0.852176
0.083220
1.302903
0.783316
0.847455
0.975752
0.019279
0.850046
0.953026
0.742906
1.048053
1.046995
0.688769
0.026135
1.063888
0.432803
0.126675
1.000000
0.932012
1.144119
1.067119
0.730337
1.453679
0.548991
1.000202
0.811754
0.099734
1.076218
0.003766
0.052526
0.803954
1.079346
0.130094
1.064592
0.142305
1.159519
0.109442
1.080393
1.154553
0.722441
0.078524
1.695517
0.817153
0.030995
0.868041
0.028976
0.696806
0.659014
0.749689
1.179282
0.065169
0.097806
0.900314
1.011119
0.812881
0.695017
1.034960
0.061984
0.175465
0.062617
0.493345
0.003443
1.606320
0.928735
0.748416
1.192663
1.192617
0.803194
1.341985
0.111072
1.546541
0.099288
1.044552
0.284451
0.664573
0.086718
1.576971
0.115878
1.779379
1.110172
0.759266
0.706717
1.063616
0.000675
0.063652
1.562773
1.005600
0.694487
0.693044
0.886413
0.238936
0.013664
1.240128
1.006102
0.555932
0.947600
1.011055
0.560695
1.035584
0.049895
0.042900
0.280272
0.880573
0.841599
0.084415
0.799375
1.033620
0.077248
0.001723
0.223381
0.944158
0.594513
0.986410
1.052122
1.670721
0.111858
1.297058
0.120257
1.045820
1.060282
1.000000
1.808868
1.057453
1.371881
1.354594
0.675150
0.058321
0.047900
5.929939
0.901888
0.959107
0.003710
1.002403
1.134269
0.602255
0.025668
0.086288
1.059893
0.981347
0.044369
1.029104
0.187912
0.052337
1.199153
0.476856
0.979293
0.001111
0.381364
0.845762
0.899304
1.003529
1.615748
0.705700
0.195231
0.873875
1.026039
0.227224
1.096224
1.079015
0.067470
1.635049
1.703285
1.129531
0.778231
1.000045
0.857241
1.079904
0.879957
0.295093
0.926475
0.577879
0.003697
0.825297
0.935110
1.240346
1.042838
1.033518
0.004607
0.059191
0.990326
0.052460
0.623944
1.248606
0.288445
0.454027
0.782871
5.265039
0.000197
1.902204
1.110174
1.134620
0.999930
0.055857
1.695144
0.595120
0.156461
0.006634
0.972176
0.012312
0.829765
0.087479
0.517653
0.466103
0.889332
0.876671
1.296333
0.020329
1.437566
0.029706
1.120721
0.957351
0.758836
1.481204
0.010497
0.015710
1.504096
1.152754
1.106073
0.923609
0.053101
1.044022
0.369212
0.183498
0.000956
1.101743
0.707175
1.213825
0.653750
1.061614
0.006011
0.661410
0.754757
0.826351
0.010984
1.053127
1.106976
0.014639
0.060440
0.935253
1.159240
0.013911
1.157057
0.086065
0.838861
0.067035
0.994527
0.654612
1.162275
1.067117
1.234180
0.724998
0.368204
0.629784
0.777885
1.060789
0.928665
0.749099
0.757661
1.029216
0.981548
0.014778
1.021158
0.992216
0.048547
0.980788
0.632903
0.902725
0.962754
0.583218
0.932417
0.804541
0.088366
0.981188
0.508752
0.851329
0.792568
0.823574
1.423536
0.267353
0.759472
1.021516
0.724755
0.622999
18.251714
1.310814
0.845118
2.023157
1.002549
1.121854
1.016620
1.270011
0.902836
1.002687
0.041760
0.029971
0.409546
1.000000
0.048132
0.971882
1.003500
0.126351
0.853720
1.019306
0.040114
0.863276
0.874986
0.945765
0.161654
3.405751
0.083975
0.059493
0.007047
0.887117
1.191214
0.248563
0.018211
0.823479
0.994876
1.407372
5.401210
0.888044
1.205842
1.000000
0.865688
0.929659
0.984791
0.001087
1.157694
0.622187
1.197208
0.766364
0.794611
1.163583
0.059390
0.180009
1.077309
1.072743
1.018201
4.673039
0.973398
1.210257
1.101616
0.015534
1.299216
0.057692
1.052361
0.014304
1.244892
0.961216
0.283518
0.957126
0.242758
0.004299
1.052652
0.979305
0.877980
0.355272
0.073776
1.014486
0.414456
1.014787
0.967354
1.021438
0.820525
1.404800
0.226101
0.011712
0.534881
0.490038
1.557030
0.042783
1.478469
0.017149
0.939072
0.990092
0.941148
0.484663
0.632513
0.003981
0.925375
0.941108
0.951539
0.875619
0.086899
1.087001
0.065120
1.364277
0.694749
0.657367
1.105845
1.027229
1.616554
1.212029
0.463470
1.221977
0.946875
1.047054
1.038154
0.946698
0.800742
0.003736
1.040929
0.765477
1.106839
1.019019
0.007705
1.046503
1.328142
1.018568
0.988084
1.619443
0.318597
0.844705
1.015333
0.985476
0.844104
1.688058
0.668019
1.096412
0.046837
0.854856
0.760778
1.105554
1.095116
0.975865
1.031783
1.148132
0.076987
0.250406
0.694472
0.989690
0.526449
0.942062
0.983148
1.020520
0.045942
0.621363
1.045252
0.857436
1.210238
1.223309
0.013804
0.019369
0.041550
0.978946
0.002266
1.889731
1.206211
0.025126
0.988349
0.411513
0.986216
0.791346
0.905301
1.042927
0.615357
1.002685
0.879485
0.868658
0.006669
1.163349
1.056648
0.044829
0.836015
1.050140
0.048848
1.222843
2.970543
1.132645
1.085050
0.979731
0.968374
1.047751
2.461326
0.675946
0.934288
0.823917
0.001991
1.070340
1.019800
1.045535
0.840342
148.315197
0.109612
0.090433
0.231635
1.058998
0.725788
1.113785
0.140709
1.006504
0.000054
0.940332
0.944546
0.273663
0.968801
0.927280
1.008666
0.569660
0.655302
1.412326
0.251378
1.020355
1.127735
0.003273
0.995538
0.615463
0.650129
1.015576
192.131074
0.858102
0.476459
0.682289
0.726061
0.571746
1.424904
0.078268
0.876149
2.100366
0.063387
0.298520
0.666107
0.001042
0.085625
1.081334
1.101388
1.696130
2.873964
1.000000
4.555283
2.012198
0.041433
0.714381
1.000000
1.044383
1.399392
0.000074
0.953564
0.921078
0.296537
0.174812
0.030502
0.027557
0.869369
1.816702
0.057721
0.920072
1.078881
0.233174
0.067559
1.000000
0.963470
0.994914
0.553456
0.113643
0.930904
1.295736
0.766248
0.944892
0.560358
0.804570
0.924943
0.402580
0.919026
1.000000
1.144177
0.876607
0.006176
0.409293
1.000000
1.766808
0.003038
0.225281
0.982526
1.314292
1.093763
1.246586
2.084728
0.170763
0.933539
0.015980
0.945894
0.622316
1.127215
0.452608
0.043067
0.153325
0.072756
0.251468
0.442977
0.012216
5.229076
0.452737
1.540477
0.975284
0.687319
1.117364
0.622808
0.753291
0.847790
0.964023
0.863892
0.017721
0.911186
0.003065
1.047687
0.896413
0.774861
0.695521
1.159939
0.604926
1.047909
1.125801
1.112807
1.005670
1.016784
0.344522
1.725413
1.238283
0.009013
0.959903
1.369389
0.766791
1.608470
0.834830
0.078521
0.743596
1.118825
0.752253
0.673889
0.000221
0.765778
0.695378
0.677999
0.669087
0.021291
0.678077
1.464711
1.881163
0.307250
0.527622
0.001316
1.200355
0.453595
1.189806
0.068225
0.009521
0.092009
0.009168
0.936780
0.013597
1.128799
0.974659
1.353997
0.154505
0.015789
0.775662
0.000763
0.160078
0.394770
0.890180
2.018032
1.785623
0.005437
0.128578
1.031144
0.006155
0.060665
0.790901
0.039501
1.181123
0.621510
0.007775
0.910559
0.022734
0.127540
0.050610
1.516299
0.085795
1.401561
0.378444
0.667270
0.715104
0.154985
0.534865
1.163946
0.577593
1.169686
1.056851
0.106606
0.761475
1.122836
0.014270
0.734114
0.904667
0.891121
0.041289
0.792515
0.011426
0.526666
0.709085
0.673598
0.945941
0.965775
0.660620
0.077875
1.047254
1.354653
1.070308
1.266184
0.751316
1.219575
1.182329
0.233031
0.001101
1.183425
0.010637
0.152113
0.901146
0.993275
1.795516
0.776748
0.622124
0.382548
1.010960
1.116109
0.374234
0.407697
0.037850
1.306948
1.025945
0.371920
0.133667
0.684040
1.053712
0.585572
0.964029
0.298617
5.688611
0.596491
0.447452
0.264251
0.403288
0.060815
0.574402
0.060803
1.483798
0.249539
0.336526
1.325815
1.191163
1.196382
0.889918
1.058607
1.042082
0.038040
0.459370
1.030921
2.655044
0.372658
0.000030
0.365405
0.026481
0.981263
0.176546
0.453031
0.570989
0.798045
0.421994
0.887122
1.475084
0.762564
0.583413
0.652684
0.302158
2.915318
0.668190
0.799391
1.053869
0.668144
0.831218
0.963528
0.015715
0.082324
1.173704
1.064868
0.481748
0.001373
1.359026
11.173139
0.749711
2.435283
1.800792
0.760814
1.242505
2.206640
0.022929
0.406160
1.000649
0.801213
1.037495
1.362766
0.864837
0.017472
0.901100
0.099945
1.163215
1.033088
0.971118
1.122806
4.946471
0.583361
1.257204
0.496103
1.438266
1.134055
0.520457
1.252628
0.072599
0.328518
1.125165
0.327531
0.804540
1.084578
2.159771
1.026414
0.443243
1.023640
1.160186
0.611706
1.615315
0.341380
1.011209
0.739956
0.492077
0.000913
1.039735
0.473655
3.384224
0.002240
0.850512
0.707019
1.056080
0.015129
0.707055
0.702204
0.040238
0.893634
0.329036
17.223526
0.833251
0.179556
0.000934
0.805963
1.020094
0.070002
0.358536
0.407210
1.441807
1.058873
0.564006
1.997128
0.684774
0.533647
0.062900
1.090770
0.495724
0.549992
0.836235
1.010653
0.276418
0.952239
0.970239
0.636550
0.327505
0.333458
0.007650
0.821075
0.515776
0.337582
0.135900
2.549969
1.082743
1.301679
0.888455
1.676602
1.357342
1.039049
0.151343
0.061769
1.107167
1.591402
0.393707
0.933204
0.005903
0.012924
0.396339
0.973181
0.774606
0.394470
0.350307
0.897639
0.981944
0.305987
0.462964
0.958764
0.020431
0.783460
0.897302
1.728161
1.141885
1.522924
0.082545
0.361809
1.092399
0.854132
0.916947
0.813887
1.049161
6.252503
1.753601
0.945669
0.003383
0.027203
1.006258
1.345211
0.596761
1.058561
0.961241
0.179608
1.113800
0.457906
1.922051
0.021250
0.040691
0.151255
0.334050
0.857268
0.512036
0.207197
1.164811
0.687741
0.044478
3.946635
0.000542
1.752835
0.463387
1.438909
1.000000
2.198831
1.002201
1.506472
1.028039
0.017917
0.783615
0.963554
0.267008
0.690133
1.293571
0.871794
0.013334
0.013153
0.932829
1.701981
0.009964
0.247003
1.082293
0.322741
1.563208
0.917247
0.179455
1.564550
0.001447
0.344026
0.096930
0.419822
1.426310
0.908492
0.019124
0.934880
0.117065
0.626371
1.285492
1.476160
1.039080
1.035562
1.174111
1.007335
0.792918
0.799519
1.258062
0.958687
1.254293
1.211138
0.007735
0.785838
0.947042
0.463612
0.779116
2.344250
0.697479
0.001100
1.005846
0.241934
0.208371
0.975964
2.022286
1.185106
1.335427
0.935208
2.389994
0.000266
1.004962
1.539909
1.000000
1.415421
0.059339
2.907395
0.051030
0.077378
1.079374
1.058490
0.328839
0.856126
0.987334
0.052705
1.294291
0.039871
0.844087
0.036103
0.602259
0.838064
0.727624
1.399898
0.588222
0.030223
0.835773
0.779548
0.995358
0.001557
0.353022
0.487852
0.793835
0.403357
0.772670
0.358513
1.083380
0.204294
0.062701
0.639896
0.035091
0.012113
0.815412
0.225967
0.758922
0.425745
1.106981
1.180561
1.407678
0.782138
0.774809
0.293013
0.764145
0.794311
1.175484
0.005569
0.080576
1.071259
1.610329
2.296866
0.012194
1.304173
1.158667
1.488939
1.083760
0.162057
0.022463
0.911461
0.813466
0.672676
0.472732
0.505230
0.265167
0.746234
0.001563
0.643290
0.805976
1.071340
6.431030
0.063263
0.544194
1.072718
0.964562
0.560596
0.512022
1.496886
2.525047
1.066718
0.913397
2.761324
1.505318
0.997529
0.993014
0.297226
1.026985
0.645004
0.878232
0.786098
0.966860
0.067494
0.147399
0.984082
0.000023
1.065276
0.967857
0.732676
0.327030
0.027520
1.967745
0.418856
0.492336
0.264344
0.782892
0.429536
0.752003
0.032026
0.775015
0.947767
0.750996
0.326664
2.261760
1.183749
0.417405
1.399761
0.159864
1.245711
3.700008
0.020081
0.791933
0.643526
1.000000
0.768431
1.010884
0.373143
1.054597
0.341413
0.660551
1.513194
3.442346
1.199009
0.732062
0.637144
1.110929
0.973255
0.833529
1.602392
0.623895
0.401869
0.442383
0.363557
0.563620
0.532352
1.013424
0.638388
1.002819
0.408488
0.089217
0.207998
0.879225
0.859417
1.107172
1.309463
1.195490
0.573862
1.822611
1.020086
0.041477
0.004531
0.748244
2.156226
0.038254
0.988766
0.609893
0.008865
0.781649
1.511546
0.108170
1.154086
0.864352
0.000258
1.500380
0.559590
0.946469
0.072441
0.241689
0.954975
1.375114
0.948979
0.755420
1.056032
0.406712
0.481103
1.596707
0.135426
0.607761
0.444009
0.001424
1.223589
0.666198
0.375911
0.229324
1.234896
1.053562
1.015669
0.973239
0.972961
2.784415
1.830185
0.364007
1.254251
1.054438
1.364474
0.980574
0.699410
0.909561
1.103402
1.329699
1.280107
1.236382
0.015821
0.966914
0.809188
1.053447
0.908829
0.024307
1.109424
0.873384
0.971628
1.043682
0.954257
1.886355
1.186652
1.008345
1.127947
0.850217
0.880310
0.003561
1.270184
1.002061
2.776772
0.924154
0.938895
0.973447
2.288200
0.486777
0.015068
0.622103
0.755939
0.835161
0.070053
1.293826
2.597479
0.807019
0.014617
1.051812
1.151362
0.285410
0.983048
0.727524
0.968454
0.949913
0.808742
0.753955
1.355613
2.309234
0.970839
1.019105
1.027054
1.246481
0.328555
0.447828
0.777789
1.144480
1.207308
0.528460
0.082124
0.654001
0.621204
1.097691
1.236099
0.212048
0.041636
0.561593
0.888291
1.000291
3.439489
14.680900
1.424313
1.963854
0.168037
1.391316
1.329836
0.945984
1.000000
3.140537
0.995836
0.775365
0.943439
0.772650
0.006039
0.452328
0.001057
0.924894
2.377692
0.747234
0.314409
0.949566
0.008508
0.730395
1.041371
0.355063
0.834519
0.746818
0.776408
0.366607
0.985667
0.946646
2.677586
1.059327
1.031566
0.668184
0.025867
0.769377
0.169427
1.202425
1.102024
0.242747
0.780206
1.008873
0.467254
0.567135
0.350214
1.116180
0.098521
0.264980
0.314057
0.006999
2.185307
2.058534
1.049364
0.980206
0.721794
0.657396
0.206386
0.783950
1.030836
0.981801
1.065186
1.530255
1.889550
1.062374
1.077546
1.249063
0.800636
0.716135
0.998336
1.303875
1.074511
1.066346
0.846664
0.048095
1.163570
0.191660
0.716050
0.011221
0.509543
1.165770
0.491752
1.550077
0.736218
0.274849
0.984177
1.055291
0.006119
0.011423
0.526953
1.026531
0.878115
0.007811
0.806016
5.754349
1.173451
0.198603
1.080522
0.007507
0.483476
1.586358
0.172534
0.109628
1.282356
0.940284
0.765562
0.760097
0.594200
0.001226
0.898940
0.926113
0.976192
0.203311
1.094765
0.466382
0.695795
0.603652
0.302196
0.417605
0.144864
1.014327
0.008257
1.046646
0.969466
1.058466
0.135141
1.166434
0.072509
0.216052
1.394546
0.512151
1.450702
0.486286
0.113031
0.928795
0.851333
0.294793
0.969475
1.706559
0.012754
0.146685
0.462588
1.108254
0.610742
0.660882
0.926576
9008.073300
1.561936
0.420123
1.021018
1.034288
0.927689
0.214909
0.948892
0.595928
0.045451
1.181038
0.911061
0.626579
1.439460
0.632691
3.241841
1.096741
1.135772
1.299835
0.007477
2.328995
0.916201
0.527068
2.613357
0.956811
1.177869
0.672403
1.197208
1.167514
0.658803
0.712517
1.406250
1.904475
0.123907
1.308646
0.907807
0.533704
0.226689
0.730426
0.573537
0.783349
0.093533
1.095873
0.055632
0.803357
1.488509
0.505386
1.000000
0.695146
1.180960
0.254840
292.046659
0.894402
1.263625
0.948359
0.085299
0.643296
0.056260
0.608813
0.059588
0.181652
1.004245
0.547171
0.511578
0.999243
0.027278
0.008693
0.109967
0.404517
0.440405
0.173679
1.520068
0.878790
0.113649
0.764301
0.122841
0.327212
0.868711
1.240763
0.815442
1.699493
0.119663
1.154680
0.975257
1.000000
0.027849
1.149160
0.730633
0.270847
0.000511
0.490445
0.939897
1.172999
1.054332
0.377492
1.386963
0.676070
0.972228
1.094529
0.428128
1.099634
0.755011
5.459710
1.227089
0.126577
0.001420
0.970147
0.229488
0.753488
0.755969
0.026038
0.710218
1.028174
0.953796
1.203418
0.796390
1.304719
0.994007
1.360128
0.561871
0.030435
0.065520
0.124790
1.124951
0.661069
0.929487
0.017174
0.399248
0.283799
1.082687
0.265794
0.903656
1.355328
0.515613
2.389282
0.977501
0.769883
1.083459
1.235562
0.751687
1.337562
0.771906
0.018868
0.050388
0.740875
1.112443
1.485551
1.528197
1.148777
2.628041
0.990671
1.020497
2.833410
0.938037
0.957824
0.915891
0.065516
1.075696
1.021731
0.119013
1.148832
1.565871
1.091156
0.674917
1.581514
0.824777
0.036358
0.389337
2.172922
1.340543
0.983703
1.000000
0.142880
0.220726
1.127106
0.702212
0.038578
0.811068
0.980941
0.006328
0.446534
1.125714
0.549102
1.394741
0.929087
1.340902
1.064612
1.081923
1.192663
0.003171
0.056241
0.652048
0.586484
1.475600
0.401417
1.670654
0.771823
1.155421
0.091887
0.284655
0.482135
0.851280
0.671831
0.077492
0.574855
0.040935
0.697369
1.001487
1.076425
0.612255
0.428430
1.037703
0.626845
1.209181
0.831158
0.242441
0.057948
0.255977
0.004480
1.098632
0.014446
0.065093
0.015597
1.934556
1.109579
0.989926
0.001862
0.790398
0.474061
0.304319
0.578612
1.818148
0.956435
1.486074
1.250644
3.147465
0.583852
1.040550
0.829326
1.064092
0.224539
0.999906
0.931012
1.018100
0.990572
1.010272
0.011189
0.653778
0.008605
0.074296
0.914521
1.001449
0.690357
0.472878
0.577502
0.320535
1.334019
0.000553
0.116960
0.548995
1.421280
0.026015
0.047996
0.175134
1.101912
0.967862
0.792216
2.637872
0.172759
0.745206
0.747167
0.547513
0.185784
0.874292
0.721141
0.003536
1.481997
0.306536
0.604794
0.005820
0.842021
0.222021
0.261090
1.028881
1.340594
0.520828
1.068774
0.640024
0.499337
0.827333
0.413283
0.100248
0.378130
1.176371
1.152113
1.295700
2.299231
1.029203
0.037283
1.134896
1.000000
0.649958
0.241854
0.993769
1.444574
0.779018
0.854573
0.121913
0.447424
0.079452
1.011909
0.386403
0.607440
0.036291
1.441745
1.518055
0.945733
0.498758
1.070576
0.577338
1.072516
11.986890
0.958848
0.028305
1.021517
0.214217
0.970040
0.531589
0.956777
0.721370
0.476219
1.010378
1.301263
1.326083
2.033116
1.512058
1.035922
2.288974
0.758643
0.913067
0.730860
0.003518
1.875147
1.507415
0.318169
0.607379
0.935858
1.467035
0.415240
0.526124
1.231119
0.336644
0.842750
0.538448
0.451078
2.795702
0.943758
1.045945
11.207436
0.068425
0.553950
0.491482
1.100653
0.168581
0.992607
0.767354
1.103577
0.941536
0.382809
1.000000
0.474057
0.966475
1.083376
0.864254
1.170653
1.030610
1.165199
1.230293
1.122937
1.828937
1.394630
1.753285
0.037839
0.734606
0.799033
0.003728
1.119053
1.409583
0.624965
0.121095
0.726297
0.000591
0.296891
1.028942
0.085485
1.296076
0.666340
0.823539
0.755259
0.462506
0.958167
0.936732
0.178738
1.054623
0.001586
0.154937
0.366217
0.359414
1.032621
0.954391
1.324921
0.999414
1.335382
0.853245
0.922791
1.206062
1.655355
0.848102
0.010880
0.494335
0.707992
1.211439
0.430713
0.527154
1.420302
1.622235
0.686031
0.707750
0.688138
0.945652
1.407388
0.972468
0.986730
0.628815
1.374520
1.074601
1.105729
0.041428
1.249976
1.622711
0.983385
0.012165
1.017703
1.060219
1.389030
0.458733
1.802103
0.661991
0.744494
0.957686
1.033797
0.181118
0.023844
0.107271
0.528267
1.581438
1.242819
0.312085
1.169148
0.978300
3.887438
0.884271
0.834443
0.493263
0.530876
1.516796
0.917119
0.798399
0.764203
0.768936
0.919005
0.356336
0.453541
0.554194
1.079246
0.000256
3.510500
1.329008
2.622553
0.218137
1.093325
0.314798
1.474901
0.047860
0.306700
0.264484
0.703156
1.085147
0.632234
0.497293
0.515102
1.250992
0.426826
0.524218
0.086119
1.029712
0.524432
0.256175
0.997840
0.651617
1.588306
0.171119
0.067099
0.925183
4.433086
0.215153
0.977669
1.057263
0.368247
0.471487
1.110814
1.751448
1.580751
0.677263
0.212049
0.179913
0.902220
0.170435
0.022263
1.183769
0.530449
0.997083
1.904374
0.695101
3.844620
0.825077
0.853357
0.604411
1.125599
0.599526
0.330900
0.018149
1.000000
2.677470
1.116778
0.824915
0.938804
0.481270
0.603562
0.005272
0.237538
0.774016
0.656966
1.374441
0.009874
1.001740
0.358674
0.403788
0.966783
0.000131
2.133357
1.258090
1.267991
1.491438
0.002374
1.000000
0.807560
0.989375
1.080310
0.919988
0.794529
0.005549
0.849922
0.856768
0.586752
0.418119
1.710605
4.545506
0.120017
0.003544
0.307731
1.132988
1.047161
0.415259
1.545607
0.861024
0.910805
0.959456
1.004130
0.780695
0.218470
0.990758
0.609680
2.135399
0.915412
1.008820
0.920924
1.002115
1.188435
0.165781
1.001870
0.314444
0.782354
1.074079
0.001143
2.845205
0.972723
0.804005
0.823963
0.517539
0.790694
0.664847
1.736599
1.462743
0.742121
0.000940
0.922924
1.854489
1.171399
0.905063
0.021823
5.134721
0.486977
0.710887
0.396354
1.578095
0.517281
1.042393
0.850866
0.307185
0.805585
0.128067
1.238044
0.942817
0.726897
1.205982
1.177255
0.973732
0.871746
0.488058
1.071197
1.373688
0.293777
0.003374
0.677052
0.172442
1.371193
0.982477
0.730486
0.186929
0.979288
0.581760
0.032894
0.837286
0.567893
0.190672
0.845888
1.032744
0.484395
0.087803
0.547784
0.224645
0.942757
0.511620
0.335646
0.298146
1.003424
0.207266
0.318174
0.655213
0.152923
2.536644
0.027292
0.811340
0.983239
1.127406
0.000750
1.562979
1.162693
0.772067
0.012578
0.462917
0.864406
0.970253
1.400354
0.225592
0.015583
1.255862
1.081831
0.697711
0.456403
0.409006
0.620996
0.768592
0.983366
0.959306
0.229969
0.778436
0.448160
1.345464
0.084261
1.028847
0.895914
1.355412
1.000000
0.965415
0.679844
2.572343
1.038959
1.392762
0.379296
1.001307
0.760903
1.375114
0.106003
1.448520
0.004779
0.551566
0.279684
2.511427
0.809296
0.780331
0.951361
0.198120
11.157595
0.951145
0.488136
0.904990
0.001342
1.114250
0.314383
0.794998
1.275054
0.597910
0.642207
0.184383
1.117394
0.403256
2.887221
1.386717
0.546559
0.932046
0.003759
1.048500
1.582895
0.466610
0.537710
1.095086
0.028530
0.118772
0.142026
0.917020
0.369428
0.005045
0.027965
1.161551
0.614926
0.568857
0.817158
1.459844
1.364327
0.800126
1.396512
1.404651
1.291594
0.556473
1.094802
0.555401
0.851604
1.111342
0.936943
0.752709
1.111661
0.196486
1.239921
0.479175
0.844078
0.637193
0.794408
1.517654
0.984802
0.969564
0.589200
3.093996
2.669905
0.008666
1.246335
0.889045
0.820337
1.246953
1.220853
0.018603
1.083239
0.000452
1.119252
0.292529
0.975294
0.721963
0.984919
1.098255
0.224839
0.853941
1.406460
0.668716
0.708052
0.996224
1.114058
0.426281
1.670423
0.000356
0.238273
0.054996
1.046751
0.697668
1.417058
0.072351
0.842612
0.630958
1.431876
0.992117
0.943078
2.304730
0.660161
0.186318
1.408642
0.808558
0.381304
1.045687
0.154351
1.262003
0.923377
0.996077
0.734511
0.811490
0.992998
0.995784
0.413683
0.573091
1.053230
0.902155
0.767397
1.065212
0.646337
1.608787
0.144770
0.956097
0.921837
1.000572
1.147536
0.729473
1.416095
0.897512
1.902963
0.018905
1.108554
0.681512
0.988980
3.413453
0.593166
0.202413
0.192800
0.314650
0.147901
0.753267
0.693540
0.005746
0.413884
1.434217
1.135216
1.138391
1.600107
0.074160
0.773470
4.979660
0.875408
1.306624
0.025860
0.499915
1.154192
0.931077
0.053164
0.547339
0.188366
1.086791
1.098313
0.578414
1.165336
2.823278
0.074142
1.038671
0.886631
0.471980
1.054328
0.264528
0.497774
1.426340
0.239038
0.339566
2.781307
1.054448
0.257370
2.081490
0.753836
0.535784
0.654874
1.223656
1.374360
1.476905
1.519857
0.301216
0.983963
1.002707
0.091722
0.841968
1.629587
0.441675
0.246600
1.859035
1.261002
0.634993
0.014879
1.512103
0.956200
0.059409
1.033434
1.565220
0.008454
0.725562
0.444137
0.782551
0.979518
0.807220
0.671507
1.028390
0.954690
1.044708
0.923237
0.864281
0.849444
0.110615
3.077763
0.870974
1.054238
2.205475
1.454407
0.653001
0.362951
1.112208
1.048179
0.013349
0.950564
0.137838
1.942644
0.953940
1.861380
0.010681
2.430191
2.730282
0.970322
0.223791
0.974429
0.775846
0.055771
0.009019
1.596380
0.739865
0.780105
0.184606
1.214591
1.294651
0.723712
1.027842
0.234306
1.084989
1.049090
0.119090
0.901379
0.768001
1.327835
1.477179
0.110723
0.925857
0.742274
0.883321
1.154919
7.275849
0.519549
0.796503
1.014431
0.105411
1.142725
1.996455
1.028579
0.291108
0.496395
1.617516
1.106091
1.941515
0.992484
1.974893
1.061824
0.962153
1.224238
2.755870
1.043469
3.296577
1.209723
0.022450
0.802390
0.640213
0.066209
0.077075
0.896000
0.239280
0.758165
0.270577
0.253219
0.443621
1.012580
1.554664
0.266294
0.914420
2.041097
0.543987
0.594214
1.076578
0.973171
0.702177
0.962346
0.932991
1.110485
0.095528
0.428395
1.965698
0.012859
0.631526
2.368954
1.422781
1.085388
1.324015
0.894236
0.621319
1.776364
1.042997
0.847923
0.927583
0.708048
1.833291
2.623095
0.997585
1.266137
2.094007
0.932873
1.569419
0.087839
0.052719
0.898378
0.443082
0.821974
1.031669
0.660085
2.452040
0.706923
0.680540
0.138911
0.013315
0.541614
0.866152
1.086928
0.287454
1.529650
0.978968
0.640559
1.038799
1.000000
0.324804
0.512834
0.889643
0.845909
0.949155
0.510362
4.233811
1.320919
0.979353
1.802337
0.127327
0.847588
0.869865
1.459310
0.017529
0.966464
1.151100
0.981240
0.972509
1.676469
0.026223
0.649495
3.166565
0.280932
0.946246
0.520245
0.576818
1.307540
1.924655
0.879006
0.565287
0.773963
1.012042
0.717188
0.000534
1.220028
0.550329
1.515167
1.107618
1.115709
0.593110
0.920379
0.995249
1.009305
1.209422
0.884579
1.024918
0.985725
0.897740
0.749404
0.871105
1.068434
1.214284
0.015797
0.554968
0.169350
0.992142
0.006895
1.026765
0.758817
0.837707
1.136188
0.000849
2.061129
0.500333
0.035757
1.555081
1.697668
0.908575
0.927888
0.744365
0.377474
1.073748
0.198235
0.483626
1.964862
0.000330
0.732856
1.916151
1.260649
0.063540
0.951405
1.134802
0.830423
0.877706
0.736649
0.335808
1.068677
1.054603
1.216312
1.351409
0.091198
0.883694
1.061829
0.707740
2.817949
1.003476
0.849346
1.161443
0.409171
0.741875
0.746155
0.734778
0.987604
1.167840
1.143626
1.000148
0.619957
3.316012
0.959454
1.788926
2.610494
0.017606
0.836806
0.437065
0.565455
2.123751
0.988140
0.941337
1.041444
0.048383
1.010915
1.185267
0.505810
0.574748
0.989419
1.663335
2.391026
0.383675
0.891061
2.244249
0.168757
0.454036
1.149995
1.698229
0.696066
0.963438
0.831124
0.138868
1.206886
0.005559
1.161889
0.914196
0.696414
0.923865
0.144744
0.001187
0.172530
1.547770
1.360275
0.099731
0.010234
0.070424
0.808715
0.004158
0.968749
1.280158
6.839514
1.010062
0.999721
1.218048
0.022284
0.149701
0.114252
0.261558
1.921190
0.016712
1.111694
1.290462
0.877375
0.028291
0.798211
0.116116
0.768488
0.522317
0.821725
1.455040
0.428407
0.355283
1.017480
0.278144
1.217277
1.045143
0.076674
0.860253
1.083583
1.064281
0.061404
1.028644
1.013720
1.296811
0.562327
0.931843
0.994283
0.110532
5.196308
0.779787
0.628288
0.047969
0.685908
1.652361
1.020155
2.710207
1.058481
1.359827
1.094695
1.246269
1.059506
0.642510
1.209631
0.995839
0.988103
0.011160
0.962880
0.898076
0.301637
0.215241
0.854794
1.037480
0.203986
1.018477
0.524627
0.006878
1.046439
0.851904
2.355977
0.599278
1.075196
0.003282
1.042746
0.559413
0.010065
1.177805
0.795811
1.249017
1.009174
2.802079
3.185453
5.321215
1.439450
0.359427
1.251289
0.850870
2.937183
2.386374
2.227063
0.983803
1.830045
0.017926
0.832768
1.406428
0.006533
0.658904
1.091346
0.850144
0.153329
0.791342
0.063857
1.283096
1.086750
0.793018
0.689646
0.225815
2.895055
1.103230
1.508311
1.071145
0.575974
0.720016
1.107721
0.873587
1.184727
1.918154
1.205406
0.777328
0.041738
0.914387
0.024936
1.910749
0.074394
1.061127
0.438625
0.288842
0.134803
0.264824
0.980460
0.690477
1.976539
0.139699
1.206635
0.851053
0.825863
0.192010
0.472377
2.325456
1.338087
1.000000
1.445034
0.079426
0.059124
0.743910
0.036593
1.001463
0.725446
1.445829
0.847393
0.318563
0.129636
1.263677
1.767468
0.994112
0.289397
0.609961
0.006926
0.976048
1.346451
0.041618
0.019633
0.418857
0.329815
1.692883
0.011981
2.306794
0.020553
1.072910
0.806888
1.031522
1.393312
1.082101
0.726769
1.661393
1.037256
5.975813
0.227695
0.087424
0.588653
0.595938
1.090117
0.878758
0.077975
0.420860
1.105259
0.144937
0.128684
0.039292
0.851041
0.525530
0.864618
0.789113
0.748566
0.901336
1.015530
0.378109
0.953680
0.858157
0.652732
0.436373
0.959309
0.367321
0.216400
1.261423
1.030554
0.286666
0.679291
0.972829
1.388745
0.199569
0.988377
1.109874
0.803530
0.003418
0.987094
0.696907
0.954405
0.972023
0.070153
0.358940
1.024387
1.051119
0.930957
0.707179
0.419493
0.535452
0.101484
0.792631
0.450596
0.296726
2.288052
1.088596
1.367594
1.130145
1.064778
0.001132
1.466899
0.436883
3.919628
0.872712
0.959815
0.001405
1.119016
1.001664
3.131708
0.013308
0.877722
0.005567
1.008897
0.027056
1.063900
0.977728
1.269663
0.179918
1.023491
2.422299
0.220211
0.561395
1.199364
0.630905
0.446372
0.099751
0.000912
1.158578
1.021887
0.527158
0.816457
0.302058
2.847417
0.916551
0.738435
1.243833
0.644031
0.982601
0.882778
1.430576
1.147006
0.116371
1.292240
0.291719
0.944792
0.531734
0.702342
0.800000
3.529035
1.197550
0.399108
0.112033
0.238752
2.052167
0.543460
1.176361
0.371550
0.911312
0.992732
1.409522
0.837729
1.074685
1.104341
1.589302
1.195296
1.000000
0.693437
0.410251
0.909697
0.793708
0.925224
1.126882
0.809348
0.707966
0.459028
2.847311
1.215810
1.162854
1.029975
0.761746
0.769913
1.181297
0.141490
1.128864
1.119353
0.112950
1.962040
0.670621
0.730923
0.405326
0.861273
1.237674
0.574359
1.102233
0.060972
0.683886
1.000000
0.579980
0.472364
4.761052
1.240811
1.023763
0.984502
1.537481
0.744055
0.769795
0.678084
0.459859
1.350143
0.478443
0.893938
1.085865
1.301433
0.267390
0.979576
1.124777
0.793961
0.398655
0.004837
0.356700
0.000796
0.663995
0.608785
0.524781
1.316673
0.729383
0.976553
0.677309
1.538580
1.124369
0.823199
0.613615
0.629178
1.540745
0.116128
1.154565
1.099628
1.293706
1.218526
0.802028
0.878610
0.614053
1.106396
0.358737
0.758324
0.848279
0.003252
1.360354
1.465800
0.942538
0.447139
0.179035
1.728125
0.084354
0.967032
1.207700
0.826689
5.587666
1.108405
0.213490
2.234012
0.761882
0.191296
0.473259
0.289142
0.826532
1.035963
0.095232
1.110032
1.001184
0.821400
0.635527
0.420129
1.383519
1.019245
1.157411
0.769492
1.240634
4.970492
0.726627
1.133501
0.199052
1.035927
0.395674
0.720470
0.415106
0.560551
1.385937
0.557474
0.912828
0.987366
13.761099
1.125254
0.612633
1.059514
0.530028
0.438734
1.088301
0.660907
0.955052
0.535742
1.015311
0.020842
0.299512
0.585805
0.867512
0.441162
0.014547
0.591709
1.128532
0.338248
1.446391
1.010915
0.160639
1.184562
1.054822
1.156459
0.073375
2.122487
1.242523
1.174431
1.170698
1.028073
1.114913
0.976948
0.105381
0.687395
0.835185
0.854539
0.693812
0.631238
1.134131
0.176356
0.087840
1.077909
0.323675
1.016312
0.841873
1.185851
0.350992
0.083616
1.132775
0.621360
0.334504
0.164394
1.029126
0.911046
1.568457
0.962752
0.877098
0.370202
0.741356
0.890951
0.790259
1.303775
1.170756
2.549864
0.912351
0.949546
1.125950
0.970420
1.018296
0.914243
0.516811
1.552111
3.305633
0.926402
1.096019
1.029975
0.480958
0.387376
0.985312
2.246043
0.698685
0.457310
0.927029
0.547697
0.000529
0.172400
1.126845
0.725166
1.368504
0.665689
0.518232
0.905439
1.329356
1.000000
0.697292
1.378768
0.625380
1.015208
0.998565
0.915131
0.777844
0.916785
0.053974
2.617287
0.707097
1.271829
0.914875
4.363132
0.991841
0.362857
1.187013
0.952985
1.040973
0.000118
0.985181
0.832423
0.641859
0.791586
1.000000
0.563220
0.321279
0.274869
1.138819
0.395098
0.315001
0.518597
1.098654
1.532050
0.644697
1.945194
0.932146
1.000001
0.249567
0.996844
0.892601
0.022516
1.029321
0.994024
0.739322
0.190824
0.701613
1.035412
0.445409
0.000474
0.098032
0.025849
0.967745
1.625555
0.803385
0.261168
0.741834
1.444134
1.017859
0.001607
2.974917
0.189393
1.044561
0.419847
0.055964
0.305678
0.198908
1.865678
4.018937
0.482336
0.857477
0.647322
0.773042
1.342853
0.934597
0.159021
0.762516
0.006379
0.461759
0.508640
0.004963
1.288677
0.880550
0.959803
0.005938
4.443561
0.430385
0.278332
1.251097
0.373438
0.993074
1.001278
0.887585
1.129519
0.078742
0.012720
1.476569
0.998992
1.319793
0.305803
0.310362
0.601528
0.627860
0.719990
0.000004
2.854539
1.057374
0.906729
0.728673
1.720744
0.031029
1.155525
0.453412
2.084662
0.833956
0.436890
0.665290
0.403083
1.480006
0.006201
1.247348
1.485289
1.116668
1.291605
0.938045
0.626921
0.568969
0.958456
0.420628
0.037144
0.838556
0.488494
0.305832
0.638875
0.743148
0.855126
1.110829
0.633734
0.908303
1.324144
1.567485
0.083137
1.822963
0.561705
1.017632
0.911883
0.581039
1.092902
0.410390
4.296497
1.462890
0.977082
0.664056
1.427846
1.121228
1.336645
0.291200
0.703839
0.642828
0.341563
0.819818
0.301902
0.071933
0.184870
0.454222
1.284522
0.633088
0.359451
1.460344
0.266796
0.917603
1.369121
0.175704
0.856171
0.565335
1.027370
0.717592
1.612801
0.969663
0.894581
0.763525
1.049103
1.064075
1.000000
1.057304
0.860572
0.401742
1.460798
0.585040
0.650129
0.820285
0.713879
2.529324
2.129072
1.111949
1.276188
0.633062
1.068021
0.001333
1.063990
0.646597
1.220970
0.447809
0.001671
2.722804
0.706880
0.827905
0.005884
0.692093
0.628862
1.389175
0.442896
0.419448
0.034383
1.276039
1.086545
0.992090
0.843549
0.773365
0.679519
0.676413
0.757565
0.593429
0.981907
0.504112
2.070812
1.057763
0.498565
0.945885
1.138940
0.469521
1.218477
1.044986
0.363057
1.336389
0.646716
1.800702
1.062444
1.234095
0.645632
0.493045
0.492927
0.730030
0.127004
1.023715
0.026367
1.032923
0.714648
0.445200
0.395303
0.878957
0.822494
0.691927
1.000000
1.000000
0.574259
0.879226
0.029481
2.575568
1.497565
1.017640
0.149642
1.607876
1.145219
0.932633
0.304114
1.569912
0.451387
0.329339
3.359729
0.842284
0.161565
0.424807
1.748171
0.879021
1.014434
0.018592
3.001270
1.116203
1.599050
0.686018
1.176179
0.527395
0.540169
0.009550
0.936489
1.014907
1.024926
0.001666
2.478819
0.644980
1.554207
0.623221
1.275783
0.001758
0.096044
0.060012
1.143842
1.082152
1.345045
0.553272
0.774141
0.018568
0.542670
0.352080
0.284650
0.966159
1.607455
0.499047
0.899058
0.668017
0.629172
0.722508
0.940703
0.849008
0.568557
1.564905
0.627310
0.575356
1.802113
0.953589
0.979262
0.699887
1.033223
0.058241
0.123670
0.906223
1.407084
1.030555
0.740785
1.260637
1.741232
2.096965
0.152651
0.357464
1.127363
0.579743
1.178894
0.975534
0.445131
0.536923
0.598176
1.055991
0.962046
0.999518
0.578826
0.742023
1.095091
3.656754
0.040897
0.782524
0.870199
1.195370
0.773034
1.009030
1.162251
2.918101
0.723324
0.943380
0.764948
1.187589
0.832993
0.061449
1.033708
0.969857
1.099891
0.521547
1.006246
1.200911
0.463366
0.875951
0.740246
0.806299
1.130930
3.785610
1.500891
0.288827
0.906615
0.000138
0.892605
0.402575
0.052139
1.998471
0.615278
0.278486
0.605847
0.578444
1.512031
0.843536
1.050066
1.105555
4.943704
0.683818
1.553866
1.024790
1.299150
1.174288
0.849137
0.995649
0.316211
0.667342
0.181904
1.000476
1.806489
1.513973
1.512664
0.171727
0.380632
0.421423
2.441331
0.001715
0.957213
0.908887
0.783936
0.920052
0.522313
0.636120
1.000000
0.406332
2.191480
1.982284
0.995030
0.845059
1.052000
0.760389
0.235867
2.303228
0.859525
0.297093
1.589659
1.481107
0.090970
1.039383
1.410769
1.556396
0.660176
1.057620
0.083050
1.117138
0.141133
0.986929
1.000000
1.132324
0.449231
4.950607
0.977419
0.831013
0.309597
0.739943
0.320084
0.152139
0.002421
0.921707
1.651534
0.715533
0.953496
1.014262
1.273842
0.221149
0.002416
1.412625
0.997531
1.138879
0.243636
0.969844
0.915619
0.890791
0.702952
1.037699
1.096410
1.307519
0.001399
1.054554
0.046789
0.997101
0.027311
0.994531
1.309372
0.003327
1.301861
0.845413
0.989670
0.884904
1.262424
2.224832
0.345005
0.074670
0.788339
43673.032838
0.354532
0.946882
0.005813
0.031747
0.858657
0.793615
0.011606
1.189508
0.246130
0.204207
2.060040
0.855599
1.061067
1.001609
1.020342
0.509878
0.208669
1.012812
0.955978
1.141111
0.188298
0.817598
1.015034
0.961679
0.794300
0.977790
0.532901
0.003301
0.614320
0.008988
1.033843
0.087809
1.031037
0.713125
0.702071
0.423195
3.212618
0.994565
2.153915
2.081683
1.064652
1.225937
0.305004
0.006915
1.145966
1.011087
1.293720
0.717568
0.423325
0.077356
1.379913
0.659708
0.775848
1.008564
1.188104
0.364343
1.088899
2.347791
0.878634
0.134076
1.046918
0.755169
1.467395
0.129537
3.475971
0.694844
0.335467
1.252793
1.200650
0.259174
0.962953
1.059204
1.235642
1.099994
0.723151
0.044965
0.094882
0.005987
0.854781
1.056772
2.787796
0.250957
0.685523
0.272679
0.639181
0.892127
0.683413
1.337406
0.492634
0.050281
3.355937
0.285184
0.833328
0.888079
0.769657
0.542728
1.768619
0.806890
0.430622
0.770547
0.000580
0.397395
1.340051
0.795198
0.698463
0.519492
0.462342
0.905135
1.236379
1.953970
1.664087
0.964540
0.032228
0.556314
0.721551
0.384936
1.618891
0.601767
1.036971
0.887978
0.599899
0.577480
0.944264
0.895288
1.358738
0.089976
3.161207
0.908407
0.435062
0.769531
0.892830
1.468261
0.552426
8.562666
0.140368
1.299832
0.791705
0.711522
4.066547
0.960072
1.019855
0.846195
0.607019
1.424604
0.926732
0.490804
0.979278
0.254362
0.969616
0.748640
1.065810
0.947475
2.065464
0.823407
10.930515
0.494374
0.542151
0.652055
0.750166
0.900938
0.681117
0.079949
0.875339
0.934936
0.300921
1.604315
1.093355
0.841538
0.068060
1.215552
1.313963
0.296512
0.468638
0.631594
1.012928
0.269831
1.212823
1.007677
0.068406
0.355263
1.171851
0.963794
0.536900
0.456299
0.826766
1.208903
0.956944
0.901604
1.190171
0.934938
1.118070
0.587085
0.674807
0.336325
0.779639
1.656005
2.667685
1.320526
1.297927
1.437429
0.746313
0.546594
0.383337
0.724338
3.271551
0.947730
0.292828
1.011929
0.916452
22.245177
0.876219
1.095611
0.226197
1.167010
0.265157
1.009146
2.339696
0.829459
1.937569
1.201279
1.397690
0.753928
1.474552
0.990289
0.916609
1.912169
0.185047
0.185598
0.474557
0.763798
1.232727
4.828449
0.150991
0.448592
1.013145
1.530296
1.087057
0.655275
0.634238
0.518967
0.972810
1.283064
1.222208
0.985053
0.595911
1.138156
0.334942
0.259376
0.307791
0.451441
1.454382
0.768398
0.005408
0.027526
0.738011
0.782058
0.741018
0.007663
1.777162
1.020823
0.937890
1.045039
0.143086
0.489672
0.972628
0.857380
0.004213
0.225711
2.081930
1.000000
0.264027
1.156547
1.052803
0.228059
0.841613
0.318153
0.011102
7.510525
0.238774
0.642394
1.205144
1.029978
0.083605
0.082550
0.929866
0.381649
1.549092
0.117085
0.023030
1.413159
0.157808
0.872625
0.219619
1.111736
0.988340
0.020533
0.939355
1.108464
1.000000
1.164177
1.094808
1.570204
1.267042
1.074781
1.130649
3.270525
1.266342
0.026940
1.415145
0.434584
1.343756
0.834809
0.264305
0.502305
0.624949
0.653678
0.139990
0.477840
0.384563
0.146777
1.017862
1.490035
0.354933
0.706664
0.952833
0.632225
0.715182
1.300941
0.724180
1.243264
0.012230
1.698861
1.277809
1.090409
0.921409
0.794345
1.073280
0.973356
1.019045
0.743890
1.027756
0.750539
1.145915
0.041803
0.476400
0.411004
1.190106
0.953060
0.631398
1.152011
1.367015
0.195370
0.870842
0.211393
0.472580
0.294163
0.021013
0.815863
0.609638
1.110525
1.126852
0.980912
0.797508
0.818475
1.230534
0.623101
0.998044
0.000393
0.888905
1.041373
1.672540
0.799801
1.541146
0.005309
1.180626
0.997884
2.388089
1.308612
0.842911
0.621914
0.953573
0.000094
0.538114
1.204554
0.892260
0.493929
2.227870
0.259588
0.484297
1.896955
1.135437
0.698315
0.605088
1.217103
1.454149
0.683514
0.847457
1.114563
1.267554
0.007277
0.005797
1.134175
0.843512
0.170615
0.159475
0.991500
0.985046
0.247587
0.085330
0.639212
1.057227
0.452889
0.727706
1.667931
1.656642
0.470118
0.538226
0.257918
1.852507
0.595822
1.671254
0.856130
0.749334
1.677730
0.967727
0.407454
0.815063
1.159405
1.580740
0.938115
0.886767
0.996137
1.014616
0.972272
2.076465
0.945581
0.733414
0.951563
0.849600
0.244119
0.159741
0.497220
0.744756
0.659438
1.023924
1.952873
1.160550
0.924369
1.049619
0.986087
1.631364
1.018521
0.404196
1.461199
1.047468
1.071723
0.832296
1.278807
0.883427
0.889791
0.218987
0.605734
1.209876
0.684079
1.062467
0.724054
0.982377
0.495869
1.134026
0.823342
2.051272
1.349726
0.864340
1.278691
0.693512
0.764196
1.167806
0.187866
0.296579
1.086214
0.122390
1.184630
0.395732
1.253070
0.345031
1.452982
0.319929
0.980686
0.145566
0.067005
1.658674
0.051838
0.716932
0.964550
1.120473
1.304470
5.186373
0.001126
0.976614
0.942846
1.191597
2.701562
0.655049
1.000000
2.745311
0.604382
0.732609
0.018101
0.933930
1.759161
0.926582
0.855305
2.819007
1.390809
1.030320
1.796319
0.609011
0.280584
1.577650
0.129364
1.585591
0.945365
0.720233
0.737464
1.538239
4.631001
0.536522
0.348656
0.651802
0.399290
1.130468
1.019856
1.004131
0.679532
0.730409
1.308556
0.737787
0.612591
0.878730
1.051716
1.501751
0.526658
0.090393
0.111348
1.335080
0.988556
0.938536
1.221986
0.138866
0.265183
1.237773
0.004341
0.895658
1.811377
0.449812
0.920229
0.115686
0.890734
1.499777
0.438278
0.583714
1.188851
1.105637
2.423629
0.083902
1.060445
1.006141
1.375749
2.845447
19.615300
0.013570
0.532130
1.465498
0.990712
0.799962
0.737443
0.717324
1.205100
0.690049
2.208089
0.591523
2.947635
0.920681
0.799907
1.274079
0.569898
1.001553
0.530712
0.426614
0.264728
0.987814
1.217170
1.889952
1.683492
0.720027
0.834095
0.041917
3.048312
0.855610
0.945386
1.427719
0.700669
1.000443
1.465441
1.012340
0.725727
2.867570
0.791282
0.738832
0.647737
0.491348
1.209612
0.912453
0.073135
1.069490
0.697868
0.042020
0.693884
0.408660
0.926182
0.783948
1.078913
0.718801
1.463859
0.898871
0.623950
0.004064
1.134077
0.477275
0.979590
0.671067
1.837510
0.743573
0.758873
0.507760
0.010524
1.568853
1.131930
1.000000
0.857461
1.000496
0.822913
1.102999
0.495224
0.934067
1.033472
0.523504
0.960767
0.286782
1.341196
1.459638
0.262848
0.910951
1.041501
4.189769
1.018746
0.379082
0.230854
1.333526
0.965074
0.514434
0.125129
0.734141
0.294895
1.069305
0.669759
1.857470
1.311521
0.082201
0.351752
0.615877
1.295557
1.048521
0.612423
1.160728
0.834770
0.802863
0.913857
0.953638
1.189386
1.050727
0.848223
2.333402
1.081015
1.076916
0.638054
0.908714
0.881397
1.473797
0.806817
0.954764
0.671667
0.672963
0.005695
0.769919
0.972212
0.522215
0.072139
1.030795
1.173367
0.044120
0.422773
1.107213
0.878633
0.682575
0.657946
0.695254
0.824547
1.050438
1.217476
0.788253
0.975886
0.806886
3.030969
0.052641
0.899449
0.040999
0.527176
0.517791
1.002993
0.002437
3.482430
0.913378
0.580322
0.956293
0.950744
0.708496
2.464823
1.121140
0.998898
0.825754
0.994775
0.091410
0.377508
1.257378
0.921733
0.996687
0.898933
0.243498
0.917305
0.394352
0.992205
0.914498
0.602578
0.752573
1.064571
0.142166
0.990659
0.693580
1.034970
0.935953
0.164426
0.004580
0.425930
1.177960
2.296112
0.455030
0.844063
0.924851
0.414082
1.284285
0.125771
1.447921
1.014780
0.630788
1.072982
0.193947
0.714040
0.902381
0.865234
1.034188
0.200777
0.366775
0.224084
0.978999
13.701322
0.506714
0.989285
0.420826
0.037244
0.702353
1.023768
1.486883
1.484263
1.019424
1.238232
0.047889
0.553915
1.020360
0.610722
1.144908
0.001214
1.173922
1.470231
1.610994
1.000101
0.960329
0.060666
0.846372
2.735953
0.457886
0.510871
0.020581
2.406381
0.906893
0.005068
1.070346
0.320054
0.792902
0.042628
0.914565
1.710845
0.095955
1.168649
0.476921
0.110435
3.587083
0.715575
1.105449
0.120879
0.603718
0.785978
1.869940
1.386927
0.280093
0.948774
0.206301
2.523220
1.144129
0.599709
1.075634
0.862052
0.513027
0.855448
1.225805
1.415528
0.593188
0.993508
0.211899
0.898873
1.567735
0.682529
0.000249
0.260277
0.220451
1.130803
1.813860
0.431676
0.908880
0.142680
0.944946
0.087794
0.492561
0.717912
0.451822
0.770241
0.967955
0.683351
0.620726
0.988578
0.642775
3.405977
0.264369
0.851763
0.556775
1.316840
1.124788
1.007703
0.536351
0.478140
0.343936
1.045640
3.197157
0.999502
0.587052
0.283195
0.480687
0.392572
1.347414
1.031216
0.996058
0.592138
0.054888
3.030926
1.121778
0.963011
0.904264
0.980259
0.268071
0.760752
0.989969
0.682751
1.114154
0.488656
0.817731
0.524660
0.946106
0.899438
2.225113
0.000058
1.756615
1.019944
2.741079
0.204752
0.335712
0.806951
1.215294
1.773784
1.334384
0.008091
1.210753
1.016917
0.835466
1.166776
0.948324
1.016647
0.835400
0.677620
0.231609
0.992894
1.060911
0.976647
1.123376
0.308862
0.936739
0.808054
2.988459
0.952932
0.595363
0.717630
1.442709
0.798371
1.153798
1.049809
1.030255
0.605173
0.087211
0.000444
2.558732
0.983955
2.810339
1.196246
0.814597
0.760129
0.925104
0.807712
0.811409
1.903641
1.319404
0.613150
0.636980
0.594573
1.235370
1.015829
0.300970
1.352252
0.941678
0.170699
0.796129
0.063712
0.994913
2.438351
1.246934
0.830756
0.570441
0.344918
2.066341
1.435049
0.487127
0.561704
0.342839
1.587200
0.584422
1.031326
0.222262
0.220572
1.230681
1.805452
1.067221
0.392200
0.010564
0.876442
2.245321
0.965629
0.714295
1.129210
1.008424
5.844152
0.536590
0.816329
0.704801
7.058311
0.566008
0.970479
0.001045
0.840410
0.636783
0.714671
1.169216
0.273208
0.828220
1.234443
1.223793
1.049608
1.117577
1.117724
0.946145
1.015357
0.778868
0.817440
0.751031
0.983655
1.861665
2.710090
0.313917
0.245430
0.912432
0.719116
1.184796
1.129063
0.587036
0.956076
0.930640
0.482515
0.238397
0.297907
0.735141
0.633995
0.782381
0.873550
0.043169
0.624963
0.915716
0.396159
0.025572
1.779432
0.037438
1.504056
1.934901
1.029338
1.802516
0.100147
1.025389
0.876492
1.480348
0.085738
0.753270
0.851720
1.053449
1.421209
1.083211
0.215389
0.680453
0.984710
0.320903
1.512053
0.595442
0.287486
1.016241
1.224168
0.655060
1.657324
0.924498
0.671346
0.116922
1.160189
0.688429
0.655025
0.662496
0.754608
0.851682
0.607351
0.406444
0.409209
0.950498
0.319068
0.346426
1.079992
0.902573
0.952833
0.494998
1.776150
0.492424
1.130803
0.919660
0.599864
0.874694
0.524609
1.171172
0.936829
0.791516
0.096272
1.000000
0.980449
0.861003
0.828658
0.778135
1.108491
0.881332
1.131307
1.802397
1.398328
1.518841
0.659336
0.487751
0.728613
0.891246
2.747940
4.865674
1.057557
0.732237
1.190821
0.610736
0.034772
0.935966
0.358449
0.968322
1.194843
0.075832
0.303245
1.034570
0.043502
1.569494
0.530134
1.438862
0.131385
2.170591
0.387226
1.524286
0.924768
1.692623
1.041305
1.619210
0.855957
0.995940
0.767646
0.956478
0.153990
1.290932
0.101546
1.102500
0.529484
0.910269
0.461942
0.345682
1.564541
0.944955
0.190080
0.995252
0.071238
1.243450
1.035115
0.079101
0.457766
0.540319
1.084948
1.660553
1.108963
1.714558
1.168764
0.935441
1.280035
1.169212
1.027280
0.658430
0.622664
0.805206
1.277442
0.397024
1.669575
0.736426
0.621557
1.533110
0.655410
1.099750
1.039676
0.716139
1.819362
0.394695
1.091291
0.298908
0.014463
0.687721
1.553067
0.046962
0.333952
0.793518
2.761158
0.202527
0.022951
1.042390
0.699274
0.400644
0.387911
0.293910
0.888655
0.219185
0.000129
0.514952
0.410763
1.236844
1.024639
0.655146
0.133720
3.107476
1.529727
0.043103
1.174290
5.614169
1.002494
1.368473
2.779701
0.285346
0.165601
0.759345
0.467787
0.504344
0.443887
0.993032
0.013401
0.458797
0.063235
1.153576
1.024835
1.078621
0.026817
0.874821
1.058803
0.008037
0.009368
0.001049
0.450067
0.839104
1.164048
0.931034
1.727904
0.993031
1.173545
0.976453
0.004159
0.620696
0.158111
0.852490
0.514353
0.578058
37.057965
0.778179
1.289023
0.672707
1.648424
0.788921
0.061190
0.679765
0.113053
0.485466
1.208682
0.950433
0.974388
2.534488
0.501521
1.005828
1.147732
1.551510
0.712020
0.980417
1.246303
0.910654
0.874599
0.797658
1.288300
0.012062
0.786986
1.074155
1.310601
1.438502
0.614081
0.456873
1.194927
2.283611
1.636475
0.260297
0.154120
2.018665
0.608438
1.264447
1.216744
3.406927
1.349008
1.115082
0.728104
0.104647
0.682200
1.095742
0.880125
0.981314
0.581107
0.554850
1.273303
1.189952
1.212809
0.919251
0.955399
0.826980
1.222370
0.447797
0.493866
0.713648
0.971262
0.843837
0.891795
0.259200
0.669515
0.941241
1.002395
1.051918
1.104552
0.019683
0.910818
2.899470
0.992498
1.139283
0.244517
0.905174
1.153875
1.052820
1.452564
0.698572
0.356770
0.831964
1.990167
0.022867
0.300432
0.575992
0.704348
0.506106
0.604015
0.062776
0.640124
1.112181
0.566020
1.053799
0.916186
1.000000
0.414088
0.988210
0.189861
0.015369
0.997691
0.772436
0.550550
1.251592
0.337677
1.038752
0.597315
0.805878
0.465069
0.946641
0.820080
1.153053
0.951391
0.470612
1.055358
0.859607
0.960716
1.166532
1.035034
1.570545
0.480309
0.923648
0.151915
2.416598
1.148359
0.226371
0.765941
1.030986
0.493643
0.696181
0.624418
0.946325
0.887941
0.002511
1.336302
0.233924
1.207713
0.564682
1.492207
1.983836
0.564228
3.010208
3.165255
1.010936
0.919204
0.527601
0.887833
1.085034
1.560700
0.945796
1.301232
1.120278
0.807059
1.092064
1.020202
0.007993
1.206365
1.054969
1.129196
1.793118
1.120599
1.000000
1.023026
0.414134
0.546693
0.623637
0.452919
0.125912
1.010474
0.864857
1.089994
0.271125
1.073040
0.070417
0.254238
0.732643
0.003267
0.474842
1.137472
1.236083
0.974305
1.203329
0.816337
0.431152
0.161127
0.870059
0.992548
1.200071
0.001052
0.827989
0.712033
0.342642
0.803747
0.506988
1.357561
0.822584
1.806174
1.491662
0.617731
0.710138
0.597384
1.325062
1.503230
0.829037
0.407397
0.670276
1.271692
1.234128
0.589243
0.000330
0.648203
1.425351
0.325758
0.661793
0.869965
1.318378
0.598676
0.504787
0.735193
1.085375
0.096702
1.001629
0.006611
0.278139
1.012479
1.138502
0.876116
1.183456
2.177102
1.555341
1.587654
1.145615
0.110495
1.215146
0.289141
1.000000
1.761347
0.965150
0.834567
0.007256
1.157959
1.074414
0.724499
1.845427
1.246331
1.478023
1.084923
1.208579
1.603841
0.846468
1.022271
1.042952
0.945534
1.760521
3.082799
0.486381
2.983504
0.008339
0.752108
0.830454
1.007860
3.199293
0.007820
0.869902
1.566041
0.852590
1.572062
4.641316
1.366878
0.011872
1.540459
0.969932
0.704787
0.979738
0.889689
1.115394
0.169019
1.024988
0.304168
0.224457
0.460185
1.097984
0.954131
0.715017
0.055482
1.224301
0.533898
2.100416
0.030391
1.281287
0.689666
0.484827
1.437126
1.033521
1.058147
0.851618
0.337216
0.975595
0.966110
0.831840
0.001072
0.124890
2.539271
1.590939
1.000000
0.873220
0.565461
1.161682
0.012104
1.239846
0.551655
0.833076
0.736112
0.176755
0.108866
0.343888
0.294128
0.053635
1.005101
2.205171
0.842554
1.949660
1.012713
0.776243
0.515847
0.721382
0.590776
0.032938
0.553067
1.042384
0.204107
1.478180
0.743439
0.855741
0.569033
1.139672
1.626913
1.258432
1.089479
0.995723
0.597527
0.699519
0.875766
0.792915
1.623104
0.701317
0.076642
0.685488
0.842608
0.777096
0.574295
1.414099
0.684280
1.259980
1.559100
0.963096
0.914327
0.017543
1.212176
0.690631
3.110638
3.139975
1.071588
1.401675
0.609551
2.612933
1.134548
0.021326
1.190606
0.788056
0.695262
0.996936
2.097069
0.129936
0.915263
0.630290
0.644937
0.722911
0.947087
1.108660
1.111522
1.865730
0.945097
0.561123
0.971445
0.803826
0.891251
1.280677
0.281103
1.028545
0.805634
0.729121
1.292693
0.019015
0.852073
0.076067
0.847824
0.512696
0.008036
1.167829
2.779436
1.144732
0.855372
0.692679
0.465705
0.681841
1.064828
0.174627
0.950664
1.042103
0.852565
0.119457
0.577052
0.695236
0.969745
1.790693
0.493626
0.320245
1.058940
0.795130
0.002582
0.977278
1.101939
2.501759
0.710922
0.131889
0.831484
0.625960
0.973848
0.188274
1.976029
0.050976
9.141532
0.433746
0.815618
0.965574
0.403209
2.968225
1.567881
0.962334
0.227085
0.133563
0.935178
2.484171
1.458188
0.499921
1.109264
0.523066
1.254337
0.006843
1.026597
1.022663
0.994365
0.657160
0.694641
0.219435
0.429384
0.867043
1.409521
0.878151
0.032554
0.735160
0.313855
0.969134
0.349525
0.162169
0.740120
1.040817
0.467375
1.285276
1.396847
0.809646
0.804778
0.988635
0.095615
1.030408
1.278836
1.228689
1.651898
1.274847
0.948303
0.881698
0.043580
0.670372
0.449158
0.647165
0.571793
0.822849
0.053407
1.106783
0.215180
0.991866
1.000000
0.645540
0.630606
0.775710
1.117413
0.977320
0.985096
0.476680
0.755771
1.383467
0.420221
0.749762
0.533201
1.073483
0.013546
0.953076
0.698317
0.151507
0.949500
1.029082
0.382485
0.011046
0.047030
0.666530
1.032104
0.673649
0.732551
0.018262
0.911152
0.875248
0.794510
0.944771
0.610949
18.322451
0.774438
0.542353
1.238781
1.280922
2.763128
0.401260
0.704174
0.816017
1.272415
1.232532
1.455142
0.611608
0.637676
0.533472
1.027247
0.305539
2.362141
0.522664
0.990171
1.034451
0.002890
0.273398
0.035688
0.018129
0.975290
0.900079
0.593070
1.224725
1.398514
0.646141
1.756413
0.845995
0.872705
0.890643
0.463237
0.803633
0.673390
1.195059
0.128983
1.155733
1.012737
1.072358
0.017212
0.901385
0.880139
0.014435
1.136601
0.529292
1.133719
1.150178
0.822019
0.318896
1.111472
1.397399
0.812789
0.957643
1.368789
0.427945
0.014049
0.052861
0.951493
1.761038
1.294650
0.127029
0.681604
0.777900
5.937601
1.035329
0.924668
0.489158
1.805648
0.989032
1.006391
1.571231
0.656502
0.694557
1.086143
1.476157
0.533855
0.054639
0.844151
0.907096
1.661810
0.802697
0.825066
0.812690
1.608198
0.966460
0.989150
1.511603
0.151566
0.727548
1.001357
1.293848
1.051775
1.559430
1.834350
0.713407
5.469126
0.878014
1.327297
0.800987
0.895667
1.130347
0.824668
0.157136
16.905372
0.000882
1.736437
0.629945
1.168757
0.156261
2.589280
3.660281
0.635788
1.588185
0.250998
0.928269
1.151221
1.138800
1.480801
1.717403
1.604220
8.414070
1.687765
0.850056
1.116579
0.011561
0.046561
2.463405
0.497885
0.111693
1.013565
0.003754
0.461452
1.469266
1.079225
0.310637
0.425420
0.802805
0.350206
1.008951
0.546483
1.356908
0.784297
1.049422
1.735955
0.967947
0.384073
1.067497
1.421544
0.388524
0.662246
0.968714
1.014179
1.486558
1.223749
2.985922
0.861194
0.235480
0.967690
0.899282
1.060818
0.238046
0.418118
1.230244
0.484577
0.964543
0.023977
0.648650
0.784395
0.357192
0.751720
1.072860
0.568941
1.331558
1.788258
1.193141
0.865958
0.594931
0.472798
1.192005
0.033617
4.530506
0.738398
0.970511
1.158355
1.022485
1.175943
1.459627
1.809755
0.821919
0.032198
1.028132
1.267465
1.121572
3.592836
0.485696
0.371628
0.969986
0.017862
1.157229
1.094799
1.076885
6.552073
1.814624
2.783970
1.029244
0.808178
0.871346
0.028937
0.851820
0.646280
1.111027
0.961652
0.547171
0.946546
1.921755
0.893821
1.185211
1.991651
0.745964
6.372875
1.167094
0.039918
0.955430
0.151090
0.778838
1.132466
0.666849
1.026435
0.452050
0.296301
0.358650
3.187945
0.591698
1.061306
0.732217
1.130932
1.362132
1.467929
0.934570
1.549091
0.009292
0.898813
0.652195
0.290958
3.812155
1.955000
1.687318
0.394890
1.503408
0.633431
1.578943
0.553714
3.940599
1.019031
0.920559
1.627118
1.582915
0.625353
0.225316
1.001993
0.650157
1.307195
1.144067
1.321444
0.788633
1.000000
1.238228
0.000516
1.622906
2.298918
5.554970
0.441761
1.433881
0.130427
0.119382
1.210732
0.951126
0.673593
0.000006
0.718531
0.008175
1.742902
0.544351
0.549917
1.062643
3.728914
0.376217
0.620860
0.001090
0.342664
0.962331
1.075796
1.320289
1.504218
0.464144
1.617751
0.470878
0.779919
1.548691
0.678033
1.750763
3.911350
0.875086
0.844990
0.081655
0.003468
0.752624
1.749992
0.932707
0.944178
0.741509
1.090228
0.835455
1.532547
0.861707
2.437104
0.836519
0.867730
1.350449
2.913239
1.201325
0.024552
0.893454
0.606227
0.871795
0.780385
0.113840
0.297706
0.000270
1.055999
1.054082
0.502132
0.533533
1.062373
1.320240
0.501251
0.000521
0.999277
0.682364
0.168472
0.688746
0.946418
1.289159
5.096273
1.769974
1.220418
0.769065
15.801957
1.111478
0.648895
0.521125
0.000411
0.839117
2.035516
1.028933
1.398564
0.385577
1.745045
1.193622
0.762237
1.467182
0.869717
1.063183
0.579825
1.050086
1.081990
0.824768
1.001918
0.769058
1.775867
1.628127
1.159156
0.714434
0.986022
0.059967
1.444951
0.832646
0.401509
0.362520
0.613168
0.355675
1.056752
154260.694827
0.603201
1.376811
1.061139
0.979565
1.171692
1.578473
2.103945
0.636975
1.158826
0.946381
2.098760
0.516624
1.860049
0.200824
0.395030
1.736252
0.195188
0.988094
0.321276
0.957635
0.489355
0.769881
1.178658
0.603199
0.497982
1.046874
0.756757
0.022388
1.573680
0.705113
1.512698
1.759397
0.429744
0.334838
2.019930
1.132977
1.019434
1.030324
1.064270
0.974519
0.597925
0.749668
0.363622
0.326875
1.786393
0.546984
0.636286
0.730993
1.129472
0.698077
0.623829
1.010084
0.922441
1.293993
3.280418
1.227514
0.449254
8.680819
1.008841
0.127619
0.517522
1.046715
1.400101
0.906298
1.401535
0.996497
3.969978
0.873480
0.366656
1.141484
1.556373
1.034981
0.885676
0.952745
0.824349
2.096912
0.349327
0.349461
0.181762
0.899646
0.843709
0.542713
0.961254
0.564307
0.686842
1.701996
0.088133
0.240933
0.462124
1.803730
0.788596
0.679551
0.691512
1.009844
0.524035
0.484062
0.824749
0.772043
0.103328
1.799785
1.857845
0.002817
0.786019
0.000217
4.012702
0.344292
1.714134
0.789138
0.220047
8.261543
0.641729
0.059532
1.013934
0.000414
0.023384
0.430352
0.642967
1.183953
0.012291
1.010171
0.754937
0.783055
1.145188
0.585676
0.791959
0.801557
0.217917
3.808896
0.585829
0.912673
0.955414
0.719860
0.783876
0.207429
0.596484
0.009442
0.957902
2.570908
0.624551
0.890432
0.949896
0.830049
0.271010
0.014334
0.806446
0.171836
1.572932
0.382319
1.111053
1.072931
1.348402
0.576816
1.134550
0.234296
1.759361
0.588912
0.743697
0.261739
0.632417
0.774648
1.324698
0.142258
0.704845
0.935271
0.761163
1.055087
1.332390
0.003117
0.837531
0.853259
1.166910
1.194855
1.616487
1.797556
1.070637
0.005599
0.451029
0.544181
0.899375
0.115531
0.823101
1.008457
1.641060
1.056922
1.107010
0.408928
2.353645
0.949480
0.866690
0.942094
0.985903
0.373631
1.654985
0.046544
0.524462
0.744768
2.417170
0.009925
0.112175
0.996177
0.147250
1.233024
1.024461
0.050799
0.564907
1.480430
0.408241
1.179755
1.051772
0.993758
1.903832
1.507261
0.784600
0.036203
0.706301
0.844088
0.418569
0.016961
0.831897
0.932023
3.660507
0.235779
0.794302
1.713442
1.314236
0.368036
1.177422
0.572463
0.409548
1.300571
1.224070
0.732425
1.206554
1.055618
0.002939
0.232146
0.634789
0.737728
1.230479
1.930926
2.385584
1.325891
1.054508
18.504100
0.000481
0.316095
1.440617
0.902094
1.421242
1.388537
0.988463
0.663271
0.505115
0.692870
0.484886
1.079452
0.250114
0.701629
0.593730
0.212289
1.044690
0.790413
0.698589
0.047881
1.101512
1.071965
0.030067
1.851606
0.666457
1.045459
0.599830
0.002689
0.576412
0.991627
0.995868
0.233070
1.859689
0.671139
0.844540
1.095504
1.059740
0.714005
1.498759
0.860414
0.996656
0.960866
0.688990
0.725213
0.744051
1.002197
1.034542
1.373484
0.834988
1.198883
0.821946
1.690604
1.085987
0.323421
0.864935
0.730172
1.010169
1.435486
3.252587
0.107103
0.860822
0.734697
0.818412
0.932745
0.031574
1.088777
0.683239
0.863303
0.991896
0.046713
0.605746
0.650699
1.352651
0.862562
0.915928
0.583704
0.730412
0.870020
1.094662
0.720463
0.609421
1.757331
1.221897
0.016578
1.046278
1.350339
0.920440
1.115329
1.045511
0.565704
0.305438
1.036073
0.535862
0.637627
2.241769
0.006145
0.469447
0.436073
1.234929
1.263481
0.786107
0.512759
0.853178
0.000464
1.194737
0.321638
0.971782
0.773348
0.507362
0.809067
1.010083
0.344823
2.538916
0.771206
1.301281
0.352553
0.421232
1.333120
1.801401
0.001813
0.012567
0.734773
1.051592
2.827556
1.410543
0.499900
0.900001
0.703258
1.025430
1.423075
0.996275
0.821925
0.376133
1.032892
0.448973
1.462329
0.479821
1.480449
0.729131
2.946512
0.593262
2.651129
2.311705
0.391897
0.061347
1.342681
0.147154
0.676978
0.259728
0.804575
1.531146
0.721046
0.926286
1.308447
1.059135
0.040495
0.272839
0.659478
1.455446
0.306462
0.614656
0.851916
0.710156
0.897743
0.829088
1.016349
0.962823
0.775718
0.655625
1.502022
1.099572
0.667247
0.808483
0.276382
0.540910
0.603315
1.199680
0.900632
1.005343
1.432428
1.294979
0.898355
1.083546
1.066014
0.866990
0.434604
0.275427
0.651393
0.980524
0.381068
0.507270
1.040736
0.074614
0.202157
1.116759
0.862844
0.919157
0.996297
0.433479
0.795073
0.536252
0.522107
0.575639
0.457930
0.473060
0.841159
1.302458
0.967301
1.112541
0.998483
0.158262
0.451949
1.444541
0.601442
0.322341
0.669025
1.124531
0.402211
1.007785
1.260853
1.039912
0.070861
1.167757
0.793376
0.852190
0.735559
0.503849
1.017217
0.676913
0.110391
1.297724
1.425550
2.273143
1.352243
1.205530
0.321601
0.003128
0.424396
0.016329
1.140308
0.896640
0.580700
0.558704
0.239157
0.248754
0.970852
1.058783
2.152897
2.669168
0.847166
0.746842
1.354047
0.976136
1.083159
3.197107
1.382808
1.759405
0.928804
2.288014
1.211618
0.817844
0.868837
0.829503
0.992576
0.896943
0.280557
0.373694
1.208502
0.156708
1.276307
1.851935
1.210764
1.017947
0.558666
1.545685
0.066590
0.629049
0.636942
0.714110
0.038487
0.419449
0.481060
0.982989
0.383095
2.598198
1.485908
1.437500
1.148628
1.117146
0.356665
0.010699
1.015770
0.801203
1.020354
0.292938
1.062698
1.122826
1.051848
0.959582
1.060667
0.662676
1.000112
1.037738
0.771993
0.832801
2.382644
0.920804
1.056432
1.249962
1.011874
4.182726
0.454118
5.307219
1.014450
3.086052
3.413931
0.818551
0.270516
0.556961
3.972952
0.266537
1.389860
1.180412
2.767042
0.010963
2.284556
0.761780
0.510107
0.014065
1.195181
1.584803
0.499426
0.313766
1.074295
1.398458
1.625903
0.268227
1.174508
1.032142
0.911079
1.589921
0.982215
0.305224
0.056280
1.139325
1.678972
0.525125
1.519449
0.758209
0.765466
0.685664
3.766690
1.054491
0.243884
0.662984
0.504308
1.911118
0.978327
1.210561
0.958637
0.003868
0.702511
1.819033
0.012343
3.330724
1.230614
0.860106
0.062880
0.509936
0.894345
1.596352
2.680096
1.005149
1.005109
1.007744
1.409542
0.466614
0.605127
0.312147
0.477421
2.255827
0.422412
0.256193
1.413398
1.041909
1.664122
0.176202
1.084381
2.250843
0.528585
0.225971
0.890198
2.986669
0.163673
0.619935
3.291688
0.493797
0.234571
3.015047
1.027722
0.238552
1.211539
0.532990
0.404498
0.101887
0.128944
0.810071
0.724460
0.395891
0.839100
0.959655
0.944139
0.533948
0.002603
0.566494
0.943538
0.274753
0.693663
0.821082
0.476902
0.879705
0.139913
0.818035
0.443094
1.184386
1.758547
1.513647
0.075155
1.026056
0.992317
0.226763
0.840203
0.047818
1.123298
0.429447
0.244331
0.258419
3.767226
0.093546
0.898459
0.801805
1.207075
0.767379
0.271796
1.412015
1.128917
0.661034
0.730706
2.831021
1.331214
0.732307
1.222802
1.491104
0.043299
0.616077
0.020058
0.641112
0.607540
0.985734
0.769318
0.681905
1.990434
0.967262
0.330943
0.987667
0.523770
4.062830
0.449925
0.066366
0.763492
0.722381
1.000000
0.836520
1.366598
