0.002044
0.012432
0.037509
-0.128938
-0.240158
-0.018500
-0.000299
0.009979
-0.006299
0.083312
0.027634
-0.004238
0.003092
0.027753
-0.019383
-0.015847
-0.032901
0.029625
0.002385
-0.009311
-0.000191
-0.007950
0.002349
0.001871
-0.005536
0.002926
0.001183
0.244009
0.031748
-0.000890
-0.020527
-0.006429
0.000677
-0.229583
0.000089
-0.003812
-0.210481
-0.014746
0.015221
-0.054229
-0.031560
-0.007854
-0.016058
-0.077248
-0.093698
-0.002135
-0.082269
-0.001644
-0.008629
0.000142
-0.018188
0.182845
0.008846
0.158882
-0.015376
-0.007128
0.170154
-0.009472
-0.003912
-0.004516
0.000690
0.002876
0.055276
-0.047480
0.052461
-0.027382
0.002034
-0.081243
0.010419
0.001071
0.051509
0.050541
0.039568
0.043090
0.019179
-0.014077
0.029241
-0.011496
0.024526
-0.004812
0.017150
-0.013639
0.004836
-0.001413
-0.013888
-0.017057
-0.009375
0.271078
-0.051310
-0.025096
0.000600
-0.018034
0.005531
-0.154340
-0.001456
-0.253647
0.000048
-0.038545
0.004002
0.000685
-0.003458
0.230817
-0.001013
-0.190277
-0.016404
0.193296
-0.011312
-0.000953
-0.120310
0.007816
0.001332
0.080845
0.001524
0.185599
0.030731
-0.007218
-0.004366
0.272058
-0.005323
0.059841
-0.011673
-0.608331
-0.000341
0.258902
-0.050078
0.016693
-0.001016
0.029370
-0.003099
0.042634
0.049438
0.016959
0.534557
0.053427
0.000974
0.027582
0.460181
0.072473
0.032057
-0.000572
0.011816
-0.241890
0.018048
-0.047078
-0.108928
-0.045354
-0.135927
0.031548
0.001654
0.005219
-0.005603
-0.003173
-0.000336
0.001631
0.020458
-0.055043
-0.134665
-0.047237
-0.007097
0.088861
0.041434
-0.012992
0.003328
0.002752
0.386976
0.048863
0.011310
0.000070
0.018236
-0.046682
0.277447
0.076546
-0.051667
-0.019246
0.001970
-0.011655
-0.001108
-0.527973
0.050918
0.036112
0.030119
-0.000461
0.007262
0.022449
-0.010724
0.050440
-0.153112
-0.001952
0.134384
0.027532
-0.073415
-0.000030
-0.005933
-0.009880
0.017292
-0.000951
-0.041664
0.015276
-0.081323
0.307130
-0.008030
0.006778
0.030302
-0.026028
0.002481
0.008962
-0.033410
0.017746
0.133271
0.001071
-0.004101
0.000189
-0.101733
-0.055460
-0.064861
-0.000252
0.000579
0.033637
-0.061449
-0.040476
0.014610
-0.001812
0.023396
-0.001126
-0.005052
0.067242
-0.011429
-0.045346
-0.015555
-0.007667
0.171590
0.037339
0.043143
0.055762
-0.006760
-0.007870
-0.012514
-0.165286
-0.013563
-0.008968
0.000661
-0.022844
-0.001210
-0.075173
0.014376
-0.258191
0.001693
-0.166773
-0.004635
0.150557
0.002368
0.016810
-0.208509
-0.018017
0.104863
0.036084
0.039229
-0.052336
-0.003678
0.004606
-0.059381
-0.025826
0.106985
0.191906
-0.021564
0.002540
0.280782
-0.008429
0.002724
-0.052458
0.044692
-0.172535
0.066580
-0.031387
-0.041804
0.001508
-0.010760
-0.029261
0.023115
-0.042013
0.014441
0.000003
0.034324
0.473791
-0.002943
0.167933
-0.036125
-1.191348
0.120013
0.125282
-0.000715
-0.012686
0.004931
-0.012219
0.082332
-0.001736
-0.082313
0.256368
0.065008
-0.175969
-0.010060
0.001288
0.000464
0.081810
-0.003030
0.101134
0.002241
-0.425494
0.019823
0.287239
0.000516
-0.043000
-0.005190
-0.001382
0.180789
0.006551
-0.000326
-0.128768
-0.070101
0.014909
0.058046
-0.063942
0.081043
-0.074943
0.187449
0.002213
0.083661
-0.060246
-0.008142
0.000496
0.020673
-0.166992
-0.065615
0.006701
0.201030
-0.003372
0.150620
-0.059178
-0.021291
-0.024812
0.346133
0.145685
-0.057126
-0.017969
-0.011632
-0.010241
-0.000131
0.001698
0.093076
0.111504
0.025468
-0.013780
-0.000361
-0.087077
-0.101907
0.086569
-0.025360
0.102368
0.029321
0.039796
-0.000933
-0.010742
0.174813
-0.002108
0.050075
-0.004886
0.007202
0.147585
0.000232
-0.125831
-0.057905
-0.423693
0.176849
-0.015659
-0.009080
0.013479
-0.026751
0.031898
-0.059417
-0.034648
0.128570
-0.000238
0.131122
0.028052
0.066535
0.002047
-0.032708
-0.100295
-0.152818
-0.011038
0.005533
0.026673
-0.001105
0.052158
0.041722
0.050430
0.056328
-0.182984
-0.000429
-0.012216
-0.005432
-0.002079
-0.069758
-0.000157
0.012110
-0.035315
-0.046114
-0.067765
0.001548
0.212987
-0.132166
-0.110801
0.175508
-0.015002
-0.070446
-0.003806
0.210329
-0.000346
-0.008875
0.137765
0.027140
-0.100151
-0.001555
-0.074081
-0.086918
0.144017
0.152200
-0.028829
-0.264177
-0.041547
-0.044995
-0.062413
-0.011844
0.016248
0.303304
-0.130968
0.000465
-0.031596
-0.219792
-0.070424
-0.082241
0.026279
-0.038668
0.043556
0.041455
-0.121398
0.035519
0.082203
-0.348266
-0.066623
-0.000147
0.026788
-0.064752
-0.085858
-0.034698
-0.147013
-0.088486
-0.037964
-0.002954
0.017685
-0.004336
-0.057737
-0.001741
0.231995
0.006665
0.132135
-0.058093
0.000154
0.035977
0.106942
-0.009744
0.000514
-0.007197
-0.000129
-0.000134
-0.003745
-0.213718
-0.082436
-0.003191
-0.037036
-0.033413
-0.079251
0.001708
-0.100634
0.172450
0.183785
0.061327
0.021585
0.301562
0.003480
-0.001259
-0.025840
-0.022347
0.266770
0.000158
-0.001373
0.024029
0.006286
-0.000232
0.054046
-0.000927
-0.122144
0.023408
0.142952
-0.184558
0.117279
-0.000042
-0.026632
-0.037001
-0.004381
0.002560
-0.002963
-0.024753
0.001266
-0.105062
0.005244
-0.121071
-0.031659
-0.065890
0.081212
-0.009183
-0.003315
0.057846
-0.928735
0.000255
-0.119112
0.102779
0.024784
0.134347
0.000048
0.015030
-0.001161
0.007122
-0.006711
-0.109868
0.183981
-0.070003
0.002629
-0.239832
-0.006275
0.184159
0.178537
0.024178
-0.005057
-0.029966
0.175928
0.006394
-0.001848
-0.001671
0.027074
0.012790
0.001998
-0.002744
0.005561
-0.014427
0.007192
-0.009949
0.035623
-0.019685
0.037861
0.051081
-0.015918
0.001455
0.181261
-0.011974
-0.007310
0.080502
-0.001543
-0.065439
-0.184462
0.016321
0.002623
-0.043658
-0.051248
-0.010495
0.013512
-0.007394
0.052239
0.076669
-0.042330
-0.138238
0.028146
0.039234
-0.073349
-0.221913
-0.235685
0.056417
0.001948
-0.129420
0.012777
0.000004
0.042836
0.069251
-0.158689
-0.004270
0.034103
0.162028
0.050929
-0.086117
0.147232
-0.114468
-0.003455
-0.091011
-0.487830
-0.001529
-0.049887
-0.022311
-0.020702
0.087409
0.029323
-0.072350
-0.039925
0.005379
0.015989
0.048482
0.092390
-0.000761
0.126224
0.029276
0.000055
-0.109982
0.146346
-0.029663
0.484677
-0.142581
-0.003402
0.194026
0.133709
-0.174020
-0.091662
-0.000890
-0.073769
-0.003032
-0.000013
-0.002169
-0.003572
0.064288
-0.004567
0.008146
0.092242
-0.000539
-0.012760
0.035416
-0.046634
0.151217
0.118060
0.038510
-0.052296
-0.149069
0.295639
0.001868
-0.000970
0.007332
-0.009879
0.004273
0.099872
0.110088
-0.014886
0.068773
0.030557
0.000073
-0.038382
0.018198
0.008379
0.163503
-0.033016
0.036155
0.037672
-0.178591
0.024650
0.010608
0.240205
0.005248
-0.001171
0.080119
0.126804
0.006686
0.025983
0.000889
-0.061643
-0.045689
-0.149487
0.214272
-0.002529
0.014177
-0.132709
0.063265
-0.007447
-0.069606
0.199078
0.005344
-0.027800
-0.014457
-0.071136
-0.062462
-0.197452
-0.050788
0.239023
-0.020842
-0.005195
0.146629
-0.056248
0.015474
-0.122057
-0.250398
-0.047579
0.000875
-0.035941
0.150776
0.005282
0.000456
0.269357
0.104133
0.011029
0.122062
-0.000776
-0.199076
0.111884
-0.021404
-0.080900
0.055365
0.078369
-0.001532
-0.001763
0.001935
0.099782
-0.071870
0.045762
-0.000177
-0.089625
-0.097073
0.012626
-0.085285
-0.006289
0.077755
0.017448
-0.125199
0.204385
-0.006971
-0.004349
0.003115
-0.063612
0.332963
-0.052850
0.682389
-0.006196
0.005536
-0.081490
0.208647
0.008593
0.156853
0.121530
-0.054226
-0.194535
-0.048080
-0.004748
-0.204492
-0.001154
-0.139418
0.097466
0.001827
0.150409
0.035557
-0.049687
5.940532
0.000084
-0.017261
-0.085591
-0.051930
-0.087541
-0.002285
-0.051261
0.007803
-0.077656
-0.002833
-0.002412
0.020857
0.007675
-0.015052
-0.039873
-0.041938
-0.050909
0.001490
0.006133
-0.003289
-0.007042
0.041985
-0.121810
-0.012961
-0.063840
-0.004637
-0.052710
0.139150
-0.032211
-0.012369
-0.027664
-0.009482
-0.009754
0.035384
-0.001816
-0.003009
-0.117889
0.288953
0.021399
-0.008009
-0.004306
0.064181
-0.006301
-0.013250
0.139006
0.174463
0.002606
0.002525
-0.002087
0.060600
-0.013358
-0.002757
-0.006012
-0.057351
0.008473
-0.039438
0.125558
-0.166423
-0.053042
-0.113309
-0.045779
-0.048654
0.024417
0.185637
-0.004561
-0.036704
0.007345
-0.030751
-0.026040
0.077616
0.003211
0.076766
-0.046952
-0.103698
0.000836
0.034518
-0.077762
-0.077063
-0.006475
-0.020251
-0.011486
-0.102571
-0.001025
-0.050986
-0.007330
-0.105003
0.301529
-0.043427
-0.116307
0.172484
0.126330
-0.000869
-0.056915
-0.116872
-0.036471
0.128913
-0.003458
-0.151159
-0.000389
-0.009871
-0.004299
0.111816
0.001012
0.260760
-0.074418
-0.042526
-0.007368
-0.212008
-0.226357
-0.222347
-0.004900
-0.121252
-0.124287
0.232323
0.012745
-0.040254
-0.324815
-0.011702
-0.022568
0.125595
-0.098078
-0.006484
0.024499
-0.022667
0.014627
0.220379
-0.001168
0.080421
0.134764
-0.134798
0.010734
-0.135945
-0.015351
-0.126102
-0.012267
-0.260867
-0.591865
0.068271
-0.198882
0.113784
0.000112
0.008103
-0.003260
0.003261
-0.014129
-0.084152
-0.061227
-0.017021
0.084540
0.010445
-0.123434
0.021402
-0.009138
-0.001563
-0.159823
0.048886
-0.177480
-0.000141
-0.134927
-0.209717
0.277202
-0.042933
0.045702
0.220747
0.016350
0.150260
-0.042622
-0.004928
-0.086115
0.026965
0.379398
0.203361
0.010093
-0.105225
-0.004551
-0.002371
-0.014543
0.023771
-0.053916
-0.034176
-0.171146
0.089154
-0.003474
0.049893
0.126257
0.046106
0.109423
-0.019053
0.183517
0.040669
0.181294
-0.006452
0.320324
-0.024035
-0.022146
0.021868
0.038398
-0.079864
0.023854
-0.223122
-0.010344
-0.131818
-0.022715
-0.003267
0.035861
-0.237802
0.063581
-0.006395
0.013446
0.135912
0.002400
0.061711
-0.049151
-0.018679
0.002211
-0.049189
-0.147794
0.091048
0.026383
0.237650
-0.032423
-0.016681
-0.077308
-0.136570
0.009703
-0.066799
0.041482
-0.000620
-0.024700
-0.000396
0.060419
-0.132045
-0.008566
-0.034227
0.159950
0.108158
0.015596
-0.022420
-0.046633
0.133734
0.014568
0.026445
0.030907
-0.042977
-0.045123
-0.109013
0.015469
-0.047165
0.000344
0.053311
-0.072135
0.149035
0.014897
0.122524
-0.036199
0.207371
-0.000185
0.422680
-0.364900
-0.060896
-0.447305
-0.406330
0.323578
-0.011089
0.071078
-0.090014
0.043440
0.213570
0.133896
-0.044057
0.113885
-0.079349
0.115442
-0.179576
-0.015345
0.048186
0.012048
0.249495
0.011308
0.017123
0.008745
-0.245331
0.035950
-0.179600
0.148122
0.037953
0.129905
-0.011648
0.038860
0.004520
0.149201
0.020903
-0.000594
-0.022149
-0.029549
0.025574
0.149158
-0.036309
-0.021177
0.000089
0.072372
-0.014284
0.174071
0.458467
0.055661
0.020638
-0.151946
-0.094965
-0.007710
-0.199729
-0.234218
-0.072366
-0.114368
0.010593
0.231486
-0.038381
-0.025141
-0.002154
0.093572
0.024036
0.294571
0.005947
-0.037791
0.021761
-0.002245
0.114389
-0.012285
-0.001716
-0.034160
-0.120583
0.008688
-0.024709
-3.065725
0.035781
0.035863
0.070567
0.019630
-0.174844
-0.082624
-0.172320
-0.031135
0.037017
-0.048644
-0.004330
0.007982
0.025684
0.098781
0.154150
0.210013
0.082853
-0.028962
-0.002878
-0.351276
-0.035583
0.020084
0.014716
-0.073248
-0.234770
-0.117220
0.046999
-0.012588
-0.337105
0.129612
0.193499
-0.000481
0.063276
0.017942
-0.085648
0.003431
0.179149
0.151203
-0.315715
0.040471
0.244354
-0.145300
-0.029612
0.000804
0.100455
0.131225
0.009513
-0.015856
0.095774
-0.050022
-0.005620
0.131951
0.000059
-0.000976
0.212516
0.009259
0.069683
0.000084
0.269424
0.045457
-0.023547
0.005164
0.000347
-0.002866
0.080223
-0.378945
0.019519
-0.164571
-0.082522
0.034779
0.011116
-0.050274
0.002622
-0.046128
0.144693
0.053698
0.021541
0.108999
-0.035174
0.094264
-0.253286
0.011359
-0.149720
0.275455
0.002124
0.091413
0.396895
0.000661
-0.000592
0.007406
0.120408
0.046941
0.009651
0.194251
-0.013159
0.155300
0.255665
0.051772
-0.207557
0.167427
-0.207136
-0.000019
-0.003361
0.285758
-0.131093
-0.130716
0.037672
-0.310853
0.005724
-0.137145
0.195669
-0.201257
-0.035600
-0.108891
-0.063528
-0.028804
-0.337725
-0.049665
-0.305640
-0.061143
-0.048183
-0.223238
2.669313
-0.001609
-0.012095
0.014371
0.290961
-0.171948
-0.084023
-0.111982
0.069703
0.019232
0.222890
-0.158048
-0.123147
0.046454
0.004312
-0.060069
0.092039
0.409531
0.088731
-0.272101
0.147698
0.014800
-0.263510
0.052201
-0.231147
-0.181203
0.198251
0.019297
-0.136847
-0.217442
0.122367
-0.056297
0.090312
-0.073804
0.009836
0.200700
0.211552
-0.102831
0.137062
-0.252953
-0.119330
0.022918
-0.046704
-0.001287
-0.312350
0.124109
-0.199611
-0.152532
0.014343
-0.174070
-0.002858
0.034494
0.019753
-0.018333
0.002806
-0.004379
0.003366
-0.117717
-0.209818
0.279701
-0.012626
0.027988
-0.130907
0.137558
-0.005001
-0.034756
-0.201870
-0.028379
-0.142117
-0.209712
0.053782
-0.052585
-0.023022
-0.007862
-0.285142
0.091101
0.011070
0.000223
0.128956
0.071424
-0.179556
0.031149
0.000926
-0.010062
-0.096743
-0.082455
0.120169
0.006267
0.078921
0.059248
-0.193155
0.014009
0.002081
0.055420
0.054513
0.072404
0.084380
0.224851
0.212066
-0.282404
-0.204429
-0.140291
-0.084050
-0.042590
0.002025
0.095963
-0.000011
-0.023598
0.050487
0.041861
0.072460
-0.033192
0.102741
0.042805
0.057975
0.079756
-0.024134
0.006584
-0.071987
-0.040656
0.053854
0.081907
-0.005753
0.228411
-0.013621
-0.061971
-0.161809
0.003627
0.120112
0.106118
-0.055770
0.004324
-0.018181
0.081584
0.046059
0.002871
1.250041
-0.144682
-0.174695
0.019181
-0.087960
0.039046
0.083414
0.050168
0.127969
-0.170784
0.003462
0.029732
0.003013
-0.084203
-0.050643
0.118324
0.001846
-0.183200
-0.026658
-0.011177
-0.011593
-0.099037
0.028448
0.004052
0.001431
0.046445
-0.198501
-0.048357
-0.050978
0.064022
0.122972
-0.048823
-0.132052
-0.034628
0.044178
-0.010691
-0.013110
-0.392057
0.034771
-0.088781
0.001755
-0.381406
0.086841
-0.064271
0.054025
0.001680
-0.046329
0.000492
-0.014227
-0.029383
0.061603
0.002805
0.158198
-0.000288
0.087913
-0.505871
0.003064
0.088368
-1.013473
0.450425
-0.005279
-0.114406
0.006714
-0.097861
-0.223796
-0.065472
0.182216
-0.047355
0.121852
-0.149866
-0.001057
-0.072800
-0.084826
-0.029182
0.044875
-0.257666
-0.014998
0.027776
-0.039108
0.132874
0.294924
0.003183
0.061582
-0.193803
-0.093776
0.065464
0.078302
0.148779
0.001559
-0.000971
0.002679
-0.202977
0.033376
0.004274
0.070979
0.046588
0.034944
0.075113
-0.278321
0.091994
-0.037919
0.008410
0.087815
0.085285
0.014767
0.081991
-0.044468
-0.058676
0.002716
0.085645
-0.119146
0.008196
-0.006131
-0.038619
-0.374008
-0.000319
-0.027184
-0.193314
0.063639
0.072051
-0.186337
0.033143
0.179293
-0.028723
-0.044690
0.155357
-0.154566
0.191340
0.002888
0.003622
0.012953
-0.059192
0.041079
-0.051553
-0.428752
-0.076133
0.081144
0.060119
-0.046418
-0.097281
0.118024
0.012311
0.087759
0.132863
0.028236
-0.025084
0.080888
-0.143145
-0.017365
-0.232884
-0.057390
0.064507
-0.013925
-0.027193
0.032045
-0.425356
-0.057858
0.011294
0.002791
-0.173300
0.139522
0.000699
-0.060468
0.157618
0.004245
0.014038
0.036537
0.052513
-0.124647
-0.001581
0.034365
0.196969
0.127069
0.030901
0.603836
-0.071801
-0.064204
0.105213
-0.095117
-0.160456
0.025733
-0.000327
-0.275983
-0.062921
0.014918
-0.113596
0.085233
-0.255654
0.063350
0.005176
0.006857
0.100174
0.183401
-0.079198
-0.032652
0.125100
0.005869
-0.010722
-0.302640
0.130535
0.416184
0.069364
-0.016656
-0.000612
0.075683
0.009517
-0.000740
0.070124
-0.000920
0.007953
0.007033
0.198173
-0.302325
0.077443
-0.000462
-0.296196
-0.175779
0.000786
-0.208400
0.098052
-0.079741
-0.274152
0.017833
-0.345474
1.060129
-0.139887
0.024283
-0.001604
-0.020151
-0.218774
-0.001336
-0.097082
0.376104
0.188589
-0.192384
-0.077020
0.000755
-0.005203
-0.033487
0.196971
-0.138299
0.090416
0.138673
0.012867
0.007111
0.316310
0.090038
0.047186
0.100006
0.065013
0.037451
0.200352
-0.013411
-0.089286
0.066917
0.105905
0.090346
0.061331
-0.040304
-0.077823
0.006217
-0.032499
-0.058313
0.068847
-0.050837
-0.018235
0.169833
0.203333
0.040435
-0.001256
0.088061
-0.029682
-0.150675
0.110271
-0.064756
-0.030925
-0.097040
0.037158
-0.299995
0.023599
-0.111541
0.014379
0.072886
-0.239013
0.009662
-0.207803
0.163693
-0.040693
-0.271748
-0.044906
0.017785
-0.057329
0.098047
-0.008753
-0.202176
-0.092556
-0.002566
0.057768
-0.222206
0.225053
0.006946
-0.016935
0.023000
-0.203595
0.021183
0.120595
0.016674
-0.069027
-0.270581
-0.066128
-0.088993
0.331925
-0.054875
-0.027836
0.001188
0.014220
0.038145
0.000908
0.245708
0.122305
-0.025557
0.090257
-0.130217
-0.045099
-0.131233
0.238952
0.042645
0.155864
-0.002484
0.068009
-0.167634
0.014840
-0.014287
0.254094
0.145807
0.288869
0.020924
-0.069129
-0.038982
0.183308
-0.094773
-0.326873
-0.033623
-0.000129
0.038489
-0.081296
-0.023862
0.053041
0.067157
0.002563
0.030271
0.003766
-0.018230
0.023254
-0.387223
0.232467
-0.111392
0.150461
0.085675
0.103331
0.064125
0.002105
0.033530
0.083962
-0.058067
0.125976
-0.084561
0.250675
-0.041486
-0.018723
-0.058357
0.008137
0.052493
0.004865
0.140713
-0.029261
-0.112301
-0.012357
0.078425
0.132553
-0.012435
-0.013801
0.080830
0.238227
-0.059540
0.073993
0.026841
-0.032404
-0.071110
0.361157
-0.073712
0.242455
-0.016143
-0.162335
0.039941
-0.036178
0.154013
0.019440
-0.145480
0.011590
0.190847
0.048589
0.005556
-0.003775
0.155598
0.113794
1.865494
-0.135562
0.001491
0.086075
-0.066529
-0.018392
0.197400
0.112081
0.051093
0.232373
-0.002117
0.379606
0.123036
-0.088188
0.153563
0.053918
-0.052663
-0.003812
0.061188
-0.354689
0.097813
0.267399
0.288639
-0.167060
-0.009798
0.042776
0.086458
-0.117823
-0.267248
-0.000369
-0.075590
0.009931
0.149587
-0.082923
0.708259
0.054313
-0.096715
-0.431641
0.087911
0.051048
0.063391
0.015357
-0.061472
-0.147255
-0.609601
-0.008377
-0.037473
-0.274117
-0.205230
0.109780
0.000328
0.142516
-0.006841
0.012961
0.017059
-0.000989
-0.028393
-0.028462
0.077399
0.043295
-0.023152
-0.083431
-0.078985
0.066343
0.004376
-0.043663
0.064152
0.000985
-0.000824
-0.044318
0.440393
0.042685
0.070789
0.019826
-0.054210
0.024580
0.229892
-0.002537
-0.004478
-0.045527
0.183533
-0.000033
0.045043
0.059008
0.125432
-0.100113
-0.081207
-0.006481
-0.050864
0.189335
0.001893
-0.030049
0.135439
0.000827
0.079860
0.122636
0.002223
0.012062
0.001485
3.997407
-0.030356
0.000072
0.063115
0.026938
-0.004108
-0.095595
0.171855
0.012802
0.031291
-0.067624
0.023159
0.002127
0.015951
-0.019591
0.074959
0.075318
-0.039672
0.001801
-0.001864
0.023573
-0.048990
-0.088376
-0.010746
0.460860
0.034628
-0.019625
0.066309
0.210241
0.022377
-0.012763
-0.016114
0.007387
-0.014138
0.003453
-0.027900
-0.204218
-0.093949
0.072532
-0.074814
-0.024322
0.004459
0.008577
-0.025077
0.039442
-0.056450
0.011211
0.017744
-0.125902
-0.001545
0.067808
-0.052652
-0.003519
-0.003164
0.205494
-0.025784
0.171734
0.011314
-0.095801
0.041910
-0.023881
0.058959
-0.024108
0.004762
-0.001449
-0.127924
0.021181
-0.062035
-0.046417
-0.041580
-0.041909
-0.029592
-0.119720
0.008781
0.481160
0.042487
-0.144604
0.031950
0.087526
-0.065684
0.052214
0.016516
0.134366
0.014564
0.022258
-0.013804
0.011885
0.278937
-0.027180
0.093383
-0.052522
-0.002180
0.025198
0.083443
-0.004463
0.433847
0.030846
0.041383
0.086019
-0.001568
-0.024145
-0.019289
-0.000081
-0.021193
0.002031
-0.044496
-0.000650
0.072678
0.015449
-0.089682
0.415610
0.091464
0.017492
0.262380
-0.093353
0.006912
0.090571
0.289923
0.249554
0.001614
-0.019303
-0.003047
-0.043743
-0.002465
-0.018980
-0.040070
-0.021786
-0.045508
-0.017413
-0.002196
0.002056
-0.061101
0.024858
-0.165057
-1.230557
0.217351
-0.090463
-0.010266
-0.007077
-0.000290
0.030694
0.014865
-0.057909
0.018736
0.002841
0.086352
-0.031139
0.042436
0.110953
-0.084547
0.074700
-0.000017
-0.015832
-0.041746
-0.051200
-0.045887
-0.031227
0.006969
0.013800
0.002948
-0.020813
0.025512
-0.080102
0.350419
-0.142327
0.032646
-0.342535
-0.096421
0.141226
0.045647
0.094684
0.001328
-0.005709
0.007241
0.061728
-0.014643
0.055887
-0.017547
-0.012529
-0.554499
-0.082716
-0.003817
0.085466
0.022024
-0.009726
-0.006578
0.033902
0.183299
0.054303
0.070955
0.010515
-0.002086
0.059687
0.046012
0.145521
-0.096582
-0.031024
0.017136
0.110647
-0.007445
-0.026463
-0.004937
-0.005051
-0.014361
0.029900
0.039835
0.050092
0.021175
0.007677
0.006657
-0.020018
0.062076
-0.002728
-0.026413
0.081671
-0.109123
0.168504
-0.000526
0.203691
-0.040115
-0.001179
-0.001640
0.009337
-0.004138
-0.017566
-0.071735
-0.035881
0.033641
0.098860
-0.046157
0.014117
-0.044065
-0.085280
-0.000713
-0.066146
-0.019693
-0.082984
-0.084718
-0.069698
-0.032188
-0.117032
0.045992
0.025793
0.132134
0.001354
0.046368
0.008485
-0.012812
-0.054914
0.060115
-0.075244
-0.014898
0.052013
0.176486
0.018964
0.005962
-0.032400
-0.004949
0.077739
0.076634
0.016461
0.013280
0.017764
-0.013117
0.002089
0.018446
0.029411
0.044069
-0.001215
0.021475
-0.009764
0.000457
-0.041644
-0.020383
-0.032517
-0.002707
-0.000373
-0.106029
-0.143021
-0.079174
-0.020031
-0.057074
-0.108576
-0.006792
0.113741
-0.058552
-0.010858
-0.056894
-0.023979
0.087023
0.013356
0.086372
0.008469
-1.266990
-0.085272
-0.036326
-0.074270
-0.021700
0.094108
-0.131015
-0.013692
0.021747
-0.024839
0.040995
-0.073694
0.019096
-0.049073
-0.063509
-0.098290
-0.000631
0.001077
0.003297
0.003614
-0.005443
-0.088566
0.064601
-0.019824
-0.008473
0.039715
-0.185011
-0.040516
-0.247104
0.000605
-0.011541
-0.043723
-0.000901
0.021785
0.104678
-0.126581
0.023347
0.015164
0.030438
0.036562
0.006946
0.056045
-0.021917
-0.005235
-0.026583
0.030779
-0.177774
0.006115
-0.028646
-0.160480
-0.082012
-0.526308
0.130049
0.030293
0.046209
-0.043078
-0.036602
-0.012798
0.039783
-0.042060
0.014771
0.104445
0.000073
-0.038031
-0.040820
0.029318
0.040437
-0.027317
-0.035524
0.166218
-0.029945
-0.029601
-0.031234
0.079171
0.007054
-0.051946
0.011077
-0.084968
-1.028707
-0.065816
-0.005241
-0.024648
-0.012914
-0.024591
-0.032475
0.035736
-0.169626
0.053741
-0.041362
-0.036000
0.079125
0.014182
0.000995
-0.156622
-0.063414
-0.004595
0.231766
-0.051261
-0.103450
0.202754
0.021312
0.000394
0.274273
-0.008761
-0.031339
-0.106169
-0.002247
0.080262
0.007895
-0.657633
0.020573
0.019166
-0.012446
-0.014033
-0.023476
0.044522
0.019018
-0.021274
0.008866
0.055219
-0.042320
-0.068903
-0.012552
0.074093
0.019866
-0.071693
-0.335109
-0.057760
0.075958
0.000315
-0.622257
0.017904
0.061397
0.035971
-0.126573
0.014687
-0.062016
-0.059636
-0.023367
0.027764
-0.112076
0.316964
-0.067014
-0.015077
0.004940
-0.003978
0.004627
-0.084499
-0.071073
0.021386
-0.100169
-0.049506
0.000652
0.023870
0.036715
-0.007734
0.016209
-0.001822
-1.537836
0.009988
-0.445356
-0.049056
0.089458
0.023551
0.001725
-0.159775
0.023621
-0.019115
0.038185
-0.060820
-0.064996
0.073424
-0.797884
-0.075887
0.074661
-0.258628
0.049666
-0.638892
0.001592
0.001746
-0.015516
0.148315
-0.010572
0.020124
-0.119102
0.008540
0.001024
0.038393
-0.001192
-0.083222
-0.011081
-0.073441
0.017272
-0.055708
0.014541
0.017617
0.045365
-0.069320
-0.057217
-0.012367
0.006826
0.005644
0.021531
-0.003507
0.000371
0.026496
-0.056678
-0.383240
0.133014
0.051527
-0.026975
-0.016384
-0.083884
0.052142
-0.001078
0.073770
0.001383
-0.009227
0.037432
0.107246
0.021274
-0.000260
0.024022
-0.003564
-0.004694
-0.001317
0.058438
-0.018020
-0.016014
0.019881
0.067095
0.019278
0.150204
0.012537
-0.003299
0.015527
-0.009807
0.028996
-0.067679
-0.482561
-0.011290
0.089680
0.041183
0.102497
0.061375
-0.101436
0.002815
0.043749
0.053223
0.015614
-0.010561
0.003669
-0.174300
-0.151613
0.022955
0.012394
0.042603
0.129573
-0.002048
-0.010121
-0.056502
0.051596
0.034591
0.045907
0.049102
-0.079819
0.013216
0.087188
0.095175
-0.024219
-0.125189
0.023054
0.053790
0.046286
0.089175
-0.000881
-0.005528
0.028281
-0.061624
-0.039110
0.000150
-0.037842
-0.112556
-0.014067
0.012406
-0.037348
-0.036451
0.108695
-0.046716
-0.018845
-0.113578
0.000076
0.035024
-0.015146
-0.053746
0.019072
-0.034169
-0.122412
-0.380400
-0.103337
-0.006632
0.085054
-0.047604
-0.029231
0.074987
-0.041348
0.111601
0.031751
0.014322
0.052255
0.044080
-0.045116
0.001439
-0.009512
-0.037522
-0.142427
0.024724
0.049013
-0.089890
0.001330
-0.044951
-0.022406
0.024523
0.033926
-0.156401
-0.017227
0.003643
-0.203013
0.004159
0.043001
-0.000693
-0.031217
-0.050255
0.029074
0.033468
0.003138
-0.108670
-0.082947
0.044905
-0.145431
0.002019
0.007977
0.028171
0.034645
0.017498
0.060826
0.030259
-0.021223
-0.027281
-0.006401
0.059323
0.052310
-0.185955
0.005005
0.073595
0.014833
0.001598
0.015072
-0.017032
-0.132586
0.030165
0.058241
-0.116804
-0.052029
-0.003293
-0.064379
0.028881
0.048461
-0.002673
-0.016524
0.037401
-0.097028
0.087703
-0.016343
-0.026017
-0.044060
-0.138969
-0.005685
0.065396
-0.015849
-0.034833
0.092769
-0.042291
0.040618
0.006357
0.124187
-0.064353
-0.011709
0.000406
0.033696
-0.085800
-0.009441
-0.081590
-0.005576
0.046917
0.119410
0.027621
-0.066996
-0.000457
-0.019932
0.048289
-0.048552
-0.031587
-0.020012
0.036538
-0.036586
-0.014953
0.039852
0.022552
0.026853
0.017473
0.001226
-0.000300
0.036037
-0.107133
0.014927
0.177444
0.009359
-0.082441
0.023526
0.015153
0.030610
0.002496
0.006362
0.003196
0.083165
-0.001741
0.006867
-0.134170
0.022192
0.002891
-0.007563
-0.007204
0.004220
-0.018380
-0.073628
0.026004
0.044483
-0.030145
-0.009199
-0.044548
0.013125
0.092486
0.113901
-0.046707
0.016108
-0.005651
0.004962
-0.047751
-0.011872
0.059787
0.049752
0.058870
0.253399
-0.077352
0.017527
0.031235
0.006856
-0.000369
-0.121918
0.009168
0.044156
-0.004498
-0.000628
-0.172946
0.055308
-0.043062
0.015388
0.003371
0.076393
0.020151
0.100311
-0.038561
0.045977
0.150396
-0.064856
0.004975
0.028421
-0.000390
-0.033459
0.020341
-0.079426
-0.005762
-0.132249
-0.106525
0.013703
0.136912
-0.049702
0.106782
-0.037872
0.057872
0.037962
0.000075
0.100839
0.055871
0.007295
-0.107015
-0.015236
-0.018814
0.001220
-0.007642
-0.023263
-0.050968
0.010788
0.000106
-0.001908
0.030882
0.020451
0.051633
0.042560
0.033399
0.030974
0.013783
0.009853
0.118388
0.097651
0.011655
-0.041090
-0.000678
0.018146
-0.059493
-0.042794
0.000855
-0.067568
0.026242
-0.037704
0.062163
-0.064775
-0.129876
0.035595
-0.029508
0.128640
0.186352
0.014998
-0.000370
0.031639
0.014513
-0.009913
0.070241
-0.182479
-0.030988
0.002763
-0.028605
0.056732
0.147290
-0.006373
-0.326372
0.000005
-0.092244
-0.016602
0.067663
-0.072057
-0.052621
0.177201
-0.056694
-0.000843
0.003834
-0.114117
0.068741
0.004317
-0.032422
-0.017719
-0.004193
-0.203994
0.123535
0.056804
0.039422
-0.076488
-0.001155
-0.209977
-0.007900
0.035280
0.141591
-0.046300
-0.021164
-0.067893
-0.066382
-0.052515
-0.005604
0.004121
-0.007866
-0.000017
0.046251
0.025463
-0.071585
-0.027995
0.016592
0.000005
-0.023449
0.050076
0.040747
0.109753
-0.010143
-0.055596
-0.001113
0.115919
0.021638
0.005028
-0.003184
-0.025232
-0.015470
0.086026
0.007544
0.006574
0.066658
-0.020343
0.054526
-0.001051
0.003223
0.026111
0.168151
0.006068
-0.091077
0.038941
0.024965
0.089587
-0.003102
0.030731
0.038332
0.062151
0.119771
-0.000018
-0.055835
0.002060
0.008608
0.032559
-0.107649
0.140049
-0.082390
0.002541
-0.100536
0.097517
0.058883
-0.026497
-0.023072
-0.010081
0.003921
-0.032444
0.041495
-0.010603
0.044712
0.000939
0.000272
0.006545
0.057582
-0.007251
0.016031
0.029259
0.071142
-0.052550
0.000520
-0.018410
0.064051
-0.005073
-0.011935
0.064246
-0.001300
-0.037866
0.107259
0.003997
0.143620
-0.085067
0.111132
-0.122947
-0.340639
-0.021265
-0.032773
-0.002678
0.126303
0.000274
-0.027837
0.012427
0.158603
-0.017397
-0.010829
0.109270
0.013039
0.027326
-0.013145
0.009830
-0.021575
0.042689
0.269249
0.007501
-0.009827
-0.008978
0.011431
0.041938
0.073103
-0.101336
-0.012855
-0.108712
0.005011
-0.025110
0.019648
0.021054
-0.046252
0.079834
0.015563
0.023714
0.119822
-0.119725
0.011934
0.215690
-0.016393
-0.056648
0.000270
-0.014306
0.024728
0.026383
-0.021725
-0.020577
0.012551
-0.075071
-0.019632
-0.022023
0.009121
0.112182
-0.068005
-0.011906
-0.135397
0.035704
0.104756
0.051396
0.050008
0.072284
-0.017697
-0.024279
0.000124
-0.043123
-0.060204
-0.075694
-0.016048
-0.201932
-0.005764
0.060449
-0.066866
0.039045
-0.046624
0.066215
-0.104370
0.052013
-0.070929
0.041315
0.064582
-0.044501
0.000302
0.019745
-0.006618
0.029758
0.004436
0.075708
0.006264
-0.004020
0.131627
0.034259
0.055905
0.025407
0.056540
-0.000313
0.063622
0.050397
-0.087576
0.008607
-0.095546
0.069766
0.060667
0.000286
-0.008630
0.013509
0.004926
0.001630
-0.018326
-0.040669
-0.091960
-0.044221
-0.141200
-0.106014
0.013682
0.002750
0.000609
-0.112982
0.141578
-0.015518
0.042798
-0.050313
-0.003637
0.083047
-0.036368
0.039360
-0.040889
0.097157
-0.059927
0.043754
0.001472
-0.041130
-0.015742
-0.008688
-0.020286
-0.029851
-0.000111
-0.019437
0.000732
0.025605
-0.012583
-0.016741
-0.139339
-0.079007
-0.033287
0.001076
-0.015909
0.164366
0.026874
-0.122901
-0.087521
-0.135654
0.000079
0.007109
-0.049635
-0.002997
-0.021244
0.039085
-0.001703
-0.105117
-0.001889
0.068305
-0.077556
0.137965
-0.080773
-0.076153
0.032203
0.103022
-0.005019
-0.003820
-0.063978
-0.016946
0.072596
0.063690
-0.240405
0.031721
-0.065553
-0.096065
-0.167546
-0.000423
0.010429
0.026432
0.047844
-0.077676
0.009213
-0.000568
0.067756
0.004481
0.119559
-0.012405
0.050688
0.014725
0.051472
0.025292
-0.092909
-0.317688
-0.112117
-0.010022
-0.041163
-0.035482
-0.005169
-0.007620
0.047633
0.051522
0.106260
0.003694
0.065995
0.023095
0.017659
0.010403
-0.000076
0.038639
0.075609
-0.045021
0.128814
-0.018453
0.023368
0.049347
0.142469
0.010109
0.145755
-0.022202
-0.030942
-0.084156
0.061236
-0.035561
-0.005130
-0.013690
0.000154
-0.011370
0.001107
0.027749
0.028620
-0.023239
-0.060927
-0.030969
0.122657
-0.026691
0.015508
-0.015908
0.035752
-0.031326
0.082497
0.001357
-0.084175
0.036314
0.099512
-0.035570
-0.046357
0.004190
0.014250
-0.090447
-0.031803
-0.020727
-0.054763
0.027882
-0.029284
-0.030595
0.032867
0.094288
0.002207
0.027467
-0.000099
0.023410
-0.038040
0.009208
-0.090548
-0.046259
-0.057084
0.005421
0.000736
0.004950
0.001008
0.006680
-0.036511
-0.100272
-0.105554
0.066499
0.035016
-0.046638
-0.012112
-0.026473
0.001794
-0.194402
-0.009138
0.093932
0.100270
-0.159976
0.017801
-0.079171
0.007801
0.083914
0.029219
0.070220
0.088039
0.007164
0.137712
0.044673
-0.020640
-0.030850
-0.052933
0.009461
-0.098286
-0.158124
-0.040586
-0.028173
0.008867
-0.059762
-0.023035
0.021501
0.047660
0.061923
0.129060
0.009471
-0.014680
-0.046445
-0.015350
0.045049
0.033291
0.042671
-0.051402
-0.001245
0.087311
-0.020559
-0.008492
-0.032225
-0.015683
0.014114
-0.121733
-0.046771
0.063331
0.033098
0.007830
0.068202
-0.050574
0.032371
0.002890
0.101045
0.055429
0.091619
0.012126
-0.041749
0.101757
-0.005029
0.155827
-0.081003
-0.070675
0.043694
-0.001179
-0.021894
0.019038
-0.036014
-0.024295
0.168426
0.027051
0.093138
-0.013039
-0.032769
0.001035
0.029499
0.052168
-0.071698
-0.047868
-0.018164
0.075269
-0.028663
-0.049913
0.081932
0.055154
0.030747
-0.051989
0.011123
0.049917
0.054951
-0.075610
-0.098436
0.026874
0.000916
-0.082972
-0.042036
-0.004571
-0.026784
-0.028624
-0.022187
0.001131
-0.029500
-0.084328
0.008752
-0.069093
-0.010168
0.014248
-0.012602
-0.031604
-0.001118
-0.013170
0.026445
-0.084417
0.045813
-0.025785
-0.098270
-0.103357
0.100178
0.057993
-0.045984
-0.063105
0.024593
0.081424
0.003614
0.067676
-0.090319
-0.002778
-0.015332
-0.000140
0.054854
-0.005089
-0.014083
0.096341
0.014238
0.065386
-0.033832
-0.003763
-0.012259
-0.007162
-0.010519
-0.056309
0.003328
-0.087050
0.057952
0.016978
-0.099232
-0.012556
-0.011984
-0.083020
-0.046912
-0.027483
-0.045012
-0.044224
0.010592
-0.005366
-0.113810
0.000214
-0.022941
-0.048120
-0.076097
-0.000308
-0.001889
0.010769
-0.052307
-0.000441
-0.046110
0.004942
-0.019141
0.123536
-0.071130
0.080095
-0.073605
0.057857
0.001466
0.033809
0.089840
-0.033724
-0.012878
0.116985
0.119967
0.027677
0.020080
-0.073892
-0.030010
0.047790
-0.047920
-0.063766
-0.001589
0.037128
0.017764
0.047479
0.018499
-0.082207
0.021308
0.050873
-0.000394
-0.080678
0.048029
0.003185
-0.008604
0.008347
-0.023056
-0.008363
-0.050266
0.000102
0.041483
0.026367
-0.019663
-0.000978
-0.002556
-0.057616
0.018098
-0.061425
-0.000995
-0.001496
0.011879
-0.072599
-0.036511
0.018106
0.000436
-0.065575
0.010862
0.017889
0.004537
-0.046811
0.053410
-0.017357
-0.047206
-0.005739
-0.145840
0.002608
-0.062887
0.028720
0.084150
-0.007791
0.029060
0.038550
0.073392
0.042669
0.087691
0.018215
-0.052479
-0.030600
0.018835
-0.002516
-0.036254
-0.023083
-0.088721
0.015430
-0.004791
-0.070924
-0.119267
-0.019678
-0.107598
-0.024919
-0.050472
-0.066253
-0.017862
0.006222
0.011026
-0.039282
-0.013112
0.121381
-0.076115
0.162284
-0.033056
0.227958
0.010504
-0.000050
-0.002936
-0.021896
0.010365
-0.002029
-0.034762
-0.049626
0.039584
0.022817
0.031389
-0.030482
-0.077277
-0.023605
0.048222
0.009099
-0.000340
-0.106412
0.116082
-0.003100
-0.012264
-0.009141
0.060701
-0.023770
0.072659
0.116599
0.306708
0.035957
0.001238
-0.046783
0.082121
0.026047
0.072026
0.042420
0.042006
0.118481
0.038903
-0.032487
-0.064005
0.066117
-0.023718
0.067046
0.004115
0.002673
0.043706
0.095229
0.001368
-0.034067
0.070758
0.026628
0.050022
-0.010571
0.028579
0.124850
-0.059125
-0.021094
-0.026322
-0.006478
0.028203
-0.021648
-0.014640
-0.077584
-0.046613
-0.043409
0.036881
-0.000351
0.002787
0.046848
-0.022609
0.034339
0.012161
-0.040601
4.485200
0.027785
-0.019991
-0.021582
0.018362
0.084572
0.053973
0.042562
-0.028774
-0.073950
-0.034109
-0.017563
0.074770
-0.003732
0.000106
0.013254
0.076857
-0.034856
0.012086
-0.031280
-0.000153
0.096589
-0.046131
-0.019057
0.012510
-0.037590
-0.048751
0.188159
0.153183
-0.008334
-0.000119
-0.050827
0.064063
-0.149503
-0.010757
0.074934
0.008473
0.029505
0.013302
0.034163
-0.001705
-0.073052
-0.072011
-0.003986
0.015443
0.003803
0.018908
0.092415
0.012377
-0.037313
-0.003655
0.000276
0.000341
-0.057678
-0.059678
-0.025988
0.020100
-0.001249
0.082465
-0.023134
0.006674
0.088305
-0.022686
0.051931
0.044961
-0.051720
-0.007746
-0.008017
0.018385
0.021770
0.088774
0.032742
-0.010604
0.089458
-0.001387
-0.042194
-0.006484
-0.082836
-0.153195
0.017697
0.006986
0.046172
0.050694
-0.056485
0.014589
0.036655
-0.063174
-0.005255
-0.238998
0.003721
-0.001263
0.134526
0.046354
-0.072664
0.049651
-0.041596
-0.005014
-0.016329
0.048786
-0.017875
-0.011672
0.037149
-0.051800
0.140307
-0.000153
0.079906
-0.058133
-0.016004
-0.002232
-0.013853
0.006821
0.149530
-0.036109
-0.001329
-0.182980
-0.031081
-0.044632
-0.041655
-0.016852
0.008062
0.033776
-0.052162
0.044644
-0.038015
0.016186
0.045427
0.098583
0.127453
0.011617
-0.313548
0.027776
0.053241
-0.000237
0.123019
0.016612
-0.011603
0.036506
-0.034531
0.003147
0.008349
0.020344
-0.064616
0.045356
0.082121
0.005535
-0.031258
0.000081
-0.088864
-0.061211
0.088710
-0.052948
-0.036127
0.009427
-0.027540
-0.044311
-0.015550
0.083048
0.048869
0.006448
-0.001142
0.075830
0.077484
-0.016134
0.062362
0.009002
-0.029742
-0.069346
0.128747
-0.096302
0.004078
-0.023764
-0.010273
0.100848
-0.023553
0.044435
-0.000180
0.000186
0.042897
-0.021622
0.018873
0.027186
0.003002
0.083986
-0.008616
-0.106757
0.029986
-0.012718
-0.058349
0.027593
-0.010598
-0.037890
-0.010439
0.007098
0.045522
0.089605
-0.059925
0.047298
-0.003623
-0.000208
0.057365
-0.041198
0.009071
0.049264
0.000457
-0.019313
-0.017915
-0.074209
0.034948
0.053979
0.007817
-0.010737
0.000952
-0.011850
-0.000475
-0.071509
-0.046336
-0.139403
0.042517
-0.084152
-0.015518
-0.001817
0.022322
-0.092306
0.149546
-0.026384
0.044948
-0.018579
-0.025835
0.068774
0.013691
0.089177
-0.009048
-0.002615
0.000409
0.008355
0.015858
0.034676
0.002202
0.019204
0.117358
0.100924
0.004419
-0.062210
-0.011446
-0.031317
-0.035939
-0.103361
-0.033757
-0.034616
0.011810
0.010152
-0.014099
0.010445
-0.001026
-0.008885
-0.088943
-0.064879
-0.036154
0.136715
-0.033013
-0.012923
0.013568
-0.112574
-0.011609
0.012592
0.058787
-0.013642
0.036670
0.001732
-0.037208
-0.016958
-0.033217
0.002511
-0.152118
-0.000018
0.082021
-0.006544
-0.090698
-0.002546
0.029316
-0.019977
0.081627
-0.027043
-0.101923
-0.063147
0.037495
0.086959
-0.009357
0.110697
0.073408
0.045556
0.066978
-0.143999
0.022209
-0.001900
0.013006
0.094878
-0.087944
-0.009606
-0.012986
-0.007534
0.581802
0.010758
0.032222
-0.012435
0.050844
0.124938
-0.033822
-0.038971
-0.067000
0.042574
-0.004353
0.080201
0.072815
-0.164290
0.019727
-0.081309
0.003156
0.004413
-0.042711
-0.021873
-0.036321
0.051593
-0.005474
0.006847
-0.041438
-0.111619
0.001035
-0.020669
0.056928
-0.019740
-0.058645
-0.063587
0.152751
0.013066
-0.018719
-0.030741
-0.026851
0.000492
-0.037710
0.072167
-0.000903
0.018069
0.030078
-0.035288
-0.001649
-0.006209
0.028560
0.020524
-0.057692
0.091369
-0.001384
-0.003762
-0.004044
-0.044980
-0.019495
-0.067780
-0.018005
0.020696
0.017193
-0.000104
0.035167
0.034534
0.016383
0.000659
-0.014380
0.056690
0.020632
0.032769
-0.055142
-0.052546
-0.041929
0.082551
0.022675
-0.101832
-0.097768
0.032060
-0.055075
-0.156532
0.019786
0.020475
-0.074393
0.055613
-0.002740
0.060017
0.033948
0.064496
0.107782
-0.033796
-0.087649
-0.065843
0.029708
-0.018872
-0.012963
0.037798
0.033490
-0.002277
-0.000387
-0.002875
-0.004891
0.008471
-0.086508
0.002561
0.004109
-0.009860
-0.058226
0.070350
-0.019620
-0.052570
-0.010078
0.208471
0.022220
-0.040362
0.005494
0.055259
-0.000278
0.003907
0.054568
0.022970
0.001141
0.011077
0.010478
-0.036833
0.015218
0.000992
0.000445
-0.041548
-0.001984
0.067060
-0.079940
-0.112745
-0.007654
0.035863
-0.074498
-0.206515
0.008889
-0.029662
-0.010031
0.075319
-0.009144
0.079532
0.084059
0.063320
-0.087507
0.078532
0.056549
-0.000690
-0.039724
0.071781
0.026317
-0.000923
-0.020611
0.091233
-0.003898
0.019711
-0.148825
-0.024109
0.023925
-0.020169
0.055545
-0.070802
0.038895
-0.023696
0.025098
0.013786
0.113596
-0.003560
0.036686
-0.025901
0.074062
0.005615
0.004976
0.097326
0.010307
-0.049083
0.000158
-0.038504
-0.015612
0.086347
-0.025329
0.106453
0.056341
0.013303
0.021607
-0.067160
-0.012050
-0.003240
-0.058243
0.006074
0.052780
0.071513
0.006381
-0.000342
-0.068029
-0.049362
0.055130
-0.021712
-0.025730
-0.001677
0.019250
0.722317
0.022368
0.080722
0.000016
-0.001337
-0.186313
0.010237
0.000325
-0.156632
-0.054845
0.000513
0.129478
-0.030849
0.031314
0.044820
-0.005582
-0.063780
0.025455
0.011350
0.086152
-0.045216
-0.012281
0.069413
-0.015996
0.051367
-0.045761
0.080921
-0.001139
0.094797
-0.034289
0.000083
-0.004456
0.027644
0.026689
-0.051539
-0.000734
-0.071721
-0.055501
0.041238
0.039419
-0.029355
-0.048179
0.097090
-0.014863
-0.000004
0.010870
-0.009403
-0.027702
0.068185
-0.049639
0.048965
-0.001344
0.061026
0.027811
0.090655
-0.048078
0.030096
-0.051196
0.027642
0.050835
0.098175
0.050361
0.047977
-0.163231
0.036553
-0.062657
-0.001717
0.013372
0.079321
0.023670
-0.014107
0.007773
0.032799
0.112886
0.042223
0.023926
0.024413
0.022422
-0.005203
0.013628
0.013535
0.033069
-0.037960
0.005069
0.014255
-0.060240
-0.261801
0.002060
0.014685
-0.037292
-0.002512
0.011024
0.046393
0.026193
0.222508
0.000184
0.006918
-0.000078
0.007152
0.136835
-0.059252
0.051377
0.000972
0.013541
0.001013
0.000600
0.025192
0.011566
0.073686
-0.006014
0.023216
0.024657
0.070071
-0.034208
0.071306
0.048772
0.051996
0.006036
0.031970
-0.316538
0.087955
0.003325
0.061592
-0.005525
-0.001796
-0.031672
-0.041554
-0.009432
-0.014779
0.024699
-0.001594
0.020952
-0.006405
-0.302389
0.001354
-0.000013
0.008690
-0.002967
-0.009013
-0.034582
-0.739887
-0.022875
-0.050692
-0.008924
0.061673
-0.057453
0.041839
0.028792
0.080364
0.087080
-0.109382
0.045023
0.019090
0.033484
-0.118731
0.051371
0.011664
-0.020263
0.022407
0.000827
0.045597
-0.314855
0.058836
0.056006
0.135891
0.018004
0.002767
0.006382
0.034612
-0.014457
-0.011679
0.069036
0.018023
0.010639
0.022706
-0.015565
0.005197
-0.050349
-0.017531
-0.059262
0.020205
0.046941
-0.059178
0.103238
-0.005292
-0.010877
0.075597
-0.008477
-0.003423
-0.009648
0.075038
0.092802
-0.030552
-0.025035
0.019072
-0.007538
0.065500
0.024164
-0.005025
-0.005637
-0.012101
-0.085669
-0.135126
0.000136
0.040003
0.090155
-0.053258
-0.014664
0.001431
0.027152
0.069438
-0.001293
-0.099273
-0.018524
-0.000129
0.019273
-0.032349
-0.013037
0.010083
-0.017772
0.023237
0.023313
-0.007051
-0.049476
0.027461
-0.034458
0.010706
-0.032866
0.055178
-0.064297
-0.077037
0.032247
-0.248385
-0.035664
-0.039665
-0.005083
-0.063720
0.160164
0.017084
0.010659
-0.025217
-0.005152
-0.013169
-0.000446
-0.000014
-0.027075
0.025448
0.000014
0.109256
0.082881
-0.009953
0.044515
-0.027271
-0.020573
-0.023987
-0.111650
0.088625
0.028893
-0.076811
-0.127472
-0.058498
-0.020972
-0.028924
0.010204
0.045575
0.045409
0.010462
-0.056044
-0.000021
0.052313
-0.040701
0.002545
0.050981
-0.102168
-0.001435
-0.048141
-0.011971
-0.040101
0.039122
0.048967
-0.021172
0.036389
0.001171
0.019058
-0.079958
-0.009054
0.001050
0.040636
0.003918
-0.063209
0.166907
0.072442
0.040764
-0.042934
-0.033238
0.018210
-0.025676
-0.272361
0.000889
0.056605
-0.025254
-0.023783
-0.002949
0.030703
-0.035106
0.043331
-0.088063
-0.027859
0.037666
0.008034
0.002907
-0.027151
0.113833
-0.069343
-0.003279
-0.077820
-0.030235
-0.002863
-0.047978
-0.025013
-0.011162
-0.058384
-0.010303
-0.047037
0.037929
0.012934
-0.008527
-0.009724
0.037080
0.004409
-0.002419
-0.026951
-0.000957
0.030542
0.028775
0.042576
-0.007356
0.071715
0.053512
0.022367
-0.000327
-0.006605
0.038419
0.029258
0.055390
-0.012670
-0.129841
-0.026038
-0.451288
0.010842
-0.001151
-0.005366
-0.007511
0.048340
-0.061105
-0.033006
-0.034359
0.026140
-0.046330
0.000292
-0.015088
-0.023426
0.082355
0.052263
-0.005721
0.022129
0.032852
0.006630
0.013186
0.021320
0.020404
-0.050028
-0.000635
-0.030544
-0.068426
0.000267
0.002707
0.028524
0.008980
0.043449
-0.005423
0.035020
-0.027594
0.012426
-0.019039
0.032410
-0.018235
-0.001166
0.021795
-0.003592
-0.026251
-0.000072
0.027705
-0.002757
-0.007237
0.099470
-0.030983
0.013439
-0.001475
0.083273
-0.152576
-0.005341
0.011162
0.002314
0.042509
0.048483
-0.020977
0.047180
-0.014952
-0.005570
-0.010560
-0.091782
0.034428
0.023883
-0.097909
0.053381
0.060561
0.064160
0.002312
-0.007135
0.004071
-0.228521
-0.000233
0.006906
-0.033392
-0.045765
-0.021481
-0.043543
0.006109
0.025116
-0.029777
-0.022888
0.000317
-0.010583
-0.014170
0.001305
0.018841
-0.033397
0.076482
0.058808
-0.059432
-0.031050
0.011642
-0.144978
-0.003186
-0.009762
0.094135
-0.004649
0.001674
-0.028979
-0.018695
-0.262333
-0.000656
0.008070
0.003949
0.009951
0.008206
0.001378
-0.003141
-0.000529
0.034581
-0.012554
-0.074946
-0.049895
0.016117
0.000678
-0.036385
0.000593
-0.048112
-0.064104
0.050991
0.070481
-0.006854
-0.003214
0.021958
-0.059930
0.022914
-0.000097
0.014070
0.046763
-0.080118
0.007605
-0.017564
0.026008
0.000450
-0.033165
0.005908
-0.028180
-0.005763
-0.010534
0.000552
0.010568
-0.015767
0.127333
0.064624
-0.000963
0.043459
0.028436
0.001810
-0.000817
0.005252
-0.028557
-0.032311
0.016433
-0.019677
-0.011151
-0.024347
-0.006980
0.013209
0.062609
0.017624
-0.000651
0.088163
0.000925
-0.010072
-0.011781
0.018737
-0.000433
-0.033175
0.006757
-0.106091
0.045222
0.073622
0.021063
0.070151
-0.027575
0.100142
0.118748
0.049903
-0.004637
0.002988
-0.014033
0.029140
0.056173
-0.019323
0.024590
0.028871
0.029630
0.001224
-0.017956
-0.004533
-0.021844
-0.000749
0.050542
0.018607
-0.023356
-0.020140
-0.011494
0.012230
-0.034230
-0.002187
0.003833
0.032535
0.000011
0.026455
-0.001851
-0.018646
0.026182
0.040437
0.057176
-0.507996
0.004879
0.006032
-0.017895
-0.056283
0.006815
-0.005931
0.015420
0.001131
0.018883
0.038831
0.001086
0.049589
-0.005054
0.025787
0.017770
-0.021895
0.061789
0.079302
-0.007089
0.031390
-0.016664
-0.253999
-0.051885
-0.001295
0.019612
-0.000222
-0.045567
-0.008501
0.000253
0.013394
-0.058363
-0.009772
0.164529
-0.009667
-0.008955
-0.085056
0.019727
0.013733
-0.000260
-0.015818
0.002399
0.090404
-0.034771
-0.001506
-0.018458
0.004048
0.018578
0.026556
0.033461
0.013134
0.095715
0.037138
-0.081709
-0.052578
-0.299824
0.001136
0.005091
0.015101
0.023162
0.059130
0.062031
-0.014991
0.005786
0.008598
0.011812
0.000517
-0.003957
-0.404809
-0.463274
-0.026584
-0.047491
0.032300
0.042998
-0.029242
-0.092896
0.000610
0.017839
-0.066335
-0.038072
0.021741
0.003003
-0.000242
-0.010366
-0.010527
0.077063
-0.006448
0.098721
-0.002988
-0.033537
0.057235
-0.001736
0.037310
-0.000534
-0.072210
0.043062
-0.000476
-0.074175
0.062561
-0.029712
-0.076815
-0.023043
-0.082429
-0.238050
0.012890
0.032796
0.055217
-0.053958
0.019409
0.016850
0.035459
-0.001916
0.007789
0.062946
-0.047437
0.025900
-0.012463
0.035500
0.017653
0.145375
0.000012
-0.001805
0.008556
0.033615
0.001457
0.003985
0.076649
0.021867
0.001806
0.122182
-0.007383
0.021215
0.013070
0.047645
-0.028666
0.017194
0.040013
0.097366
-0.007349
-0.037979
0.030025
0.038284
-0.072417
-0.000047
-0.023225
0.133430
0.030647
-0.060101
0.000328
0.073346
0.020208
-0.008714
0.010996
-0.032660
-0.021195
0.002948
0.001714
0.000956
-0.145299
-0.001172
-0.065409
0.030851
-0.000027
0.024646
-0.010257
0.008014
-0.014105
-0.030763
0.048424
0.088547
0.014312
0.036195
-0.002552
0.006271
-0.000861
0.109345
-0.028904
0.011623
-0.017158
-0.024575
-0.154342
0.005514
-0.057524
0.039834
-0.005450
0.027587
0.014009
-0.029974
0.043941
0.047016
0.006490
-0.017567
0.060604
-0.010331
0.025346
0.004527
-0.010905
0.057391
0.044988
0.005902
0.040526
0.013543
0.023904
0.012212
-0.000888
0.017600
-0.044503
0.024363
-0.022504
0.004537
-0.037491
0.028321
0.008019
0.001195
-0.008702
0.006823
-0.005786
-0.031578
-0.019729
0.023701
-0.330594
0.010098
0.040406
0.048918
-0.019914
-0.002876
-0.000596
0.041632
-0.058315
-0.004409
0.053236
0.000812
0.001706
0.012272
0.163604
-0.004202
-0.019317
-0.068547
-0.002465
-0.058612
0.000778
0.025400
-0.024507
-0.189441
0.029027
0.037990
-0.017596
-0.043534
-0.011272
0.140396
-0.008017
0.006947
0.001443
0.030284
0.026134
-0.036411
-0.014008
-0.002432
0.023188
-0.017408
0.002671
0.000762
0.070172
0.021515
-0.088011
0.104866
-0.003084
-0.032683
-0.014394
0.064168
-0.415299
0.107404
-0.001949
0.001277
-0.029097
-0.010729
-0.004977
-0.024840
0.026320
-0.003493
0.000088
0.011138
0.022513
0.005720
-0.022708
-0.007803
0.086996
0.049083
-0.019243
-0.013198
0.078722
-0.004287
0.041861
0.024276
-0.123110
0.037680
0.016429
0.000451
0.035169
0.087771
-0.012923
-0.001811
-0.016953
-0.014319
0.014578
0.004899
0.013306
0.027231
-0.007233
-0.007047
0.001798
0.002724
0.055849
-0.012661
-0.024382
0.023144
0.013289
0.060148
-0.090291
0.014561
0.064117
0.029367
0.049314
-0.041057
0.025329
0.018212
0.034564
0.032342
-0.001381
0.055719
-0.000673
-0.002650
-0.000823
-0.045177
-0.031871
-0.060045
-0.045675
-0.002744
0.021251
0.040033
0.016442
0.021292
-0.012687
0.021299
0.057821
0.021247
-0.008922
-0.093620
-0.021447
0.096184
0.010235
0.033662
-0.158198
0.005863
0.087993
-0.033973
0.002753
0.054901
-0.014606
-0.044309
0.005209
-0.006310
-0.005216
-0.036187
0.013587
-0.006666
0.046226
-0.055923
0.080829
0.021400
-0.000057
0.020581
0.016041
-0.074963
0.089483
-0.006527
-0.011068
0.022779
0.016410
0.006753
-0.003063
-0.020913
0.101497
0.005112
-0.010554
0.121552
0.022779
0.023920
0.026466
-0.001593
0.083795
-0.079624
0.021228
-0.027099
0.018632
0.050111
0.045784
0.015590
-0.000823
0.048154
-0.016100
0.012658
0.063687
-0.025241
-0.007046
0.048200
-0.076831
0.093981
0.160581
-0.002407
0.107572
0.050315
0.017360
-0.189626
0.006120
0.031196
-0.375650
0.066913
0.000062
0.029190
-0.010904
-0.041598
-0.043009
-0.000226
0.063422
0.040284
-0.010793
0.105513
-0.018045
-0.031331
-0.013681
0.008088
0.006113
-0.002724
-0.004526
0.130066
-0.051187
-0.019107
0.106302
0.013632
-0.029936
0.007295
-0.007321
-0.026846
-0.095891
-0.018731
0.036607
0.021637
0.009688
-0.065194
0.001464
0.000027
0.027264
-0.010939
-0.037731
-0.005519
-0.020090
0.010827
-0.024175
0.037968
0.026190
-0.014118
0.025035
-0.079198
-0.019413
0.011679
-0.052388
0.012498
-0.042136
-0.027046
0.074450
0.000308
-0.028770
-0.077588
-0.204229
-0.005537
0.033872
-0.035458
0.000045
0.017580
0.086249
0.038218
-0.002264
-0.035556
0.035551
0.009744
-0.043091
0.025698
0.013975
-0.090149
0.018953
0.033047
-0.052914
-0.010493
0.074366
-0.026536
0.088604
-0.037518
-0.000504
-0.000699
-0.007022
0.024941
-0.019281
-0.005873
0.021014
-0.003440
0.001983
0.049812
0.051817
0.002897
0.050898
-0.044026
-0.000479
-0.001383
-0.011664
0.003017
0.018758
-0.017902
0.086626
-0.018062
-0.000554
-0.004885
0.022442
-0.022335
-0.027932
0.050064
-0.014959
0.028486
0.018396
0.005677
0.004466
0.017575
0.000020
-0.018853
-0.010218
-0.005083
0.014986
0.035867
0.005732
0.050733
-0.001277
-0.017256
-0.034567
-0.021079
0.015751
-0.105617
-0.063012
-0.008899
0.001181
-0.002846
0.032265
0.000535
0.038406
0.004704
0.013680
-0.003668
-0.015997
-0.008617
0.028348
0.009633
-0.028480
0.028016
-0.014151
0.022368
-0.001903
-0.025292
-0.033874
0.001032
0.003138
0.051977
-0.054543
-0.042868
0.051998
0.016849
-0.019545
0.028084
-0.006079
-0.063430
0.011795
-0.030826
-0.027879
0.016726
0.058183
-0.025082
0.016386
-0.000918
0.165528
-0.037323
0.080282
-0.017816
0.074575
0.000035
-0.004495
0.021586
0.062742
0.007916
-0.007767
0.032586
0.035057
0.001732
0.076087
-0.021858
-0.027359
-0.012562
0.055085
-0.388029
-0.070863
-0.137759
-0.046833
-0.057055
0.094755
0.080971
-0.008547
0.012099
0.074043
-0.008346
0.006868
0.025273
0.031037
-0.005012
0.001498
0.022690
0.002857
0.012825
-0.010558
0.097258
-0.051806
0.013560
0.005862
-0.001562
0.002167
0.042171
-0.029949
0.000218
0.032272
-0.022235
0.007689
-0.018779
0.049442
0.017292
0.059087
-0.001596
0.032185
0.006218
-0.026864
-0.000149
0.027757
-0.072309
0.036844
0.020808
-0.000614
0.001528
-0.008271
0.020922
-0.024090
0.006558
-0.001078
0.001630
-0.002901
0.046215
-0.005650
-0.090810
0.010140
0.011705
0.005052
-0.059794
0.010328
-0.008587
0.015524
0.152024
-0.092074
0.001764
0.026837
0.000121
-0.025081
0.018266
-0.000209
-0.019198
-0.028436
0.046495
0.077678
0.027872
-0.040918
-0.001011
0.001326
-0.041280
0.032710
0.031657
-0.030917
-0.015305
0.024158
-0.007688
-0.013586
0.026497
0.016175
-0.014934
0.063054
0.030908
0.025029
0.042049
0.046312
0.006250
-0.005703
0.026676
0.053830
0.025497
-0.024855
-0.003271
-0.059453
-0.006915
-0.029027
0.074032
0.012835
-0.012537
0.009262
-0.013873
-0.044012
0.026225
0.053724
0.024055
-0.002607
-0.012961
0.001785
0.002444
0.012460
-0.053126
-0.022201
0.041919
0.066361
-0.044596
0.034240
0.035215
0.018181
-0.020238
-0.008822
0.074268
-0.037576
0.018469
-0.000834
-0.003445
-0.003771
-0.079919
-0.011237
-0.083908
0.028998
0.023186
0.006000
0.030812
-0.007239
-0.051624
0.084695
0.000437
-0.000338
-0.045007
0.051181
0.005483
0.005330
0.052239
0.032707
0.025297
-0.042781
-0.022701
0.132109
0.047927
-0.009852
-0.005480
0.003290
0.014683
0.042029
-0.164249
-0.046482
0.048847
-0.020861
-0.025156
-0.000083
0.021799
-0.006981
0.012945
0.009183
-0.000535
0.018070
-0.027213
0.014323
-0.005688
-0.072853
0.000305
-0.006009
0.009018
0.017022
0.063516
0.005684
0.027652
-0.038311
0.002313
0.060953
-0.004049
0.008300
-0.052482
0.012390
0.065025
0.026482
0.036246
-0.010277
-0.029209
-0.008551
0.065264
0.022022
-0.015234
-0.003859
-0.004617
-0.008134
-0.016359
-0.028245
0.042891
0.001912
-0.011089
0.056082
-0.000531
0.011332
0.024574
0.002756
-0.007757
-0.015388
0.010721
-0.008643
-0.123767
0.002009
-0.040399
0.017710
-0.034879
-0.029947
-0.010025
0.021453
0.095488
0.038145
0.011033
-0.051123
0.026018
-0.335884
-0.033375
0.035705
-0.007951
-0.012003
0.007478
-0.138703
-0.011182
0.052136
0.027142
-0.074205
0.022983
-0.007040
0.038762
0.013149
0.032033
-0.039003
-0.024788
0.029151
-0.003720
-0.000698
-0.049623
-0.093262
-0.014600
-0.045284
-0.097602
0.007458
0.000975
0.005324
-0.020246
0.012662
-0.028277
0.159339
0.013160
-0.001791
0.034862
0.016563
-0.005976
0.006973
0.021909
-0.008611
0.015443
0.005294
0.031514
0.089897
-0.064092
0.014954
-0.009501
0.095888
0.004003
0.007302
0.031711
-0.021393
-0.044071
-0.023300
-0.018522
-0.001124
0.025801
-0.070189
0.001679
-0.034266
-0.042795
0.036031
-0.000596
-0.018254
-0.232893
-0.003717
0.004356
-0.038466
-0.050833
-0.023256
-0.013650
0.044701
-0.004079
-0.011846
-0.004809
-0.049770
-0.034521
0.004012
0.025838
0.100078
0.004644
-0.020573
-0.021311
-0.038100
0.016586
0.060662
-0.025570
0.013551
-0.048154
0.021503
0.037891
0.048015
0.044431
-0.010855
0.004404
-0.060300
-0.003211
0.024736
0.012226
0.009915
0.007545
-0.013683
0.041141
-0.004815
0.032912
0.020491
0.002331
-0.034081
0.095827
-0.001132
-0.004181
-0.000575
0.005580
0.014071
-0.035921
-0.018359
-0.019327
-0.019663
0.030277
0.000975
-0.000359
-0.024771
-0.020264
-0.002450
-0.007964
0.046385
-0.015235
0.000210
-0.278476
0.008954
0.003993
-0.000053
0.032395
0.037730
-0.014476
-0.026812
0.028755
-0.011446
-0.022987
0.011484
-0.019896
-0.049350
-0.010054
0.008369
-0.021649
-0.026604
-0.017401
0.000444
0.015016
0.056690
-0.007126
0.033799
0.017148
-0.020749
0.021584
-0.030975
0.000519
0.010465
0.034109
0.116456
0.001633
0.000006
0.130884
0.006777
0.006835
-0.046819
0.026326
-0.009185
-0.012208
-0.000499
0.046965
0.040627
0.042249
-0.019969
0.052580
-0.001069
-0.013554
0.021613
0.079718
-0.007747
0.000079
0.033595
0.063897
0.004913
0.004565
-0.009146
0.023535
0.015796
0.041903
0.024086
0.033385
0.017604
-0.000013
0.046979
0.018850
-0.034103
-0.046229
-0.026453
-0.021477
0.036206
0.001550
0.047343
0.052956
-0.010095
-0.030863
-0.037342
-0.005113
-0.019590
0.058022
-0.016430
0.001832
0.038799
-0.037011
-0.004470
-0.069344
-0.006544
0.004198
-0.023142
0.037406
0.041289
0.022353
0.009038
0.008085
-0.012663
0.151072
-0.042105
0.006911
-0.027660
0.006184
0.053090
0.092098
0.009872
-0.020754
0.004636
0.071205
0.056104
0.000797
-0.015657
0.062550
0.009214
-0.053987
0.042562
0.004195
-0.009955
0.107795
-0.016031
-0.182990
0.132711
-0.011940
-0.010385
0.044304
0.007834
0.035409
-0.020329
-0.039479
-0.010656
-0.040157
0.031219
0.010541
-0.053087
0.013492
-0.060177
0.098770
0.072146
0.033524
-0.005916
-0.010734
-0.017500
0.050818
-0.006817
-0.002084
-0.074761
-0.030878
-0.006072
0.022351
0.010490
-0.012019
0.009582
0.010425
0.045975
0.025976
-0.000001
-0.004926
-0.000225
0.048192
0.015279
-0.022472
-0.211649
0.046346
0.021281
-0.007937
-0.183517
-0.000663
0.043672
-0.040300
-0.006740
-0.000621
0.034163
0.008205
0.022761
-0.026722
0.036978
-0.019885
0.015371
0.040781
0.044223
0.020013
0.011192
-0.015801
-0.000618
-0.028951
0.017041
0.007410
-0.007725
0.042812
0.004426
0.000086
-0.000297
0.051367
-0.012105
-0.007546
0.225641
-0.003711
0.031065
0.024746
-0.003177
0.033982
-0.016730
-0.027231
0.012115
0.140929
-0.007323
0.042285
0.003584
0.018209
-0.036556
-0.029938
0.001649
-0.029817
0.000348
-0.017823
0.015171
0.044467
-0.011100
-0.028636
0.018159
-0.020267
0.050598
0.020965
-0.003048
0.116606
-0.059431
-0.063801
0.012329
0.009567
0.047527
0.042082
-0.031365
0.020377
0.062526
0.011778
0.028516
0.091005
0.002409
-0.008976
0.000195
0.030061
0.024957
0.066125
-0.018115
0.232531
0.014732
0.023031
0.045895
-0.000027
-0.012799
-0.008963
0.068762
0.024272
-0.000645
0.016048
-0.001310
-0.031489
0.035058
0.025325
-0.005717
0.004038
0.039047
-0.005366
0.009711
0.053810
0.009325
0.003260
0.009409
0.002777
0.077585
-0.058565
-0.057811
0.094087
-0.003681
-0.009235
-0.160779
0.007227
0.011279
-0.028534
-0.002879
-0.112207
-0.023014
0.015309
0.001120
0.051910
-0.034993
0.052513
-0.024823
0.007276
0.066473
0.061947
0.041140
0.006747
0.020231
0.022298
-0.016422
0.000059
0.140832
-0.012735
0.001932
-0.017063
0.030813
0.024651
-0.021154
-0.003802
0.020827
0.013572
-0.000432
0.032399
-0.003869
0.053363
-0.007198
0.007799
0.086540
0.026674
-0.019738
0.003615
-0.001080
-0.045964
-0.033900
0.005950
0.102205
0.098545
0.026482
0.043339
0.113259
0.039845
-0.021106
-0.050809
-0.002726
0.007294
-0.016453
-0.069832
0.032453
-0.007803
-0.001507
0.140791
0.053705
0.001673
0.071347
-0.044155
-0.042602
0.020143
0.031640
-0.002177
-0.003674
-0.011913
0.009514
-0.016947
-0.003561
-0.056926
-0.008609
-0.050030
-0.000649
0.005802
0.020226
0.011740
0.112862
-0.001954
0.001717
-0.031753
0.055880
0.041359
0.003483
-0.034028
0.011586
-0.031269
-0.006177
-0.010105
-0.115150
-0.011831
0.067868
-0.025431
0.007309
-0.024646
0.037124
0.012888
-0.010363
-0.005329
0.003204
-0.023441
0.025830
0.042646
0.017526
-0.030254
-0.072695
0.031145
0.004448
-0.030450
0.098780
0.002314
-0.002965
-0.000674
0.022397
-0.032182
-0.006656
-0.080220
-0.012331
-0.073246
0.009230
0.028600
-0.047196
-0.006932
0.037754
-0.021307
0.026513
0.250736
-0.024796
-0.064747
0.012191
0.061460
-0.047394
0.054647
-0.038946
-0.010618
-0.004335
0.017451
-0.034399
0.014820
-0.015877
-0.059699
-0.026589
-0.284962
0.011363
-0.012147
-0.236375
0.005624
0.027430
-0.002679
0.056537
0.022976
-0.054059
0.029360
-0.009003
-0.005381
0.001068
-0.043065
0.020886
0.002159
-0.027944
-0.027035
-0.016268
0.010121
-0.000482
-0.006661
0.038666
-0.017553
-0.052199
-0.020115
-0.042687
0.014657
0.009943
-0.026293
-0.138185
-0.015037
0.127572
0.002618
0.005513
0.041286
0.033975
-0.103488
-0.040367
-0.012959
0.226255
0.023067
0.002146
-0.018671
0.001568
0.002319
0.000127
0.027651
0.028076
0.012541
-0.184309
-0.018320
-0.027098
0.011390
-0.002547
-0.018094
0.036812
-0.009845
0.017882
-0.000019
-0.001842
0.022909
0.001800
0.036768
0.043615
0.017621
0.041563
-0.013397
0.004974
0.016106
-0.002812
-0.019653
0.000760
0.013722
0.014310
-0.029472
0.007843
-0.064931
-0.004908
-0.013397
-0.009034
0.001339
0.035090
-0.046949
0.031657
-0.018953
-0.016179
0.021242
-0.014178
0.039518
-0.024589
0.014626
-0.022970
0.014440
0.020872
0.003052
-0.003467
-0.061058
-0.002930
-0.004288
0.003159
0.037652
-0.070719
-0.014769
0.030485
0.002860
-0.084392
0.013803
-0.011102
0.030228
0.002897
-0.280248
0.013514
-0.000393
-0.000452
-0.033223
0.063185
-0.032718
0.032213
-0.006076
0.012558
0.012180
0.116963
-0.012187
-0.025431
-0.009289
-0.019049
-0.055497
-0.011366
-0.017143
-0.032360
-0.062861
-0.009263
0.009606
-0.040128
-0.005056
-0.051404
-0.066158
0.011998
-0.048473
-0.058302
-0.054789
-0.006407
-0.036309
-0.002411
0.072648
-0.002205
0.034241
-0.158098
-0.300635
0.007576
0.007885
-0.002056
-0.017207
0.026726
-0.001691
0.019669
-0.002453
-0.076215
-0.013435
-0.011061
0.030630
0.024771
0.009166
0.261888
0.063593
0.033476
0.036208
-0.050632
0.007405
0.028360
0.000356
0.011558
-0.010275
-0.255703
-0.026043
0.022205
0.053106
0.013855
0.013496
0.004014
0.040124
-0.000197
-0.041950
0.163947
-0.098689
-0.070717
-0.071315
0.004632
0.002630
-0.125400
0.023273
-0.000732
-0.059129
0.031981
0.004293
-0.030377
-0.002258
-0.040423
0.009669
0.045314
0.037015
0.018045
-0.000909
0.026423
0.012394
-0.179191
-0.032822
0.035851
-0.013269
-0.033085
0.008904
0.020402
0.020438
0.011900
0.022331
0.018704
0.027824
-0.006637
0.034256
0.010861
0.101999
0.017832
0.043997
0.016048
0.032420
0.008699
0.026259
-0.000632
0.030337
-0.028892
-0.055404
0.027464
0.019486
0.013427
0.016810
-0.063981
-0.019824
-0.025632
-0.019265
0.008823
0.025415
-0.000880
0.005034
0.003037
-0.029977
0.029994
-0.351658
0.000164
-0.013124
0.042038
-0.012286
-0.000517
-0.009633
-0.001382
-0.079442
0.008888
0.056853
0.027070
-0.055364
0.010679
0.158400
-0.003606
0.066128
0.007672
-0.019912
0.793767
-0.017222
-0.016037
0.003874
0.001526
-0.010427
0.011795
0.039471
-0.028424
-0.041734
0.059802
-0.052641
-0.091702
0.013514
-0.003590
0.007796
0.074586
-0.093485
-0.063002
0.003156
0.009954
-0.029113
-0.019149
0.024917
-0.008250
0.006687
0.000085
0.033982
-0.047488
-0.004327
-0.000234
-0.008305
0.077558
0.018241
-0.026918
0.079835
-0.001328
-0.003154
-0.012551
-0.003397
-0.001529
-0.022996
-0.000120
-0.006404
-0.056120
0.190277
-0.004590
-0.016870
0.012124
0.000321
-0.025778
-0.165663
0.065077
-0.010944
0.003300
-0.010045
0.026523
-0.058745
-0.007678
-0.046361
0.085685
-0.015540
0.018898
0.012811
-0.011858
-0.015980
-0.046906
-0.032557
0.021009
0.007202
0.037088
0.054063
0.058967
-0.042679
0.078521
0.084143
0.057514
-0.074748
-0.035010
-0.006715
-0.019701
0.009073
0.042029
0.017401
-0.028653
-0.029777
0.029078
-0.021427
0.018878
0.109198
0.060458
-0.087321
-0.035860
0.017140
-0.025254
0.020697
-0.018151
-0.107216
-0.008387
-0.089519
0.010330
0.042157
0.000351
0.032145
0.027286
-0.036070
-0.052037
-0.005141
-0.000163
0.007522
-0.166729
0.005581
0.057996
-0.001637
-0.001405
-0.028679
0.002085
0.020708
-0.014524
-0.004877
-0.033269
-0.042425
0.002309
0.029495
0.027466
-0.010345
0.174611
0.030554
-0.002181
0.035113
0.007870
-0.017881
-0.139978
0.009572
0.007037
-0.000988
0.000295
-0.072992
-0.031433
0.054513
-0.015206
0.047512
-0.005815
0.024423
0.014144
0.020842
0.049054
0.001851
-0.028135
0.047078
0.041919
-0.025094
0.068616
0.126276
0.008917
0.010138
-0.007755
0.003811
0.025999
-0.001179
0.011125
0.027473
0.009102
-0.007223
0.007852
-0.000288
0.054507
0.011552
0.038396
-0.018727
0.064167
-0.007114
-0.020683
0.030755
-0.055203
-0.077364
0.044403
-0.017549
0.003454
0.068724
0.011466
-0.007276
-0.011600
-0.019792
-0.100198
0.008227
0.036962
0.044329
0.040320
0.009217
0.020339
0.015371
-0.057547
-0.021012
0.010996
-0.009271
-0.006502
-0.005797
0.054698
0.008769
0.052969
-0.011580
-0.014099
0.005955
-0.019637
0.001157
-0.087950
0.012649
0.008621
0.018342
0.041395
0.032562
0.092217
0.027172
0.025352
0.068481
0.051519
0.019933
0.008043
-0.009239
-0.044745
0.037619
0.037353
-0.128999
-0.039498
-0.030011
0.042015
0.016226
-0.044194
0.048842
0.000675
0.001506
0.043697
-0.040269
0.005744
-0.006541
-0.071619
-0.059792
0.032805
0.001251
0.014579
-0.036056
-0.028051
-0.008588
-0.022223
-0.011327
0.029009
-0.003839
-0.000815
-0.119742
0.011887
0.048271
0.038424
0.104512
-0.012182
0.014191
-0.046179
-0.033672
0.013957
0.025944
-0.002191
-0.006076
0.000526
-0.000377
0.019287
0.030066
-0.000273
-0.058331
0.001582
-0.012850
-0.002217
-0.016165
0.009701
0.000255
-0.083961
0.012060
-0.021309
-0.030679
0.013444
0.034864
0.000841
-0.075432
-0.004643
-0.018573
-0.000059
-0.040163
0.028935
-0.040766
-0.002324
-0.082003
-0.011313
-0.033226
0.039134
0.042578
-0.007206
0.024563
0.026885
0.018946
-0.011510
0.044811
0.036701
-0.045678
0.065478
-0.102900
-0.014192
0.000299
0.020302
-0.050456
0.066558
