1.162064
0.049524
0.008880
0.144800
0.017782
0.385374
0.001010
0.342179
0.236014
2.712578
0.987599
0.140961
5.135890
0.003705
0.003232
0.590718
0.891427
0.173549
0.030866
0.266321
0.029854
0.259138
3.882763
0.291258
0.051946
1.000000
0.021498
1.000000
1.000000
0.034292
0.015419
1.000000
0.062597
0.988928
0.021487
0.553848
1.116410
1.000749
0.053549
1.009132
0.013352
0.989991
0.352528
1.009032
0.994880
0.024598
1.016561
1.019311
1.000000
1.000000
1.000000
1.000000
0.047629
5.418678
1.024319
1.000000
1.000000
11.057719
1.000000
0.730175
0.979584
1.002789
0.017666
0.382220
1.102669
1.031037
0.032675
0.908622
1.003884
1.044275
0.980046
1.026281
0.086257
0.989123
1.000000
0.269699
1.000000
1.000000
0.071407
0.994851
1.000000
10.021284
0.999512
1.000000
1.000000
1.232672
1.000000
0.954514
0.989090
1.055960
1.000000
1.106376
1.021945
1.000000
0.021181
1.000000
1.090055
0.011666
0.000776
1.062824
0.943293
0.402623
0.017468
1.000000
1.000000
8.040051
1.000000
1.039926
0.908204
0.094819
0.996643
0.858347
1.034350
0.028826
7.081878
0.973038
1.000000
1.000000
0.984216
1.049989
1.054508
0.252177
1.913053
0.719372
1.246807
0.506025
1.073545
1.071485
0.001903
0.126109
0.583798
1.000000
0.996481
0.944165
0.190790
1.129356
0.963338
1.000000
1.189012
1.327652
1.000000
0.986023
1.000000
0.835676
1.000000
0.876936
1.888155
0.944110
0.969042
1.000000
0.980164
0.046488
0.755924
1.109842
0.202385
0.806100
1.207536
1.029227
1.000000
1.169988
0.785851
1.000000
1.092082
1.000000
1.000000
1.000000
0.010869
0.547739
1.000000
1.280235
1.048818
1.024400
1.037321
1.000000
0.875308
0.943413
1.023828
1.000000
1.000000
0.001261
1.633047
0.979856
0.873031
1.263255
0.916525
0.949812
0.955680
1.000000
0.924422
1.566759
0.966289
0.969309
0.786231
0.802583
0.923766
1.056939
0.139648
0.054133
1.008394
0.051607
1.418514
1.009238
0.740646
0.668578
1.323132
1.405147
0.995432
0.884202
0.941461
0.913662
1.309414
0.981998
0.928641
0.018688
1.075290
1.086783
1.056259
0.825690
1.000000
0.001982
0.961917
1.030063
0.754672
0.993894
0.943139
2.481287
0.201960
1.013227
1.143208
0.484421
1.014912
0.857751
1.397055
1.240433
1.085230
0.691940
0.901152
0.003673
0.992206
1.033348
0.665954
0.940039
0.638639
1.288284
1.014649
0.006566
1.000000
0.831611
0.817475
1.033189
1.000000
1.258434
0.018908
0.999186
1.068634
2.399723
1.312703
0.960012
0.998486
1.015673
0.515323
0.924805
0.944330
1.044777
1.160936
0.445275
0.118029
0.835475
0.030462
0.786231
0.030234
1.140355
0.709536
1.207674
1.020856
1.061436
0.037511
0.942994
1.074908
0.834302
0.778647
0.352351
1.321727
0.995039
1.010306
0.337564
1.021607
1.276388
1.062017
0.730849
0.908633
1.332389
1.069457
1.083162
0.020490
0.709755
1.324753
0.980356
1.005255
1.398940
0.552146
0.998863
0.253708
1.092102
1.217463
0.229177
0.960660
1.083155
0.622220
0.777967
0.660060
0.933009
0.808727
0.290809
1.035384
0.913810
1.000000
0.213903
0.982084
1.050011
1.010974
0.597206
0.791081
0.643776
1.353662
0.660393
0.164226
1.017378
0.758611
0.520209
0.659329
0.511016
0.003167
0.029652
1.443000
1.030460
1.058457
1.069200
0.577673
0.025973
1.000000
1.272674
0.822940
0.844250
0.732020
0.222918
1.000000
0.219964
1.382317
1.187427
0.196046
1.647002
0.492697
0.253746
0.896407
0.027728
0.913007
1.059959
1.003860
0.762229
1.008256
1.292557
0.015540
0.500821
0.880007
5.951972
1.382625
1.414772
1.559996
0.454498
0.978144
1.282893
0.674365
25.111420
0.912574
0.286952
0.160996
0.880980
0.166271
0.665902
1.306471
0.774351
1.412938
3.028561
1.177550
1.056697
0.089151
0.452203
0.444654
0.233615
0.965899
1.100548
0.991240
0.900947
1.299739
1.030619
1.318738
0.921328
0.925307
0.413448
0.571038
0.907595
0.671136
0.977440
0.944541
4.654285
0.501449
0.516578
0.082344
0.389729
3.406449
1.000000
0.775378
1.000000
1.010867
0.826898
0.671181
0.086744
1.021750
1.079601
0.913377
5.482958
1.093206
1.287916
0.880231
1.071196
0.806396
0.116710
1.398741
1.244850
4.372448
1.132907
0.002908
1.327488
1.147790
1.000000
0.499121
1.580909
0.794977
1.000000
1.774066
0.412042
1.185571
0.548425
0.061358
0.086266
0.721198
1.530925
3.228501
0.776802
0.978709
1.048376
0.327784
2.066646
1.320725
1.333815
0.504719
0.947080
0.579438
0.861623
1.132274
0.438013
2.675471
0.890618
1.414292
1.299576
0.824054
0.284844
0.416107
1.119656
0.921542
0.954292
0.563007
0.438917
3.356524
0.214232
0.136894
1.814208
5.908216
0.772118
0.269048
1.056770
0.620970
0.854650
1.073179
0.821819
1.014645
0.270561
1.031868
0.941737
0.646968
1.549906
0.655465
0.200683
1.325501
0.511444
1.000000
0.896569
1.020885
0.078882
2.105236
0.415812
0.956664
1.121490
0.228900
0.250414
0.335024
0.853151
0.814739
0.410309
0.692708
0.651920
0.484364
0.492499
2.085492
0.875032
0.206193
1.341659
1.025615
1.750546
0.777098
1.040819
0.476255
0.991674
0.454709
1.261790
3.930639
0.921101
0.791629
0.015695
0.759232
0.001631
0.954047
0.616145
0.397343
0.210638
0.957958
1.105940
1.541387
1.507409
2.199829
1.837326
1.000000
1.315628
0.012829
0.179733
0.894369
0.700627
0.433460
0.955728
0.533608
1.126216
0.854044
1.022869
1.240980
0.818046
1.179787
0.053885
0.229249
0.959882
0.869321
1.136342
1.728673
1.388838
0.243446
1.177352
0.638664
0.159377
0.883084
1.000000
1.000000
0.870032
2.081983
0.530084
0.987617
3.351981
0.497256
2.163955
0.101880
0.244268
0.426144
0.221227
1.116018
0.939619
0.060940
7.375800
0.083380
1.885041
0.730386
0.817354
1.001715
0.795188
1.303507
0.303671
1.000000
1.055454
0.972469
1.403594
0.789528
0.507700
1.075599
0.333670
0.077967
0.143808
0.203497
0.816367
0.378562
0.744157
1.025654
0.850284
0.037276
0.273622
0.616185
0.384363
0.361959
0.562925
0.577977
2.513483
0.796597
0.024141
0.163924
0.804842
1.588601
1.047420
1.052047
1.697259
1.507340
0.772969
0.586230
1.283901
0.206967
1.921507
1.000000
0.630698
1.457794
2.573867
1.000000
1.000000
0.364424
0.779646
0.119809
1.390860
0.477789
1.031534
1.000000
0.095551
0.067411
0.846898
0.595251
0.270120
0.721197
1.429141
1.000000
0.700157
0.468735
0.445691
0.406624
0.033527
0.582156
0.045264
1.141952
0.048240
1.398132
1.000000
1.400734
0.276500
0.128138
3.357435
0.007442
0.734411
0.189029
0.850755
0.567742
3.629685
0.082067
1.169232
0.257852
0.237168
1.000000
0.046517
0.271737
1.468990
3.093921
1.000000
1.207402
0.847922
0.130910
0.245504
0.843920
1.000000
0.009835
1.000000
0.040660
1.869302
0.929654
0.003332
0.004362
0.269641
0.006418
1.808298
1.419071
0.851951
1.180782
0.819645
0.203865
0.323030
0.196768
0.583045
0.025442
0.163684
1.927458
0.354002
3.781171
0.040326
1.248185
0.158113
0.371595
0.564943
1.345972
2.466158
0.179005
1.880889
1.000000
0.541980
1.192353
0.022595
0.794023
0.699340
0.970581
1.516062
6.103985
0.408915
0.383643
0.030671
1.000001
0.265023
0.595240
0.093289
1.227265
0.056112
0.963815
0.005957
0.482748
0.119015
0.227482
1.095148
0.202434
0.021328
0.005459
0.564067
1.131747
0.128726
2.344718
0.124528
5.475288
0.942120
1.086504
1.326571
0.135405
0.698956
0.026763
0.170311
1.398110
0.770842
0.258694
2.422932
0.123164
0.723664
0.564976
0.042003
0.911308
0.269123
0.916358
0.088166
0.213324
0.266235
0.328767
0.812741
0.052191
0.125190
0.994416
0.631593
0.088696
0.001918
0.491039
0.059705
0.010369
0.077187
1.000000
0.241554
0.176336
0.615879
4.468467
0.930628
0.055949
0.019293
0.001178
0.159793
0.029598
0.217279
0.202638
0.097082
1.248019
1.060957
0.170133
0.946932
0.818583
0.671048
0.042683
0.125661
0.249557
0.426916
1.541876
2.457994
0.001926
0.168014
0.007995
0.000704
0.019127
1.526000
34.225478
0.849662
0.154502
0.051739
0.199953
0.047016
0.204892
2.029334
1.044609
3.294984
0.347448
2.126931
0.057563
0.777226
3.575363
0.350984
0.464852
0.003742
0.086252
0.242911
0.174893
0.017921
0.985084
1.153351
0.404144
1.242043
1.383182
2.298975
0.065256
0.114266
0.369828
0.296417
0.008767
0.016352
0.192919
0.067103
0.016690
0.052454
1.884040
1.000000
0.283255
0.035928
1.000000
0.081267
1.037059
0.998574
2.570533
1.009370
0.975937
0.097571
0.192206
1.002792
0.753512
1.012408
0.107820
1.019551
0.663352
0.004238
0.771072
0.957257
0.064092
0.035166
0.977799
0.845324
1.000000
0.102363
1.000000
1.503291
1.527408
0.978639
0.017759
0.954576
1.000384
1.000000
0.982070
1.000000
0.016082
1.061252
1.027710
0.974263
0.279693
0.164086
0.987962
0.003508
1.000000
0.393523
1.138570
0.966726
1.006869
1.000000
0.416948
0.984319
0.869220
1.000000
1.000000
1.000000
0.951685
0.975744
1.000000
1.000000
0.993243
1.008398
0.783353
1.043014
1.000000
1.052203
1.051671
0.998208
0.008844
2.041763
1.025406
0.888870
1.418923
0.796719
1.072191
1.061785
0.840965
1.000000
0.094787
1.000000
0.952713
0.835269
1.078534
0.109336
0.309287
1.180200
0.450761
1.000000
0.925589
1.136582
0.424818
1.002827
0.913125
0.141777
1.053585
0.151727
1.071161
0.004552
0.162751
0.950046
0.282252
0.900682
1.000000
0.070706
0.966759
0.905110
1.000000
1.000349
1.000000
3.612336
0.957377
1.000000
0.428347
1.129834
0.372893
0.900264
0.869578
1.000000
1.054355
0.994972
0.806258
1.533719
0.022810
0.092444
1.072293
1.000000
0.852496
1.000098
0.761406
1.000000
1.000000
1.097902
0.265563
1.032481
0.898637
0.090644
1.184924
1.318076
0.903991
0.945654
0.934415
0.337884
0.036725
1.045807
1.104848
1.077644
0.176022
0.589547
0.702136
0.956946
0.077162
1.231281
4.105711
0.814977
0.015709
0.005340
0.427809
0.875356
0.890592
0.802255
0.923225
1.093270
0.949411
1.492841
0.923530
1.288362
1.117536
1.130883
0.239423
5.616382
0.892314
1.210138
1.339296
1.585527
0.789475
0.636146
1.036021
1.000952
1.207306
0.190883
0.056621
0.798470
0.879017
0.501524
0.241853
0.338689
0.635605
1.396621
0.864839
0.905266
0.005980
1.441704
0.867218
0.932706
1.000000
0.560835
0.855784
0.143492
0.684619
2.325804
0.169096
1.106296
0.777965
0.704857
1.003734
1.014131
2.765958
0.890114
0.657708
0.839245
0.953298
0.913880
0.706252
0.669100
1.072810
0.018414
1.104475
0.890247
0.540315
1.011553
0.806738
1.195901
1.763468
1.225573
1.148468
1.000000
1.750472
0.953281
0.929753
1.052590
0.965857
0.527375
1.387023
0.625719
0.859037
1.078554
1.509608
0.838652
0.768862
0.678211
1.067489
1.516534
1.397017
1.046168
0.199761
0.743882
0.628165
0.950092
0.974089
0.702272
0.703964
0.840210
1.067464
0.966149
0.862351
1.639237
0.326306
1.005820
0.174539
1.717376
1.460248
0.568046
0.907942
1.289616
0.936509
0.798085
0.691470
0.231950
1.396112
1.130867
1.080089
0.592848
0.993422
0.352680
0.455621
1.014486
1.303734
1.099069
1.036383
0.279757
0.766479
0.329732
0.672336
0.938218
1.000000
1.110377
1.552305
1.713037
0.627992
2.064493
2.092944
1.063169
0.671084
1.018142
0.763522
0.987701
1.727803
1.080860
0.598796
0.489635
0.850539
0.399416
1.921327
0.751465
2.059985
0.836749
0.166049
0.270846
0.623305
0.682190
2.017038
0.408002
3.596358
1.460149
1.009734
0.560052
2.578167
0.952688
0.813431
0.687178
0.085669
0.016359
0.350512
1.023346
0.692944
0.789920
0.333814
0.869265
0.769342
0.971404
0.008702
1.104867
0.550806
1.023139
0.972218
0.773831
0.484635
0.911883
0.893569
1.000000
0.837638
0.204059
1.000000
0.739749
1.691049
1.000000
2.043319
0.399065
1.314734
0.215977
1.010860
0.641913
0.356790
1.000000
0.755068
1.791008
1.293283
0.414803
1.091714
0.962008
0.624367
3.156040
0.977362
0.374090
0.937563
0.947584
0.811680
0.200218
0.048534
0.690392
0.886331
1.742614
0.732399
0.880978
1.000000
1.000000
0.697431
0.747562
0.398787
1.572598
1.590326
1.000001
1.343513
1.407125
1.057329
1.009550
0.599579
0.113403
0.229206
1.051468
1.199601
0.241429
1.602651
1.402422
1.018083
0.190948
0.439421
0.283321
1.000000
1.989007
0.715426
0.212317
1.320571
0.920134
1.051369
0.983456
0.861845
1.000000
0.760861
0.852929
0.310581
0.316185
1.902120
0.389889
0.828961
0.929110
0.717487
0.877987
0.702384
0.634563
0.528126
0.004244
0.716777
0.916650
0.022308
1.028925
0.942045
0.780341
0.352786
0.376580
1.610253
2.317899
1.207082
0.618361
2.896723
0.103333
5.909593
1.508999
5.017951
1.076959
0.402758
0.130581
0.338493
0.693596
0.999099
0.163458
0.771127
1.192051
0.162211
1.744882
0.831936
0.739402
0.734786
0.094845
5.084487
0.493762
1.000001
2.193047
0.112524
0.560645
0.579248
0.238957
0.535840
0.250004
0.618847
0.113467
0.636522
3.298175
0.139582
1.503162
1.247460
1.236708
0.027552
0.203620
1.418467
1.026965
2.501914
0.707430
0.108081
0.141882
0.741009
0.084261
1.695394
1.222736
0.373656
0.002376
1.816336
1.288138
1.322730
1.079703
0.493007
0.040753
0.104114
0.914436
1.440545
0.868635
0.965173
1.014234
0.591336
0.549047
0.765020
1.055146
0.823988
0.181220
0.764717
0.504493
0.488050
2.863006
0.068588
0.655552
1.206329
0.991146
0.813082
0.386162
1.465822
1.032969
0.105607
0.237890
2.280545
0.103945
0.338784
0.050905
0.201526
0.399626
0.771284
0.309415
1.000000
0.134016
0.882859
1.000000
1.534327
1.106775
0.467299
1.490940
0.482970
0.201316
0.289347
0.713736
1.821785
1.000000
0.989085
0.552454
0.879552
0.724654
1.020613
0.441512
0.067415
0.353462
0.258647
1.294034
0.905960
1.332542
1.000000
1.202493
8.383574
2.639049
1.074046
1.115382
0.093036
0.433554
0.139977
0.374642
0.724056
0.740634
0.899982
0.706022
0.170450
13.175837
0.226234
1.036467
1.000000
1.000000
0.412360
1.263066
0.967905
0.984697
1.682888
6.420579
0.291242
1.416411
0.627007
1.241801
2.548233
1.248454
2.932771
0.186373
0.944636
0.427867
1.010170
1.000000
0.942598
0.248687
0.480304
0.027665
0.260896
1.986997
0.238164
0.735825
0.955829
0.192992
7.352975
0.317472
0.047921
0.162705
0.218189
18.307744
0.693198
1.101370
3.317796
0.090913
0.350249
0.401599
0.978693
0.243608
0.110827
0.482545
0.292279
1.386030
0.415368
1.373017
1.014679
1.146765
1.295196
0.011195
0.001691
0.600605
0.865301
3.315379
1.799695
0.194821
0.739902
8.159931
0.669887
5.587014
1.631642
0.235952
0.508076
2.163682
3.452470
0.006094
0.564390
0.017909
0.019597
0.485342
0.200742
1.797471
0.870904
1.958373
1.013172
0.910738
2.486289
0.050847
0.203068
0.074319
1.138590
1.131183
6.811233
1.584771
0.031600
2.705060
0.399940
0.874032
0.452242
0.462048
0.028908
0.181626
26.441327
0.475779
0.128655
0.922565
0.027263
1.248010
0.288244
0.841126
3.766406
0.999869
0.613472
1.923541
6.140704
0.683577
0.392571
0.979880
0.204302
0.315763
0.010968
0.255146
0.086895
0.336298
0.196117
0.007948
0.645557
1.377946
1.077510
0.120811
0.833634
0.114346
0.739017
3.692731
3.347273
0.791697
1.118660
1.242121
0.247596
0.859056
1.006662
2.730548
0.457996
0.200284
0.016570
1.931378
0.126609
0.684836
0.315422
0.003532
0.878705
0.198658
0.698923
0.761321
0.058703
0.003974
1.236780
0.495422
0.288358
0.026666
2.147101
0.363351
1.270169
0.575475
0.038741
1.860843
0.758146
0.266732
1.048574
0.175264
1.050667
0.009151
0.005509
0.469966
1.035767
0.140747
0.578560
7.638751
0.095577
1.535326
0.245236
0.187542
4.927922
0.005588
0.909929
0.082667
0.963527
0.235199
0.507139
0.645167
64.318417
0.071050
0.843247
0.789887
1.649358
0.034094
0.008891
0.020075
0.564302
0.933152
2.905088
0.535980
0.018334
0.131751
1.201772
0.023906
0.777374
0.031925
1.062246
13.240832
0.101790
0.826823
0.189251
0.047168
0.998031
0.067780
0.021152
0.709602
0.213960
0.955760
0.384912
6.572874
0.734098
0.024963
0.294635
3.059083
0.921823
0.391605
0.005232
0.813855
0.120954
3.933237
2.257031
0.727432
0.547885
0.274805
0.043898
1.210799
0.549580
0.547155
1.130615
0.229845
0.945695
0.098822
1.178985
0.147512
1.918582
0.576462
0.013390
0.349673
0.034780
1.408922
0.001403
0.911067
0.018972
0.538863
0.012409
0.008760
0.006003
0.040942
0.021745
13.687084
1.276623
0.116230
0.882566
0.067234
0.756620
0.008653
27.268334
0.099667
1.056930
0.255588
0.068430
0.049914
0.552300
0.092193
0.756666
1.285155
0.741611
0.196749
0.139858
0.271545
0.012213
0.062037
3.269224
0.821455
0.036945
0.163885
0.374647
1.389775
2.000564
0.037048
0.536285
0.864880
0.299899
0.084891
1.469078
0.001085
1.165567
2.640060
1.922793
0.847126
0.258491
1.203017
0.197481
0.261994
1.304834
0.661211
0.256105
0.032947
0.864264
0.182384
0.808531
0.879498
0.698578
0.000859
0.127298
0.304477
0.014980
0.057904
0.420005
0.020028
0.720238
1.014699
1.000000
0.012992
0.199698
0.107298
0.003279
0.801508
0.029507
0.879373
0.000852
0.429334
0.715152
0.002608
0.558924
0.019615
0.015991
0.346158
0.236964
0.871971
0.003871
0.118156
0.022166
0.000312
0.030820
0.294193
0.007362
0.002642
1.428834
55.932300
0.334084
1.000000
0.029254
5.163359
0.005550
0.032411
1.329266
0.990403
0.172566
0.084541
0.879365
0.058043
0.000980
0.001364
0.238778
1.585628
0.001872
0.032570
0.143670
0.058267
0.920165
0.353242
0.373915
0.000917
0.456515
4.087177
0.598929
0.124761
0.007487
1.631984
1.000000
0.165986
0.425284
0.335456
0.216757
0.006382
1.016461
2.105586
0.738119
1.570138
0.136653
1.530748
0.410669
1.000000
0.600353
4.336527
0.153302
0.417463
53.192116
0.000198
0.930347
0.099150
0.022578
0.475324
0.852331
0.026276
0.110933
0.548018
0.587300
0.188080
0.938055
0.035127
0.006312
0.000724
0.026128
1.603172
10.555522
0.032257
0.003591
1.564458
8.946185
0.975299
0.972521
0.135725
0.000855
0.539676
0.121207
0.027840
0.964355
0.679724
0.148317
0.000129
0.358151
0.143229
0.002656
0.533383
0.274833
0.321946
0.300115
0.214293
0.459894
0.000636
0.014139
0.078847
0.417371
0.125684
0.001149
0.040927
0.000022
0.299242
0.350803
0.156452
0.001510
6.652592
0.780417
0.473601
0.022646
0.370504
65.670124
0.023178
0.014875
1.064541
17.607880
0.815293
0.160894
0.996074
0.043530
0.327563
4.173613
1.490998
41.296568
0.136629
1.144666
0.018442
0.135736
0.207341
0.906700
0.695211
0.037156
1.000000
0.082575
0.054309
0.028962
0.350709
0.085762
11.166859
18.015076
1.168268
0.030501
0.005139
0.196683
0.000070
1.225362
0.020330
0.837600
0.211494
1.302051
0.013492
0.155061
0.586586
0.000123
0.057045
0.002431
0.437436
0.600548
0.428500
0.989852
0.141934
3.237679
0.012789
0.972509
0.116419
0.000045
0.495964
0.295958
4.637007
14.985395
0.117980
1.599456
0.097575
0.001571
0.022282
0.180556
0.139921
0.962463
0.003956
0.039579
0.989101
0.019640
0.364265
1.139247
0.021245
0.031092
0.197265
0.085386
0.035063
0.028509
0.759428
0.125143
21.712221
0.012484
1.456517
0.168277
1.486244
0.000938
0.888695
0.077412
0.009676
0.518343
0.023596
1.000000
0.001370
0.571354
0.019894
0.178033
1.203881
2.084168
0.283875
0.324536
4.365016
1.865513
0.000723
0.006142
1.243834
0.532069
0.191952
0.350293
5.930714
0.027806
0.925319
0.212135
0.009138
0.001936
0.137972
1.312525
0.246122
0.105719
1.076458
0.023632
0.041241
0.631949
0.546838
32.000657
0.000201
0.121313
0.177840
0.969735
0.011474
0.756000
0.117049
0.001359
0.273141
0.010039
0.817619
1.039438
0.759067
0.842472
0.000195
0.092244
7.032936
0.346189
0.051024
0.861153
0.000012
0.367853
1.232472
2.560034
14.487430
0.000185
0.133743
0.012787
0.019564
0.008423
0.132902
0.697678
0.022253
0.145917
0.761481
1.201386
0.036443
0.963262
0.019886
0.069257
0.001463
1.860702
0.011149
4.132065
1.504691
4.385790
0.660533
0.048483
0.944810
8.298871
0.737549
0.013189
0.000720
0.188856
0.371860
0.744882
0.049023
0.114037
0.953429
0.182503
0.433232
1.030020
1.864102
0.026772
0.020684
0.570990
5.148532
0.557783
0.089367
0.195046
1.708731
0.860203
1.811312
0.000074
0.276062
0.004745
5.591894
0.034652
0.320674
0.144488
1.262759
0.404721
0.018533
0.018357
0.041308
0.064129
0.085581
0.581270
0.159558
0.073333
0.012814
0.000994
0.707857
0.969204
1.096026
0.764437
0.035685
0.001255
1.122135
0.001886
1.622533
0.022764
1.427139
0.033250
1.000791
0.157345
0.457738
0.190436
3.080971
0.011224
1.817119
0.121292
0.071571
0.745772
0.423993
0.116278
0.000917
0.002600
0.321877
0.032678
4.251312
0.126651
1.013659
0.002230
0.118819
0.000217
3.778490
0.001624
1.033728
0.078134
1.674595
1.442494
0.017505
15.212751
0.000613
1.114377
1.112147
0.877920
0.000080
0.618068
0.823550
0.627161
0.023935
0.000026
0.000992
0.247007
0.067313
0.039356
0.164099
0.007666
1.659816
1.036768
1.973003
0.007812
0.024132
0.701314
0.001090
0.019129
0.440735
1.879212
0.682808
0.009562
0.007108
0.947327
1.607618
0.370173
0.003632
0.002317
0.695828
0.003967
0.070603
0.351123
4.556205
0.049205
1.000000
0.000236
0.056189
0.767612
0.058144
1.184785
5.046604
0.045117
0.965666
0.015918
1.160321
0.850418
0.002363
0.055414
0.797099
0.022122
0.122988
3.293008
0.922456
0.000912
0.560563
0.119209
0.430123
0.009089
0.934770
0.142573
0.049770
0.986539
1.055065
0.141678
0.525957
1.000000
0.022839
0.052427
0.590409
0.015811
0.010144
0.041482
0.068050
1.451171
0.926118
0.593926
0.000397
0.000040
0.221930
0.424341
0.414381
0.000519
0.060348
0.062033
0.065230
0.921782
0.132398
0.356469
0.479301
0.189461
1.065358
0.360927
2.261786
1.206696
0.057222
0.430665
0.683194
1.012858
0.791877
0.000402
0.308315
0.052120
0.638632
0.225985
0.778415
2.628830
4.818707
0.029276
1.113893
0.081036
0.363913
0.026375
0.104799
0.931753
0.203148
0.978457
1.564990
1.101945
0.539741
0.012672
0.130765
1.170856
0.001638
0.088511
0.069339
0.165665
0.325171
0.874631
0.145140
1.520006
5.757997
0.205392
3.684467
3.350467
0.081090
4.909242
0.848471
0.010833
1.000000
1.103389
0.269845
0.124638
0.124967
2.754509
0.236384
0.085141
5.648961
0.128223
0.163654
0.171601
0.308239
0.013147
0.068666
0.105772
1.000000
1.283526
18.819801
0.273464
0.108761
0.000062
0.001408
1.026552
0.986579
0.457731
0.640141
0.082059
1.097418
0.010083
0.928597
1.118040
0.921298
0.663406
0.445374
0.072543
0.272999
1.234711
7.122604
1.028736
0.308426
0.412081
0.267137
0.043973
0.322796
0.002602
0.124099
0.791031
1.094218
2.863694
0.001650
0.287363
0.145738
0.157371
0.056388
1.191994
1.000000
0.249083
0.894908
0.472618
0.867698
1.287311
1.588360
0.014100
15.799568
0.257996
0.026352
0.018978
0.083625
0.139246
0.561990
0.000703
0.250879
0.000723
0.338062
0.503897
0.060241
0.933509
1.674665
0.902094
0.589578
0.595989
0.073426
0.414105
2.458368
0.000534
0.093227
0.216523
0.067874
0.151283
631.910395
0.000546
0.504179
1.080624
0.026923
0.579833
0.471746
0.408977
0.006707
2.322130
1.173363
1.546473
0.254621
0.710840
0.116360
2.121166
2.178665
1.388681
0.419963
5.048679
0.522281
0.003333
0.641778
2.175816
3.672623
0.245875
0.472521
0.092440
0.719597
0.683979
0.515847
0.643577
2.439652
0.205983
1.034070
0.058686
0.099168
0.657037
0.036903
0.239491
0.101926
0.098291
4.619624
0.016362
0.018349
16.665881
0.000140
0.375065
0.649656
11.532028
0.114986
0.500546
0.047763
0.022104
0.810278
0.540185
0.225327
0.454626
0.007251
0.103006
0.065104
2.023409
0.076795
0.676663
0.103238
0.096105
0.000464
0.008256
0.813051
0.032731
0.185567
0.013696
0.061140
0.000116
1.767494
0.328192
0.113531
2.107880
0.011452
0.000429
1.856178
0.856318
2.232667
0.016580
0.015424
0.969518
0.735576
0.019397
1.880096
5.827389
1.130424
0.240410
0.294985
1.304864
0.698814
0.053707
0.640437
0.613217
0.196476
0.022357
2.017027
0.021891
0.001163
2.982520
0.768261
0.162004
0.013890
0.101211
0.420902
0.270705
0.227501
0.017379
0.015978
2.067027
0.108950
0.464570
0.014633
0.019292
0.755845
0.052298
4.352847
0.905458
0.280399
0.032087
1.220027
0.043761
0.087460
0.845288
0.017168
0.031209
0.138588
1.006860
0.042815
0.085185
0.805575
0.232195
0.672452
0.957048
1.131169
0.200139
0.485673
0.067407
1.690502
0.019818
0.685659
0.052686
1.274673
0.129944
0.022473
0.105784
0.020954
1.196802
4.896749
0.729089
0.011496
0.468987
1.574188
0.080965
0.589488
1.477681
0.408828
0.810664
0.073653
0.125480
0.203383
13.553744
0.061839
0.722619
1.839036
0.002587
0.041328
0.002727
0.475613
4.099084
0.514713
0.155204
1.823147
0.573061
0.977584
0.013471
0.021483
0.928639
0.287136
2.860341
38.928512
0.008647
0.036640
0.015892
0.014999
0.422854
0.007067
0.258496
0.974752
0.018461
0.883908
1.021533
1.034004
0.719901
0.076682
1.870408
13.508432
4.212492
0.034427
1.115106
1.245328
0.563482
0.040216
0.454865
0.286893
2.438333
0.626127
0.100622
0.426060
0.722201
0.053843
0.005170
0.418045
1.192881
3.145627
10.090721
1.038816
0.290034
1.049176
5.122624
0.713827
0.022581
0.589200
1.699300
0.645162
0.012210
3.308194
0.000265
0.001190
0.000012
0.054960
0.043465
0.628689
0.000031
0.152942
0.007629
0.072614
0.005915
0.992824
0.002549
0.003174
0.093458
0.154158
1.462446
0.007704
0.442720
0.011905
2.041709
0.000643
0.002654
2.220875
0.259578
0.323516
0.045242
0.680934
1.154169
0.938483
0.074277
0.243908
0.022750
0.442592
0.733301
0.025318
0.003528
2.827429
0.580875
1.836665
1.109212
0.003026
0.290950
0.019824
0.013009
0.003277
0.129449
0.041104
0.848965
0.935993
0.005723
0.020637
0.138150
0.351586
0.020571
0.068430
0.028132
0.380426
0.800542
2.665775
0.356872
0.002098
0.137047
5.289470
0.000622
1.804995
0.052591
0.227360
0.194429
0.897547
0.022828
0.006100
0.295896
0.193427
0.156841
0.738655
0.566124
0.057032
0.822593
1.447284
0.000410
0.008535
0.061289
0.002486
0.126445
0.009317
1.239210
0.000225
0.041084
0.782152
0.770801
0.005799
0.017987
1.165933
2.292863
0.012583
0.012076
2.223926
0.068548
0.022954
0.013512
6.919189
0.007649
0.071012
0.015137
0.002887
1.027387
0.454609
0.065928
0.101731
0.113897
0.238994
0.153394
0.034364
3.030175
64.340390
0.007054
1.104999
0.002092
0.442331
1.111559
0.483645
1.276465
0.404873
0.359082
0.017285
16.303024
0.014791
0.047608
1.063737
0.082816
1.425897
0.793710
0.645686
0.025279
0.023923
0.064860
0.138951
0.280214
1.401436
0.110365
0.357016
0.339004
0.494179
0.035989
0.414248
0.000260
1.705286
0.005698
0.006762
0.000900
0.802851
0.079505
0.158669
0.195862
0.016478
0.003574
0.412919
0.011393
0.012086
0.110130
0.015153
0.130530
0.006482
8.484494
0.853040
0.147884
0.004902
27.377123
1.078683
0.008787
1.009909
0.027815
3.384725
0.320320
1.376571
1.152001
0.011013
2.998400
0.193377
0.005721
0.352814
7.261762
0.014882
0.109190
0.645050
0.094656
5.373704
0.123379
0.998472
0.000717
1.775138
0.078423
0.026602
0.549303
0.736067
0.862131
0.299620
0.293451
0.002286
0.006672
0.404562
0.006424
0.000031
0.930724
0.001812
0.282116
0.007296
0.342403
0.218009
0.000055
0.051741
0.660932
1.121097
5.108551
0.965600
2.610174
0.000114
0.044989
0.014035
0.037444
0.070853
0.053089
0.009482
0.162859
0.088596
0.931325
1.222329
0.007123
1.200207
0.001914
0.030000
0.179269
0.018890
68.704030
0.390810
0.967645
0.008099
0.938479
1.117770
0.000250
0.300589
0.693227
0.038153
0.101895
0.139285
0.016580
0.000025
0.000006
0.850010
0.005943
0.069341
0.000029
0.764876
0.057257
0.005795
0.000287
0.098713
0.414201
0.035698
0.052548
0.009453
1.123124
0.000016
0.747401
0.022195
0.004632
1.216691
1.336954
0.001822
0.000005
0.057700
0.000001
0.001432
0.861789
0.010261
0.066138
0.000200
0.013512
0.000001
4.398535
0.023243
0.385554
0.319755
0.000390
0.133689
0.044249
0.649013
0.000003
0.007800
0.000184
0.000000
0.441420
0.024035
0.029255
0.016277
0.044863
0.012063
0.005708
0.712542
0.178854
0.005937
0.188506
0.000042
0.309868
0.018258
0.004149
0.009768
0.077335
0.162315
0.000019
0.064346
2.406109
0.012869
0.350818
0.000478
0.382042
0.580703
34.213555
0.994470
0.000002
0.034854
0.208305
2.354648
0.697927
2.011951
0.768395
0.352396
0.154160
0.470850
0.079971
4.758188
0.001667
0.020808
125.336838
0.054258
0.797045
0.857758
0.002951
1.231906
1.703298
1.486040
0.042721
0.123273
0.000140
0.195761
0.022484
0.004617
0.002776
0.000071
0.001115
0.857987
0.011931
0.090389
0.895159
0.327473
0.000060
0.864407
0.011996
0.039904
3.241571
1.159643
0.977013
0.075452
0.791539
0.000845
0.008982
0.834463
0.155255
0.809509
0.084793
1.705158
0.070740
0.301195
0.106681
0.007613
0.010598
0.682478
0.006267
0.012689
0.704818
0.034881
21.498662
0.526681
0.000022
1.521342
0.008727
0.000834
0.021112
0.000186
0.689824
0.082726
0.000059
1.326298
0.233756
0.370201
0.063668
0.008492
0.010971
3.644305
0.000000
0.905288
0.002942
0.960484
0.285761
0.038772
0.000918
0.029553
0.022287
0.000686
0.086095
1.297653
0.481669
0.412651
0.922244
0.001092
0.378255
0.103468
0.000001
0.000000
0.056992
0.019036
1.047281
0.319983
0.000167
0.020815
0.218881
0.000313
0.033671
1.025176
0.092602
0.001967
0.000042
0.000144
0.071962
0.005606
0.005857
0.000003
0.000052
0.001713
0.091983
0.000565
0.130187
0.056557
0.608853
0.956304
0.573708
0.039066
0.001843
0.003730
0.002399
0.091582
0.369500
1.555586
0.002303
0.015166
0.011323
0.104984
0.001407
0.000258
0.000014
2.381548
4.778665
1.699929
0.000000
1.014746
0.000265
0.453937
1.088534
0.028383
0.193017
1.533521
0.007626
0.514228
0.016623
0.121949
0.053478
0.901313
0.000027
0.001997
1.000000
1.017755
0.000041
0.047105
0.051675
0.000386
0.103530
0.776564
0.000196
0.000094
0.181471
0.000032
0.026235
1.027405
0.934886
0.000541
0.238086
1.949091
0.000035
0.026863
0.000090
0.044207
0.024929
0.000489
0.000146
0.068377
1.073119
0.018038
0.788267
3.514654
0.001397
0.000077
0.496345
0.000004
0.012008
0.725981
0.043012
0.000007
0.201956
0.176072
0.092288
0.683239
1.256695
0.741480
0.048322
0.021496
0.000590
0.009730
0.000033
0.160140
0.000000
0.000062
0.937714
0.031664
2.609532
0.003120
0.041867
0.035503
0.034419
0.902881
0.130254
0.009218
0.045134
0.000711
1.499153
0.036213
0.000017
0.000000
0.109161
0.030952
0.001980
1.021988
0.000498
0.953810
0.319634
1.599353
0.001158
0.870644
1.000000
0.000000
0.988540
0.144149
1.007374
0.001193
0.000207
1.107186
0.873440
0.000012
0.030356
24.372921
0.349670
10.108945
0.004108
0.876888
0.083295
0.006801
0.043740
0.012188
0.264380
0.058428
0.081023
0.000016
0.207965
0.969793
1.095482
0.494869
0.321399
0.135790
1.019295
1.567224
0.002731
0.099436
1.223242
0.000276
0.000162
0.000000
0.976823
0.017567
0.920799
0.080582
1.493805
0.000041
0.000048
0.007771
3.840746
0.001748
0.025495
0.114931
0.000125
1.612257
0.087603
0.378991
0.616757
4.247593
1.437908
0.117968
0.312529
0.005595
0.031591
0.013314
0.044295
0.039213
0.016300
0.609419
0.000029
0.002488
0.138177
0.000840
2.467131
5.896822
0.727992
0.008980
0.064428
0.122372
0.956791
0.028757
0.104913
0.001409
0.016830
5.736680
0.000263
0.002616
0.484338
0.002475
0.000000
0.051135
0.016040
0.000000
0.001865
0.000720
1.434655
0.000018
1.551410
7.729815
1.458015
0.293775
0.043643
0.003459
0.074138
0.008040
0.004591
0.008611
1.629814
0.002106
0.019365
0.222165
1.752830
1.022870
0.000309
0.997449
1.135483
0.346147
0.000136
0.000030
0.740328
0.002921
0.000036
0.000173
24.119673
0.233896
11.105361
1.096875
0.742912
0.074255
0.003803
0.026857
3.673217
0.985287
0.228280
0.062843
0.049791
0.455870
1.303887
0.090698
0.011217
0.003890
0.015947
0.000004
0.000193
0.000448
0.032234
0.015882
0.001328
0.107931
5.510667
0.043615
0.445562
0.000044
0.004665
0.016205
0.055681
0.146777
0.027631
38.206181
3.803031
0.000002
1.128371
0.085212
0.006716
0.002225
1.219344
0.046100
0.000261
0.174550
0.000347
0.000000
1.075454
0.003638
0.908586
0.271397
1.006859
0.001693
0.000032
0.207836
0.178770
4.128638
0.692331
0.000047
0.000040
0.035060
0.001730
0.002299
1.378449
0.047249
0.473903
2.879091
0.005130
0.032040
0.000188
0.000001
18.220473
0.000001
0.132597
0.340248
1.149005
0.022466
0.381614
0.000022
0.036932
9.668157
0.019358
0.007489
0.624935
0.000000
0.079388
0.000474
1.000000
1.126056
1.338588
0.007401
0.246440
0.754380
0.024212
0.003922
0.000160
0.261169
0.022803
0.200990
0.174216
1.206335
0.189796
0.006614
0.410843
0.068747
0.005361
0.000411
0.430417
0.009556
0.025907
74.848229
2.777670
0.000624
0.054741
0.002555
0.001247
2.521723
2.185676
0.307733
0.463444
3.895387
1.562126
0.035470
2.635997
0.215915
1.683527
1.302315
0.446262
0.030141
0.465416
4.030327
0.423360
0.000734
0.000003
0.722528
0.714918
0.000063
0.054325
0.027668
0.118784
0.059174
0.000000
0.087005
0.000041
0.006614
0.437482
1.597914
0.042562
0.001099
0.547338
0.000602
1.000000
1.337339
1.191097
0.000024
0.000019
0.006565
0.350085
1.400840
0.067215
1.146626
0.045941
0.001476
0.000011
23.331572
0.100480
0.589585
1.402792
1.265749
0.003677
0.000000
0.000017
0.509461
0.396428
0.000000
0.601507
0.009294
0.029702
0.042265
0.173066
1.509789
0.008730
0.007319
0.088625
0.011022
3.506293
9.160112
0.007576
0.000002
0.006519
0.251122
0.019198
0.068263
2.315700
0.008964
0.000051
0.336942
0.000026
0.007529
0.000000
0.048377
0.017037
0.000011
0.000001
1.100725
4.607843
318.868932
0.220352
0.011942
0.002796
0.036077
0.195995
0.168985
11.928543
0.500480
0.443627
0.000048
1.552538
0.004377
0.022761
3.936362
1.418699
0.041553
0.020686
0.303891
0.042594
0.032581
0.237076
0.105291
5.611195
0.000136
0.775557
0.000356
0.175578
0.002845
0.087645
0.008402
0.021468
0.019077
0.000062
9.612011
0.156431
0.193069
0.009716
0.060475
0.111830
0.001950
2.751683
1.000000
0.000033
0.000009
0.457936
0.311863
0.044363
0.266793
0.073266
0.047397
0.083964
0.070110
0.344238
0.205843
0.257494
0.005265
0.653908
0.164086
0.024460
0.000293
0.000186
0.000895
0.276178
1.279458
0.000014
0.055423
0.355185
0.000143
0.848407
3.010868
0.027062
0.159855
0.000063
1.757219
0.849108
0.000006
0.000056
0.000547
0.035399
0.015741
0.001274
0.084650
0.509522
0.002067
0.044707
0.002115
0.000019
0.317241
0.027241
1.613836
0.355620
0.366507
0.000641
0.000007
0.027431
0.542370
0.175237
0.004461
0.000613
0.033805
0.023913
0.009565
0.771359
0.000000
0.506488
0.646873
1.668918
0.171047
0.296886
1.310806
0.141078
2.125864
0.000476
0.000000
0.178985
0.006081
0.182049
0.001203
1.452126
0.002098
0.795075
0.003843
0.000000
0.314827
0.015259
0.110428
1.741005
0.229564
0.002109
0.000000
0.000482
0.428417
0.002466
0.118381
0.019318
0.059499
0.646840
0.000008
0.710775
0.000499
1.303057
0.010624
0.008759
0.919832
1.833379
0.453676
0.370797
0.014300
0.015104
1.006733
0.000801
0.085729
0.005488
0.962397
0.010719
0.926083
0.048801
1.533697
0.034171
0.000008
0.000276
0.008235
0.470244
0.031097
0.000779
0.041498
0.159551
0.000001
0.278090
0.000000
1.000000
0.000013
0.554187
0.459519
0.013632
2.123946
0.355801
0.003730
0.016182
2.227618
0.341556
0.082410
0.000434
0.006771
1.724403
0.886313
0.061024
0.060830
0.284035
0.037020
0.028193
0.678644
0.007085
0.019854
0.083211
0.030960
0.951270
0.004914
0.423959
0.122026
0.005076
0.001406
0.645231
0.000001
0.000798
1.142050
0.327653
1.044218
0.201704
0.897637
0.322387
0.002923
0.005416
0.665828
0.837872
0.362556
0.363576
0.154960
0.000000
0.000004
0.018758
6.578196
0.005117
0.001152
0.112943
0.009018
0.039013
0.378743
0.260216
0.731425
0.149501
1.870838
0.048280
3.170214
0.802070
0.016326
0.680730
0.079907
0.000000
0.000080
0.047494
1.285787
0.077207
0.000670
0.000000
2.645270
0.069251
0.402443
0.002972
0.000002
0.013579
0.003885
0.000032
0.212762
0.001170
0.247448
0.061778
0.235415
1.323507
0.004096
0.297959
0.051506
0.163717
0.045509
0.095425
0.073202
0.000114
0.003313
0.197309
0.007056
0.000765
0.041685
0.985774
0.511647
0.001132
0.000001
0.002836
8.869928
0.006855
0.187335
0.307814
0.525664
1.554173
0.000000
0.037645
0.061714
0.002092
0.000310
0.009390
0.334588
0.533210
0.026944
0.000059
0.778851
0.177994
0.916037
3.777792
0.000103
1.495481
1.143172
0.351179
0.000157
0.169823
0.103534
0.105285
0.000044
0.003094
7.914613
0.001794
0.000071
0.000042
0.001297
0.000987
0.072315
0.037538
0.003555
0.024735
0.751716
0.682691
0.012548
0.100726
0.000182
0.004973
0.057643
0.924322
0.004362
0.087291
0.864792
0.076273
0.205373
0.085837
2.169952
0.004246
19.079862
0.425653
0.000227
0.284612
0.003711
0.003838
0.043568
0.000272
1.150295
0.870084
0.001453
0.061326
0.000018
0.004658
0.000210
0.000116
1.148540
0.885817
0.053205
0.000383
0.914663
0.004368
0.229175
0.269232
0.029386
0.000531
0.678302
0.961950
0.001879
0.173855
0.000002
0.015281
0.539864
1.437772
0.381978
0.000627
0.352916
0.166379
0.032932
0.000003
0.468644
0.000000
0.007252
0.051232
0.039702
1.063937
0.000000
0.000000
0.000127
0.000000
0.004862
0.085239
0.000070
0.000160
2.045678
4.768420
0.004697
0.444080
0.588666
0.005991
0.000078
1.161917
0.000109
0.072918
0.025689
0.038889
4.244974
0.000002
4.809280
0.190143
0.000000
0.008663
1.114392
0.010241
0.010296
3.912022
0.019487
0.079587
2.549089
0.000359
2.027320
0.277202
0.022859
0.091470
0.280614
1.181576
0.001824
2.034329
0.005644
0.079636
2.397947
0.000018
0.030675
0.021360
0.001023
0.821844
0.104496
1.768304
0.032554
0.017562
0.008485
2.273533
0.000130
1.157123
0.000000
2.447283
0.044478
0.005594
0.024303
0.584255
0.000124
0.001747
0.004655
0.000630
0.229605
0.000031
0.001370
0.006859
0.438273
0.194816
0.000065
0.332504
0.001374
0.003144
0.022404
1.111773
0.127662
0.000000
0.325295
0.000000
0.000001
0.018415
0.005745
0.815064
0.060681
0.058796
0.014739
0.017955
1.255101
0.000000
0.010375
0.012824
0.000010
0.001511
16.990384
0.276740
0.086965
0.226052
0.027524
0.000979
0.000000
0.607856
11.336251
0.039422
0.001885
0.003868
2.833140
0.142185
0.357827
0.394153
0.114737
0.000042
0.000058
0.000009
0.001027
0.130285
0.308071
0.001192
0.097409
0.974592
0.569458
0.909653
0.000177
0.020875
0.016149
0.000093
0.013252
0.041602
0.000041
3.028598
0.093674
0.025741
0.000062
0.727824
0.053812
0.000001
0.027013
0.000000
1.130974
0.526745
0.000002
0.000000
0.172733
1.382849
0.100364
0.001224
0.003210
0.000011
0.007879
0.000115
0.349492
0.081003
0.011367
0.028207
0.000327
0.000317
0.251114
0.000537
0.029955
0.006295
1.648765
0.000014
1.232732
0.000000
0.006976
0.000000
0.000021
0.000000
0.038983
6.505545
0.029218
4.383022
0.031776
0.003909
0.000073
0.006764
0.023844
0.000090
0.002328
0.989036
0.314854
0.000000
0.018411
0.000092
0.000073
0.000000
0.905275
0.000165
0.104254
0.001384
0.017502
1.262871
0.007277
0.000129
0.166248
1.233115
0.076862
4.030738
0.000000
0.000042
0.005993
0.000009
0.197954
0.000412
0.016240
0.000000
0.024123
0.012884
0.224849
0.054581
0.114660
0.000018
0.001444
0.940844
0.779517
0.622677
0.114937
0.002839
0.000545
0.263262
0.004560
0.000029
0.000000
0.449468
1.417597
1.475773
0.000000
0.367233
0.000000
0.261953
0.000003
0.000122
0.151117
1.000000
0.000044
1.088089
0.187332
0.000054
0.038924
0.000297
0.204582
0.000051
0.391844
0.017147
0.016806
0.105369
0.000310
0.000653
0.618306
0.000770
0.453834
0.049614
0.001249
0.014731
0.000000
0.337489
0.000000
0.912244
0.000000
0.000000
1.226369
3.078691
0.055186
0.053848
0.000000
0.000070
0.997714
1.465369
2.020629
2.326413
0.000940
0.000025
0.000775
0.001466
0.054105
0.000000
1.000000
0.005382
1.065155
0.011529
0.236193
0.001577
20.477170
0.003963
0.015077
0.000510
0.000016
0.000025
0.904903
0.009039
0.000027
0.002034
0.000155
0.130305
0.360552
0.038611
0.000029
0.004958
0.642733
0.000404
0.053467
0.000242
0.631619
0.016251
0.000214
0.446189
0.002601
0.152129
0.000000
0.225314
0.054523
0.145372
1.227646
0.064563
0.969370
0.477962
0.032794
0.000000
2.928796
0.988900
0.826231
0.014375
0.000000
1.189898
1.683984
0.000279
0.000002
0.000000
0.021040
0.000000
0.012791
0.000767
0.034819
0.000000
0.071954
0.054033
0.454941
0.514368
0.000082
0.008295
0.156570
3.489047
0.175606
0.000000
0.234039
0.133580
0.284210
0.740994
0.016194
0.637552
0.561515
0.000024
0.032845
0.000195
14.669942
0.000000
0.000719
0.000083
0.884540
0.137378
0.012562
0.049191
0.036607
0.686829
0.001231
0.000000
0.014650
0.089105
0.109248
0.000407
0.104158
1.000000
1.055401
0.653242
0.080807
0.063648
0.194910
0.000005
0.003858
0.000958
0.004761
0.001707
0.021834
1.408947
0.000000
0.107921
0.000000
0.141378
0.349320
0.000000
0.387197
0.000000
0.087937
0.032531
0.000000
0.000000
0.632451
1.000000
0.009377
0.334389
0.000156
0.003607
0.000308
1.537491
1.220223
0.040465
0.001230
0.000056
2.408680
0.000002
0.004027
0.065414
0.249576
0.086608
0.000000
0.000015
0.014588
0.000093
1.551627
0.966631
0.000177
0.000089
0.019174
0.000048
0.000184
0.000000
0.145839
0.789566
0.000005
0.002564
1.049251
0.000073
0.001038
0.043552
36.330066
0.148283
17.949502
0.001183
0.054104
0.000080
1.219340
0.001489
2.140682
0.092972
0.002662
0.289708
0.000925
0.001456
0.165485
324.208920
0.000177
0.368293
0.270229
0.000000
0.939353
0.440107
0.007680
0.005445
0.731381
0.025593
0.069953
0.002274
0.012126
1.079385
1.589973
0.000000
0.034464
0.000006
0.018968
0.000039
0.013727
0.000541
0.121139
0.000000
0.000595
0.007666
65.203328
0.667437
33.889332
8.603416
2.802811
0.792407
0.190105
0.034898
92.580326
0.422046
0.000000
0.098857
0.005628
0.003329
0.052683
1.858106
0.030632
0.111555
0.000001
0.058968
0.000293
0.000013
0.014369
0.000073
0.032168
0.767016
0.003386
0.014248
0.054454
0.750455
11.112281
0.000470
1.914231
0.009576
0.000010
0.717608
0.000012
0.004283
0.000032
0.019050
0.000109
0.016457
0.000353
0.064548
0.000013
2.295582
0.831950
0.483977
0.001031
0.007938
0.008066
0.000037
0.007828
0.000000
0.000095
0.000000
0.000000
0.000000
0.000000
0.001580
0.028078
0.041844
1.435400
0.062795
0.000012
0.290472
0.000024
0.013208
0.005862
0.294671
0.000023
1.080269
0.000038
0.572235
0.000002
0.053796
6.752871
0.000000
0.022801
1.000000
0.080282
0.000000
0.370811
0.000456
43.891834
0.005040
0.000663
0.051045
0.001988
0.000355
25.548667
0.020991
0.945045
2.414105
2.078861
0.000001
0.000001
0.004093
4.403435
2.709289
0.101252
0.575584
0.629275
0.867506
0.825463
0.000173
0.303050
0.001233
0.000001
0.488479
0.152847
0.055375
0.000258
0.000558
0.000002
0.000003
0.683028
30.515312
0.033046
0.080064
0.001618
0.000380
0.000000
0.892727
0.384006
0.001992
0.631531
0.000277
0.047481
0.404845
0.757479
0.000039
0.336566
0.000000
0.000000
0.001765
0.034083
0.065885
0.003577
0.370009
0.000749
0.022413
0.124822
0.000107
0.031400
0.501088
1.210750
0.000220
0.004641
4.368426
0.000213
0.004578
0.000474
0.080032
0.000188
0.000020
0.002351
0.000705
0.086296
0.281943
0.000000
0.000000
0.000000
0.002019
0.748223
0.079116
0.000083
0.006938
1.007954
0.661874
0.563784
0.000000
0.249127
1.000000
0.022159
0.000185
0.008265
2.487498
0.838261
0.228257
0.000051
0.092322
0.000032
0.028719
0.000091
0.000058
9.261816
0.309451
0.000000
0.033292
0.609455
0.000333
0.000156
0.170118
0.339300
0.426118
0.000001
0.000000
0.229418
0.000091
0.001891
0.853896
0.000000
0.000079
0.002156
0.821382
0.000005
2.304052
0.245835
0.000066
1.108453
0.102523
1.722464
0.383064
0.000067
0.000163
1.281135
0.002744
0.008737
0.000074
0.004230
0.896838
0.000001
0.908284
0.862470
0.107871
0.004186
0.000330
0.000026
0.149844
0.324253
0.000602
0.714336
0.000014
2.787743
1.017720
0.063326
0.000182
0.000001
0.574157
0.854273
0.000024
0.002972
0.000000
0.000000
0.007060
0.000000
0.000000
0.008709
0.000007
0.000113
0.001706
0.008808
0.000035
0.000098
0.012940
0.434258
0.560088
0.000010
0.005483
0.047567
0.055911
0.565688
0.003049
0.131323
0.000028
0.000033
0.000930
1.377341
0.117677
0.548638
0.039699
0.000001
0.155023
0.087910
0.000000
0.357956
0.000011
0.106390
0.029510
0.000106
0.541510
0.000016
0.000739
0.000000
0.000000
0.001999
0.003993
0.000009
0.005775
0.002052
0.000284
0.384781
0.028181
0.529909
0.002510
0.000000
0.028330
0.158496
0.006617
0.055697
0.052797
0.011480
0.125402
2.102248
0.021478
0.078758
0.380015
0.215122
0.053520
0.000010
0.032445
0.000019
0.001439
0.011258
0.553944
0.000701
1.124056
0.002041
0.000000
0.722706
0.000017
0.037170
0.012112
0.411177
0.000000
1.000000
0.000012
0.035739
0.155089
0.086310
0.163295
0.016177
0.023736
1.134659
0.058187
0.000216
3.139021
0.000028
0.000846
1.093533
0.006593
0.000001
0.000085
0.000000
0.001652
0.014122
0.005071
0.008964
1.107072
0.014067
0.069469
1.801412
0.000000
0.000000
0.000404
0.245341
1.168819
0.001397
0.038395
0.000001
1.175316
0.011950
0.093253
0.155519
10.793382
0.025118
0.000000
0.131796
0.173366
0.486849
0.032644
0.000000
0.104775
0.129113
0.511634
1.436150
3.989394
0.008279
0.000090
0.255848
0.000002
0.222690
1.216146
0.000001
0.545192
0.000058
0.000281
0.052256
0.000019
0.003180
0.000003
3.228184
0.000002
1.052717
0.000128
1.270918
0.059333
0.077418
0.518152
0.458666
0.000000
0.311662
0.003730
0.026012
0.004141
0.000000
0.027586
0.000000
1.763770
0.000000
0.205978
0.000025
0.000000
0.000863
0.000000
1.265173
0.000000
0.000006
0.004477
1.683387
0.008604
0.015116
0.036285
0.221913
0.000002
0.006457
0.000241
0.019170
0.905883
0.002001
0.253433
0.001399
0.011928
1.472357
0.434587
0.378341
0.000000
0.084346
0.000190
0.059920
0.367710
0.944122
0.027524
0.000205
0.520417
0.004956
0.109483
0.000038
0.000000
0.000003
0.000000
0.000948
0.014697
0.000470
0.009430
0.000000
0.000193
0.608391
0.018096
0.652254
0.666243
1.000000
0.101881
0.718232
0.000000
0.100894
0.132038
0.032545
0.877236
0.000000
0.433859
0.000000
0.001064
0.596718
0.000086
0.014431
0.195425
1.014381
0.708097
1.000000
0.000011
0.789782
0.000025
2.025473
2.244784
0.000046
0.995468
0.000003
0.000000
0.487624
0.001932
0.001021
0.000009
3.638638
0.154716
0.000000
0.248754
0.142264
0.000037
0.179151
0.000117
0.000000
0.000000
0.001971
4.267197
0.021022
0.000008
0.000000
0.000003
0.000024
0.000019
1.012753
0.139114
0.000000
0.077490
0.025447
0.109477
0.017764
0.548050
0.009127
0.013353
0.517753
0.000000
0.000000
0.000000
0.045343
1.012800
0.116354
0.010467
0.000163
0.004857
0.323646
0.769076
0.000057
0.107276
0.235545
0.000479
0.010114
0.027516
0.003531
0.000170
0.037399
0.002052
0.007904
0.953127
0.000546
0.000000
0.277641
0.370040
6.931598
0.001404
0.000000
0.027142
0.501994
0.380729
0.013585
0.669505
0.411925
0.043158
0.000010
0.000032
0.000011
0.333438
0.100013
0.002928
0.005113
0.197622
0.175409
0.079222
0.000000
0.000008
48.155635
0.000015
0.000814
0.767576
0.003487
0.121828
0.003176
0.000016
0.763861
2.940859
0.012954
0.119715
1.048233
0.000000
0.011311
0.152419
0.000000
0.547564
0.013332
1.779751
0.101955
0.000024
0.003068
0.824777
0.238542
0.000275
0.000000
0.000000
0.000000
0.096590
0.365706
0.000000
0.442927
0.000000
0.001131
0.000583
0.711117
0.000009
0.000001
0.007851
0.986152
0.009136
0.000003
0.389115
0.000001
0.000464
0.704079
0.001777
0.011794
0.007208
0.287086
1.425684
0.038503
0.000000
1.422925
1.903744
0.359414
0.661564
0.351069
0.000001
0.075508
1.141096
0.536801
0.000613
0.007584
0.000000
0.200297
0.516950
0.598586
0.140964
0.000701
0.000001
0.001044
0.000000
3.364821
0.100878
1.068968
0.000992
0.000000
0.000397
0.869715
0.001460
0.000325
0.354869
0.000063
0.000449
0.000000
0.037796
0.001794
0.000003
0.704317
0.000003
0.000569
0.964163
0.013821
0.000001
2.112455
0.000284
0.077974
0.023972
0.000005
1.158150
0.001215
1.344066
0.981177
0.000018
0.000000
0.001429
0.000096
0.000014
0.003313
0.009935
1.132742
18.680596
0.024217
0.000007
0.000163
0.005353
0.113774
0.072686
0.701978
0.000051
0.000011
0.692126
0.000077
1.026767
0.002585
0.834875
0.002880
0.000000
0.000002
0.000025
0.013683
0.017764
1.502290
0.000000
0.000097
0.206318
0.000992
0.000828
0.161073
0.269218
0.000502
0.170730
0.010884
0.003851
0.002294
0.201621
0.000017
0.000000
1.238986
0.031866
2.193987
0.396947
0.000230
0.000011
0.029449
0.602565
1.892166
0.002405
0.000245
0.000001
0.386374
0.000000
1.929710
0.000000
0.010861
0.422761
0.293640
0.000330
0.702561
6.904781
0.007078
0.911147
0.017820
0.025815
0.000095
1.032853
0.587580
0.000397
0.000223
0.237718
1.922479
0.000403
0.066554
0.000001
0.000285
0.000000
1.051135
0.000025
0.000135
0.084621
0.000248
0.001438
3.458282
0.000603
0.861065
0.941942
0.035274
0.000012
0.286187
0.000000
0.058396
0.933494
0.000690
0.123956
0.000005
0.000966
0.000007
0.011758
0.030524
1.081007
0.000000
0.000051
0.253137
0.249965
0.000000
1.268810
0.001723
0.001397
0.955529
0.232989
0.004270
0.933052
0.000846
1.354641
0.001523
0.000004
0.003336
0.019543
0.000000
2.250513
0.000000
0.000000
0.000037
0.078725
0.002964
0.318016
1.900029
0.081643
0.000206
0.307440
0.034133
1.765363
0.000423
0.000106
0.058519
1.113985
0.955273
0.131159
1.342294
0.011286
0.000011
0.100470
3.756580
0.001379
0.000000
0.000000
0.000275
1.256049
0.000000
0.031051
3.299139
0.000000
0.052109
0.976422
0.027749
0.189605
0.195555
0.012658
0.000000
0.801194
0.000000
0.000066
1.569851
0.000001
0.881028
0.000017
0.000011
0.053527
0.008941
0.105472
0.040079
0.000653
0.276049
0.030223
0.962336
0.000000
0.608836
0.025426
0.000000
0.017052
1.908632
0.000000
0.965378
0.000000
0.135725
0.000077
0.000019
0.007112
0.002641
0.001561
0.001595
0.003002
1.042150
0.000161
0.006643
0.000005
1.180241
0.007695
0.030814
0.004431
0.435164
0.672602
1.131225
0.000335
0.061955
0.204352
0.000262
0.000004
0.000742
0.000014
6.022300
0.978859
0.001733
0.000000
0.000000
1.005861
0.000000
0.000004
0.006083
0.000053
0.058062
0.346304
0.447229
0.083537
29.801766
0.093967
0.000369
0.004634
0.000000
0.000060
1.219859
3.583584
0.194876
0.000014
0.000000
0.525099
0.000000
0.060012
0.000556
0.002001
0.000265
0.850803
0.786193
0.416451
0.003361
0.005779
0.504519
0.298420
0.138230
0.738431
0.026392
0.943622
0.081234
0.000000
1.335747
0.000000
0.179994
0.000000
0.010774
0.031901
0.135816
0.321962
0.000001
1.017795
0.000081
0.021294
0.000191
0.521045
0.230469
0.075801
0.000001
0.000980
0.000175
0.237194
0.000856
1.860582
0.000001
0.008828
0.228270
0.138928
1.147032
0.171852
0.224879
0.661485
0.129442
0.000519
2.046069
0.026956
0.156716
0.000112
0.067358
0.609003
0.961522
0.000027
0.003305
0.015028
0.001998
0.384670
0.326081
0.987443
0.000354
0.000253
0.000000
0.000004
0.080240
0.181268
0.357005
0.480291
0.391898
0.000000
0.017932
1.169470
2.703730
0.000302
0.000252
0.600477
0.017613
0.006339
0.000258
0.000000
0.021431
3.357579
0.987562
0.000012
0.001990
0.285993
0.011489
0.000000
1.455338
0.000000
0.918688
1.321988
0.767398
0.005188
0.000003
0.604365
0.006230
0.000000
1.920251
2.114438
0.000010
0.000516
1.071921
0.585623
0.219889
0.005934
0.000398
0.000426
0.709498
0.065276
0.000003
0.501830
0.000000
0.002608
0.000468
0.003698
0.000041
17.213848
0.002554
0.074881
0.002035
0.209176
0.000000
0.000062
0.000657
0.000527
0.022766
0.000018
1.197338
0.001070
0.000000
0.001101
0.188800
0.000014
0.399300
0.105554
0.000000
0.000000
0.507633
0.285645
0.290056
0.036949
2.147517
0.003390
0.103312
0.054624
0.000000
0.000575
0.000026
1.706333
0.000000
0.000003
0.160809
1.236211
0.357965
0.831745
0.000983
0.111590
0.034811
0.088996
0.008354
0.000000
1.122428
0.142100
0.000008
0.009514
0.594253
0.047442
0.220225
0.030220
16.337954
0.000280
0.000069
0.000003
2.140264
2.518525
0.653899
0.000119
0.919145
0.133493
0.177476
0.000735
0.001293
1.106836
3.329591
0.000000
1.706461
0.255312
0.000000
1.332104
1.855971
0.498587
0.153236
0.736814
0.402257
0.000126
1.159874
0.000099
1.230975
0.000077
9.852070
0.000000
0.013527
0.000012
0.000000
0.002355
0.000002
0.000000
0.000000
0.000027
0.127093
0.249179
0.120725
0.000000
1.040186
0.358068
0.013822
0.007433
3.582297
0.001129
0.220084
0.074895
0.000403
1.370641
0.000000
0.000041
0.000000
0.160161
1.042201
0.039098
0.000000
0.000086
6.442746
0.006867
0.001836
0.049893
0.001116
0.051669
0.000066
0.021605
0.000000
0.059788
10.875461
0.885434
0.140285
0.012252
0.000000
0.099001
2.435231
0.000177
0.000000
0.047715
0.648178
0.000961
0.001473
0.059170
1.418689
0.180023
0.511589
0.000002
0.359542
0.228842
0.000000
0.080194
0.000000
0.001423
0.201363
0.000001
0.241860
0.654710
0.000310
0.094216
0.003633
0.000140
0.167939
2.491030
0.405028
0.635463
0.297832
0.000000
0.625517
0.000009
0.001129
0.001601
1.816339
0.789691
0.022198
0.000266
0.000000
0.000056
0.040791
0.000000
0.000889
0.000000
0.000000
0.011137
0.001958
0.864777
0.107357
0.001151
0.027734
0.339413
0.049335
1.341861
0.028221
0.345968
0.000000
0.036595
0.000000
2.054759
0.001652
0.006322
10.530651
0.000236
0.010657
0.000030
0.000000
0.022773
0.000008
0.016307
0.000000
0.379117
0.000000
0.014971
0.064107
0.026159
0.000000
0.001324
0.000001
0.387181
0.000000
0.000000
0.000258
0.913167
0.000000
0.854023
0.000000
0.000002
0.001837
0.001511
0.011163
0.000288
0.565626
2.057048
0.042052
0.009137
0.000014
0.004356
1.292428
0.007364
0.071586
0.406304
0.000001
0.042731
0.043747
0.000001
0.110697
0.030338
0.000015
0.159261
0.000033
1.372743
0.000041
0.026888
0.019924
0.000004
0.001190
0.022582
0.852292
0.000155
0.000000
1.058535
1.089302
1.256984
1.129668
0.001676
0.661786
0.003356
1.799869
1.306901
0.000000
0.000000
0.117934
0.291882
0.144999
0.550551
0.000486
0.000449
0.000000
0.000000
4.496196
0.267495
0.130423
0.000002
0.000002
0.043994
0.001194
0.000000
0.505538
0.000000
0.000232
0.888766
0.000000
0.109048
0.000000
0.156325
0.000053
0.000001
0.000000
0.004454
0.000000
2.390877
0.483497
0.000556
0.120840
0.038233
0.647914
0.024825
0.000000
0.053930
0.000002
0.020764
0.171622
0.000271
0.000085
0.012873
0.000000
0.000023
0.028345
0.000038
1.099251
0.830132
0.000000
0.015022
0.245172
0.202179
0.004832
0.153184
0.000005
0.032960
0.023830
0.132036
0.000000
0.009000
0.000004
0.000000
2.710389
0.000001
0.385221
0.000000
0.003932
2.493963
0.000000
0.000000
0.003138
0.059020
0.001064
0.000001
0.000000
0.830135
0.442734
0.000001
0.358823
0.000016
0.028164
0.190540
0.001195
0.102049
0.000275
0.920462
1.094302
0.105794
5.034171
0.898788
1.835177
0.000008
0.911833
1.056330
0.000004
0.680116
0.126952
0.000000
0.000000
108.531793
0.794961
0.000003
1.066218
1.019613
1.134715
0.000000
2.224629
0.000000
0.018737
0.000000
0.000000
0.211073
2.361722
0.000078
0.051875
0.000000
0.427306
0.002416
0.845437
0.158706
0.051602
0.001341
0.000366
0.030317
0.221920
0.184482
0.150279
0.564190
0.028903
0.327400
0.057868
0.001835
0.000214
0.000000
0.009302
0.778566
0.000511
0.004411
0.076888
0.998925
0.000265
0.000437
0.989761
3.372609
0.000003
0.000000
0.238296
0.000000
0.034651
0.216008
0.059758
1.819120
0.140205
0.000307
0.546467
0.007256
9.737079
0.000000
0.225098
0.101461
0.098598
0.108004
0.155678
0.000000
1.471556
0.080750
0.000227
5.880276
0.004147
0.010924
0.198650
0.000083
0.000020
0.016283
0.024045
0.701552
0.011859
0.004324
0.000027
0.008270
2.835958
5.410886
0.001438
0.862654
0.000074
0.000000
0.001606
0.312810
0.442946
0.000004
0.061403
0.000182
0.000000
0.000000
1.380070
0.054216
0.001004
1.174476
0.010783
0.010035
0.000001
0.000003
0.000193
0.010551
0.006534
0.000274
0.000002
0.005208
0.000002
0.000000
0.000232
0.093672
1.152934
0.035913
0.011801
0.013393
1.833863
0.009871
0.008944
0.174000
0.000029
0.019266
0.027930
0.635449
1.710031
0.999999
0.000002
0.004091
0.086938
0.000000
0.000000
0.162839
0.151999
1.801790
0.005310
0.000000
0.000126
0.002599
0.000034
0.022900
0.000080
0.013939
0.019409
0.099783
0.004751
0.000000
0.000952
0.000331
1.057195
0.102969
0.929554
0.059738
0.000000
0.185808
0.747676
0.000000
0.146609
1.010554
0.001772
3.936731
0.498557
0.000004
0.011716
0.000000
0.239293
0.000000
0.000024
0.016304
0.000021
0.000168
0.004377
0.000679
0.000068
0.799379
0.000024
0.011060
2.846463
0.001005
1.523953
0.000000
0.000048
0.000513
0.000000
0.161828
0.095767
0.783670
0.000516
0.963170
0.003305
0.464077
11.559301
0.000000
0.714436
0.894275
3.810898
0.001883
0.000008
0.921787
1.015480
0.176404
0.631787
0.000000
0.214387
0.000000
0.028234
0.001352
0.282198
0.003347
0.000027
0.000099
0.000004
0.329201
1.359177
0.000405
0.040335
0.000102
0.154137
0.000000
0.363894
0.000040
0.043864
0.000189
0.159087
1.520994
0.012742
0.609968
0.000021
0.096621
0.000000
0.000001
0.191181
0.049706
0.000002
0.002924
1.141880
0.000001
0.040274
0.000000
0.164100
0.013125
0.000000
0.000000
0.023725
0.000000
0.137889
0.104484
1.777362
0.125486
0.748804
0.578902
0.481296
2.250077
0.789085
24.600250
0.017651
0.022619
0.017537
0.084668
0.012345
0.209068
0.000002
0.000265
0.308138
0.136086
0.000000
0.000012
0.586788
1.532117
0.000314
0.000042
0.049729
0.000002
0.000000
0.156281
1.319092
0.000046
0.000975
0.005041
0.003384
0.000001
0.209052
5.964837
0.134945
0.055212
0.006491
0.000049
0.851753
0.000011
0.995167
3.168393
45.317002
0.000793
2.576623
0.155703
0.728430
0.392005
0.039146
0.321743
0.041812
0.003056
0.015914
0.226769
0.431619
0.001357
0.010707
0.096169
0.000000
0.004281
0.267089
0.000001
0.001917
0.008954
0.000002
0.000003
0.000009
0.000726
0.000108
0.015746
0.000000
0.060803
0.000000
0.000005
1.612110
0.340380
0.043044
0.000006
0.000000
0.061229
0.005268
0.446415
0.000000
0.486931
0.395484
0.363446
0.000000
0.000277
0.001547
0.004319
0.809289
1.927112
0.000001
0.000004
2.743854
0.375155
0.034390
0.003019
19.895864
0.000000
0.559471
0.000052
0.365030
0.006348
0.000004
0.099901
0.092211
0.000000
0.042882
0.001406
0.028724
0.000000
0.000008
0.000176
0.010493
0.000268
0.000000
0.446271
0.104290
0.000041
0.457776
0.000000
0.000004
0.000000
0.411710
0.642180
0.069179
0.491470
0.000077
1.538495
0.000000
0.405639
1.050634
0.000235
0.267903
0.139514
0.001411
0.003010
0.199071
2.994069
0.000000
0.000001
0.016092
0.000013
0.000000
0.350058
0.081639
0.196978
0.000163
0.000000
0.143823
2.252708
1.527125
0.157419
0.001914
0.323952
0.719465
0.000000
0.009161
0.049758
0.056879
1.882541
0.230043
0.000255
1.365155
0.176374
3.948535
0.000000
0.001356
0.909481
0.000000
0.004175
0.000200
1.031746
0.027097
0.000000
0.046192
3.962790
0.000231
0.694766
0.000031
0.000073
0.001043
0.048832
0.264050
0.000108
0.000003
0.279458
0.136319
0.417282
0.002098
0.014163
0.000000
1.600509
0.002056
0.000002
0.000722
0.000004
0.000000
0.002604
0.049396
0.000001
0.896008
0.053741
0.114642
0.336837
0.000000
0.803505
0.000000
0.030820
0.206132
0.000000
2.190843
0.000005
0.011458
0.160592
0.110963
0.147653
0.008186
1.108563
15.886112
0.000000
3.122271
0.617522
0.000001
0.001917
0.000000
0.000001
0.192936
0.000002
0.000001
1.063144
0.000000
0.409976
0.000005
0.000000
0.000000
0.695380
1.546023
0.000113
0.000000
0.234189
0.509806
1.725846
0.000000
0.153052
0.444007
0.000002
0.755404
0.000987
0.000348
0.000001
0.000017
0.006589
0.000061
0.035851
5.027232
0.000002
0.000000
0.000020
0.241147
0.059697
0.000000
1.005935
0.000013
0.161001
0.029786
0.001031
0.000057
1.113360
0.420293
0.000008
0.000479
0.000175
0.040559
0.000004
0.000377
0.004161
0.000000
0.000000
0.001993
0.001223
0.000002
0.000000
0.000634
0.000232
0.538463
0.003094
0.139170
0.000568
0.792659
3.305419
0.000002
0.000000
0.036091
0.547753
0.000776
0.118048
0.034343
2.517032
0.124589
0.329667
0.000007
0.000000
0.181054
0.077040
0.014360
0.266518
0.000322
0.024865
0.069218
2.843902
0.272788
0.000009
0.006312
0.000013
0.002361
0.000000
5.068268
0.001420
0.000007
0.000225
0.000850
0.012256
0.000737
0.000007
0.000004
0.000008
0.012387
0.001001
0.000803
1.543200
0.050167
0.352412
0.084034
0.218689
0.471047
0.002460
1.102008
0.243483
1.276184
0.954412
0.001161
0.000644
0.073834
0.000037
0.000008
0.028691
0.000000
1.157725
8.002887
0.000000
0.002196
0.001385
0.013428
0.589475
0.000426
0.001391
0.086328
0.000854
0.000005
0.000001
0.000017
0.270049
0.973851
0.694923
575.264883
0.890468
0.006853
0.616906
0.005507
0.000076
0.006407
0.000183
0.039105
0.000002
1.256849
0.032458
0.001521
0.395293
0.000006
0.001990
0.010458
0.000058
0.000000
0.000000
0.000000
0.035934
0.000251
0.000000
0.000040
0.776088
2.313664
15.054790
0.903512
0.000000
0.013047
0.069972
0.004431
1.635924
0.000087
1.642425
0.034953
3.126457
0.000440
0.002183
0.890015
0.120234
0.000069
0.535664
0.000000
0.236832
1.035223
1.189864
0.056306
0.045307
0.267324
1.442292
0.001304
0.001688
1.121118
4.368393
0.000176
0.000000
0.000003
0.002506
0.005952
0.000005
17.577454
6.175551
0.018999
0.017804
0.000013
0.001188
0.000000
0.179047
0.428754
1.231868
0.001375
0.444472
0.000286
0.000000
0.851095
0.663246
1.693604
0.655617
0.000000
0.328508
1.264752
0.001534
0.124661
0.113006
1.444431
0.002097
0.257853
0.634703
0.005510
0.637761
0.369138
0.000083
0.795026
0.067154
0.000138
2.268569
0.770477
0.033263
0.923287
0.003663
0.149437
0.000000
0.001618
0.004406
0.000360
0.411790
0.607262
0.001283
0.000000
1.400053
0.000009
0.001814
0.685888
0.486368
0.252981
0.355126
0.000006
0.344995
0.002150
0.000000
0.156800
0.000006
0.000001
1.627103
0.001721
0.022059
0.000000
0.000011
0.000008
0.000006
0.732739
1.030173
0.000001
0.000104
0.033381
0.039926
0.000000
0.061991
0.000000
1.291364
0.002335
0.090498
0.056789
0.001015
0.097004
0.002328
0.001453
0.000612
0.000002
0.000015
0.266359
0.000000
0.000000
0.153640
0.010176
0.105073
0.000017
0.002144
0.000000
0.004454
0.282733
0.000000
0.029847
0.662587
0.002091
0.111559
0.056914
0.000587
0.000000
0.000000
0.000205
0.023189
0.000000
0.000036
6.266260
0.304483
0.000005
0.182573
0.319888
1.429526
0.043709
0.006954
2.661879
0.089358
0.000000
0.000058
0.007850
0.022444
0.042367
0.000008
0.094050
0.396579
0.002354
0.000086
0.099807
0.039482
0.129708
0.068657
0.000004
0.006938
0.000000
0.000043
0.106285
0.000000
0.000456
1.326603
0.177736
0.406992
0.000000
0.024122
5.896653
0.907760
0.006305
0.000002
0.000001
0.000000
0.000000
0.684962
1.178017
0.671700
0.000000
0.318185
0.063453
0.000000
0.000060
0.306005
0.000075
0.000062
1.856495
1.008011
0.020082
0.000154
0.008600
0.000002
0.530098
0.046609
0.293907
0.000000
0.005389
0.019782
0.000000
0.166707
0.011937
0.000030
0.000141
0.000516
0.000000
0.213517
0.132934
0.201748
0.040359
0.000209
0.011009
0.000238
0.000000
1.105881
0.000000
0.003731
0.005872
0.000000
0.071007
0.178800
1.067458
0.000000
0.000001
0.154575
0.008613
0.031040
0.003096
0.007149
0.517964
0.104613
0.000699
0.858681
0.000015
0.780052
1.060785
0.070242
0.001237
0.000000
0.003592
0.038642
0.959178
0.000000
2.118123
0.050365
2.028933
0.001867
1.139794
0.000000
0.000000
1.435754
0.000017
0.000000
0.237417
1.355784
0.000051
0.000000
1.740243
0.000014
0.225731
1.000000
1.071981
0.738851
0.031850
0.000010
0.000001
0.000730
8.539633
0.000000
0.509429
0.124390
0.509066
0.054084
0.000018
0.108674
0.295294
0.005182
0.000003
0.260324
0.000000
1.002198
0.580274
0.000000
0.000004
0.000504
0.111069
0.161375
0.266754
0.000000
0.000000
0.019418
0.515936
0.702412
0.000005
0.013932
1.045377
0.000004
0.000090
0.000002
0.581033
0.000000
0.000000
0.000000
0.288831
16.627006
0.000000
0.001878
1.134814
2.466207
0.416758
0.000000
1.788450
0.000003
0.000000
0.000000
0.000269
0.303935
0.000001
0.204979
0.010546
0.183253
0.000000
0.001087
0.254956
0.000000
0.040954
0.019113
0.000000
1.621121
0.342602
0.049246
0.000001
0.938239
0.442567
11.178203
1.249610
2.987312
0.001044
0.000011
0.000005
0.538541
0.044182
0.334192
0.000000
0.000943
0.000003
0.000000
0.124101
0.000144
0.469452
0.001994
0.000000
0.000000
0.007243
0.855204
0.000523
0.591525
0.000518
0.000000
0.012856
0.000001
0.282155
1.951915
0.000000
1.131189
0.000423
0.000000
0.000000
0.000000
0.116327
0.000838
0.001990
0.003054
0.001039
0.000099
0.000000
0.000000
0.288132
0.000002
1.383078
0.071693
0.090342
0.179726
0.000000
0.011705
0.007426
0.820055
0.000000
0.008019
0.072416
0.000036
0.000056
0.725633
0.000104
0.376656
0.000027
0.000002
0.261515
0.399752
0.073579
0.027194
0.002410
2.757353
0.000045
0.011040
0.023796
1.155424
0.000692
0.004681
0.220773
0.000002
0.000000
1.013876
0.000137
0.000000
0.000251
0.000398
0.903913
0.000046
0.001486
0.000002
0.041330
0.000000
0.003519
0.007210
0.045698
1.047404
0.323081
0.000160
1.059046
0.023296
0.000209
0.005171
9.596925
0.000989
0.000000
0.233241
0.000000
1.085022
4.217006
53.093086
0.000018
0.052977
0.136088
0.000000
0.034717
0.118133
0.354845
0.000160
0.000000
6.010444
1.488498
0.001034
0.001419
0.001406
1.132613
0.170226
0.006060
6.568451
0.000000
0.000000
0.043607
0.110749
0.007483
0.000001
0.271753
0.000017
1.287610
0.000000
1.283620
0.000000
0.176548
0.063492
0.444999
0.012580
0.306434
0.003568
1.188654
0.005948
0.094643
0.012088
0.086521
0.166005
0.003090
0.000535
0.000008
0.004310
0.296122
0.000813
0.020273
2.542463
0.022848
1.885246
0.000012
0.140656
3.179039
0.996241
0.008921
0.000000
0.000000
1.279607
0.000000
0.000000
0.223138
0.086010
0.006522
0.003347
0.000123
1.015374
0.091584
0.000017
0.756662
1.422306
0.276857
0.378201
0.000002
0.000159
0.009493
0.043735
0.000000
0.933998
0.000000
0.000000
12.811824
0.012169
75.665563
0.252536
0.763265
0.886494
0.021537
0.164883
0.000760
0.000018
0.000000
0.103233
0.060007
1.366121
0.002193
0.000000
0.000397
0.000000
2.359010
0.039757
0.000975
0.851600
0.002646
0.046850
0.000039
0.239699
1.734942
0.000000
0.000000
0.000002
0.378248
0.003868
0.029601
1.196984
0.000000
0.139846
0.086034
0.000000
1.406590
0.000000
0.000000
1.075733
0.000013
0.000000
0.300821
0.002146
0.000153
0.000001
0.437884
0.951582
0.000000
0.002523
1.233052
0.004095
0.000802
0.023388
0.000580
0.002498
0.991560
0.000000
0.160280
1.248677
4.928990
1.205042
0.000000
0.398230
0.075624
0.000005
0.000005
0.000000
0.000000
0.007632
0.000000
1.293633
0.021784
0.720910
0.000551
0.000018
0.000113
0.000080
0.079881
0.003144
0.825739
0.000000
0.816751
0.009587
0.001790
0.000000
0.014715
1.003384
0.905784
0.000016
0.650823
0.512378
1.139820
0.000000
0.003757
0.015471
0.000090
0.000000
1.155979
0.000000
0.000000
0.000000
0.007202
0.802840
0.416501
0.413736
0.000000
0.467290
0.000000
0.092548
2.276574
0.002642
0.000001
0.001490
0.040599
1.549187
0.008073
0.279721
0.436401
0.778843
0.000000
0.000000
0.365954
0.051333
0.003891
0.006248
1.009545
0.003971
0.000893
0.021418
0.098695
0.001738
0.002606
0.000005
0.097449
0.000241
0.000000
0.737144
0.000008
0.000008
0.397007
0.005267
0.109966
0.339493
0.104828
0.003453
0.006444
0.000000
0.000005
0.149130
0.000400
0.000018
0.000377
0.000000
0.000968
0.002148
6.211299
0.000008
0.240238
0.013696
0.165380
0.747542
0.134548
0.483653
11.075177
0.201669
0.039453
0.000000
1.652040
1.781201
0.000001
0.000138
1.044751
0.004389
0.000000
0.000000
0.105121
0.052277
0.294789
0.095517
1.604531
0.003670
0.221370
0.000000
0.687393
0.002306
0.000794
0.200947
0.000057
0.000005
0.013637
1.178491
0.000001
0.016428
0.000479
8.211611
0.000000
0.022036
0.000028
1.974680
0.926505
0.556043
0.706548
0.001150
0.005830
7.704451
0.022695
3.385574
0.000428
0.289321
0.000000
0.003211
0.167423
0.000234
0.444276
0.011590
2.250963
0.000000
0.000602
0.000410
0.000000
0.204441
0.000918
0.020045
0.039712
0.000000
0.000464
0.000000
1.246191
0.090352
0.000010
0.000000
0.000004
2.385252
0.000031
0.179437
0.000154
0.010064
0.000003
0.000000
1.799351
0.008741
0.000000
0.965481
0.073111
0.019043
0.000245
0.000000
0.000129
0.000012
0.028102
0.000000
2.409437
1.927560
0.000000
0.003392
0.170251
0.709820
13.995504
0.142116
0.000082
0.000000
0.000013
0.018515
0.000466
0.858946
0.009419
0.308896
0.000001
0.011348
0.000000
2.452397
0.000000
0.000000
0.148740
0.385818
0.578037
0.005288
0.000000
0.034529
0.148579
0.599099
1.114198
0.211968
0.000000
0.000000
0.002541
0.699163
0.000032
0.000000
0.000402
0.031567
1.008236
1.548646
0.164080
0.306171
0.000009
0.097150
0.000001
0.102106
0.932509
0.000000
0.004321
0.000000
0.000546
0.000016
2.849947
0.242259
0.004779
0.004955
13.418878
1.010242
0.000001
0.168244
0.000034
0.574848
0.000258
0.085537
0.000003
0.009641
0.010867
0.044471
0.285642
0.058311
0.008970
0.048000
0.213906
0.991245
0.000169
0.000000
0.035512
0.000000
0.000000
0.406410
0.000000
1.043335
0.027368
0.001889
0.000007
1.786152
1.126109
0.000011
0.001507
0.000036
0.000000
0.000000
0.001786
0.000133
0.038287
0.001357
0.824973
0.000000
0.001361
0.000000
0.007654
0.000014
0.003802
0.000000
0.000003
0.000000
1.582693
0.004086
13.850721
0.371206
0.000000
0.700222
0.033569
0.199558
0.975987
0.006877
0.000433
1.278694
0.176012
0.383008
0.137245
0.210845
0.000000
0.001534
0.702010
0.000002
0.000017
0.022036
0.489153
0.000200
0.732871
0.000000
0.000000
0.000595
0.000095
0.000001
0.000302
0.017225
0.176556
0.000000
0.180717
0.000038
0.000000
0.000013
0.104561
0.000000
0.092218
0.490654
0.432038
0.008142
0.000001
0.000103
0.000000
0.000000
0.408518
0.001093
72.939540
1.472855
0.357870
0.000000
0.000060
0.000000
0.000000
0.093062
0.204785
0.000000
0.188643
0.000000
0.095711
0.002261
1.546180
0.092487
0.142551
1.042103
0.000000
0.000000
0.374204
0.018013
0.000006
0.004963
0.328799
0.156259
0.000982
0.036752
0.000089
0.000000
0.079380
0.023218
0.446548
1.170028
0.061405
0.230941
0.000000
0.000000
0.037740
11.241405
0.294877
0.007501
0.012824
0.000035
0.002698
0.000107
0.000024
0.125038
0.010436
0.000002
0.000061
0.166914
0.001959
0.000000
0.000980
12130.460229
2.003278
0.253222
0.825953
0.018527
0.000004
0.656664
0.001964
1.052095
0.418813
7.497791
0.088312
0.014961
0.000027
0.000306
1.000000
1.115815
14.122741
0.000000
0.012258
0.010987
0.042877
0.002740
0.407636
0.005380
0.000000
0.000000
0.000000
0.008177
0.000000
0.000002
65.998191
0.227147
0.463075
1.081043
2.814620
0.000052
2.453060
0.360044
0.263417
0.011054
0.019594
0.000001
0.004165
0.000000
0.000044
0.467902
7.182535
0.000006
0.001317
0.648533
1.563861
0.000286
0.358893
0.374140
0.025717
0.178247
0.132887
0.001808
0.008803
0.000022
0.000000
0.000013
0.213001
0.000031
15.253561
0.018119
0.186799
0.000442
0.000093
0.251603
0.000622
0.016779
0.000000
0.000191
0.000011
0.002247
0.240624
0.762035
0.000000
1.303588
0.007900
0.640557
0.009746
2.024381
0.000005
2.624539
0.001143
0.110350
0.000202
0.012671
0.002228
0.331635
0.026725
0.000237
0.000000
0.000005
0.000584
0.000000
0.000000
0.000000
0.186320
0.001426
1.387292
0.000145
0.000005
0.000033
0.001567
0.077320
0.000138
0.122793
0.290680
0.929096
0.005846
0.136972
0.000045
0.000000
0.005929
0.165653
0.001992
0.054764
0.000000
0.142653
0.257828
0.000001
0.359711
0.002084
0.083414
0.535622
0.298115
0.000002
0.000067
0.024165
0.000029
0.000000
0.000000
0.071597
0.000018
0.000000
0.000000
0.000000
0.000000
0.111519
0.134156
0.001405
0.003099
0.000548
0.021928
147.067486
0.000007
0.128982
0.000000
0.867254
0.019043
0.156364
0.004446
0.006656
0.031171
6.128511
0.000000
0.000056
0.900611
0.000030
0.000000
0.000664
0.880032
0.000000
3.173267
0.590850
0.003573
0.187031
0.021226
0.000000
0.000000
0.000036
0.150476
0.000000
0.001091
0.000000
0.345127
1.013739
0.464005
0.000000
0.000000
0.000000
0.000001
0.000505
0.000000
0.000017
0.072386
0.002050
0.771554
0.428562
0.054711
0.022024
0.298569
0.000000
0.000135
1.131790
0.000802
0.224237
0.001263
0.972321
0.420370
0.000152
0.000714
0.016240
3.174767
0.004307
1.018101
0.010601
0.082792
1.294852
0.000081
0.092310
0.032698
0.004516
7.314059
0.000000
0.020475
0.157029
0.000000
0.677056
1.457440
0.456704
0.041725
0.000007
0.005698
0.013441
0.000002
0.000825
0.432795
0.208862
1.116632
0.000000
0.000000
0.000184
0.298479
1.185405
0.001416
0.000000
0.042571
0.000000
0.000000
0.002294
0.000000
0.000420
0.111094
0.574393
0.000105
0.000000
0.542124
0.032836
2.355576
0.000847
0.000000
0.000179
0.517288
0.017817
0.000000
33.920299
0.000470
0.000000
0.000021
0.202302
1.548892
0.005440
3.489876
0.000000
0.000000
0.000174
5.854489
0.000004
0.461504
0.000015
0.000998
0.017949
0.000000
0.276045
0.932931
0.000000
0.005148
0.009339
0.000001
0.000000
0.000000
0.000000
0.010428
0.000000
0.000217
0.410480
0.000015
0.375919
0.026294
0.000000
1.113367
0.000829
0.006755
0.000000
0.150128
0.009679
0.002029
0.026118
0.000092
0.000000
0.523443
0.545776
0.000038
0.000008
1.086685
0.243945
0.000000
3.192378
1.538333
0.035098
0.010505
1.027630
0.429340
0.000000
0.001872
0.025545
0.000000
1.274155
0.001953
0.342048
0.553617
0.000002
0.000000
0.542729
1.053234
0.165294
1.078142
0.001480
0.649681
2.028718
0.000149
0.000096
0.000000
0.477060
0.000000
0.000001
0.001116
0.027191
0.830956
0.000000
0.891642
0.000000
0.238220
0.544309
0.000000
0.946303
26.565953
0.318608
0.682653
0.083877
0.956808
0.781279
0.094856
0.000000
0.160995
0.390259
0.590718
0.002576
0.108877
10.400889
0.005303
0.000054
0.731474
1.259514
0.001035
0.000000
0.045019
0.000008
1.260479
0.006947
0.990523
0.000000
0.952877
0.000000
0.009274
0.000030
0.000254
0.000000
0.000000
0.000008
0.002899
0.001376
0.000022
0.091038
0.000040
0.000000
0.652586
0.939103
0.015639
0.000148
0.132841
0.016201
0.160683
0.220762
0.187556
1.205415
0.420699
0.000068
0.047568
0.642867
1.454385
0.000013
0.002281
0.081990
0.000000
0.662692
0.501367
0.000168
0.760450
0.493239
0.000743
0.000035
0.000002
0.045459
0.000000
0.018073
1.066494
0.000014
0.000000
1.092930
0.004162
0.009137
1.537862
1.135324
0.122002
1.151734
0.085120
1.779542
0.057122
0.000016
0.052430
0.000384
0.026964
0.009090
25.432862
1.039403
0.000000
0.000695
0.000420
0.000000
0.705848
0.942836
0.751315
0.040557
0.000001
0.587711
0.000000
0.743218
0.000123
0.048562
0.000288
0.592208
0.000002
0.002983
1.896987
0.802589
0.000711
0.000001
0.001624
1.590529
0.000006
0.016063
18.842881
0.163046
0.000068
0.000003
1.413693
0.000065
0.042851
2.270735
0.105782
0.000003
0.381708
0.097806
0.142172
8.484394
0.000000
0.000580
0.450256
0.000000
0.000283
0.000000
0.000000
3.497694
0.018820
0.349365
0.001226
0.126163
0.000007
0.135432
0.000477
0.000659
0.000002
0.523541
0.474340
0.994973
0.009717
0.000004
1.586220
0.000015
0.006761
0.000000
1.511586
0.629865
0.000919
0.618585
0.211306
0.022729
0.052923
0.036169
0.000000
0.050933
0.000000
0.000204
0.000497
0.237397
1.519544
0.080061
0.000000
0.000000
0.003019
0.003114
0.021609
0.103973
0.446939
0.002015
0.000062
0.051234
0.000000
0.068675
0.000000
0.000367
0.910685
1.296037
0.571778
0.662555
0.355810
0.845827
0.006552
0.023467
0.952590
0.000106
0.000000
0.009920
0.002434
0.000000
0.000000
0.000000
0.000000
0.074754
0.000000
0.107031
0.000000
0.000002
0.000369
0.000815
0.026617
2.313504
0.002285
0.008260
0.003805
0.000000
0.028680
1.572142
0.000000
0.274331
0.010330
0.659617
0.000002
0.037821
0.150802
0.001412
0.798958
0.000000
0.010480
0.000062
1.079027
0.021903
0.003178
0.937137
0.000010
0.022076
0.235517
1.494348
0.255153
0.026777
0.681476
1.090944
0.966817
0.011310
0.000117
1.110004
0.096244
0.000000
0.597286
0.176568
1.001419
0.000105
0.000000
0.005594
0.117720
0.107415
0.851216
0.000010
0.023095
4.427424
1.465251
2.336396
0.000000
0.000000
1.614912
0.015149
0.000009
0.000025
1.421136
0.000000
0.070036
0.001165
0.000001
0.363238
0.145924
0.548367
0.957704
0.000011
0.000001
0.691462
6.563590
0.196304
0.000003
2.169851
0.011870
1.151997
0.401785
0.011930
0.000025
0.000016
0.000013
1.103115
0.674658
0.438125
0.000001
2.091364
0.000000
0.005145
0.011834
0.003264
0.966398
0.131824
0.035243
0.058620
0.104126
