0.006145
0.048109
0.095772
0.105044
1.865105
0.630704
0.143424
0.094917
0.023009
0.023315
0.010476
2.899596
6.162569
0.174810
0.066194
6.132063
29.093452
0.006759
0.087265
0.028151
0.013630
9.311024
0.894384
1.083902
0.053060
0.899307
0.022631
0.018199
5.373414
0.073197
1.000000
1.000000
0.848203
0.516171
0.093375
0.904542
1.211161
1.025100
1.199521
0.072003
0.345527
0.951138
0.031015
0.182933
0.848038
0.026919
1.046140
1.194877
0.902799
1.132125
0.041067
0.018853
0.099026
0.152633
15.267344
0.099019
1.204264
1.418471
1.000000
0.107748
0.005853
1.000000
0.013109
1.000000
0.078210
0.020779
0.018862
0.233191
0.023667
1.006969
1.125894
1.000000
1.749521
1.000000
0.830256
0.013943
0.019379
0.839979
0.986182
3.896239
0.058836
0.030680
0.056028
0.005521
0.867021
1.000000
0.016266
1.000000
12.431165
0.006973
1.000000
0.962573
0.821585
0.542685
0.889739
0.005176
1.065498
0.994606
1.272954
0.001317
0.303490
0.960284
0.085418
0.797651
1.523602
1.098947
0.057956
1.127552
1.000000
1.000000
0.947993
2.503350
1.000000
1.000000
1.353010
1.293975
1.692061
3.484163
0.010291
1.003187
0.866380
1.000000
1.000000
0.013946
0.013157
4.165294
0.007060
0.067074
0.545873
1.020399
1.000000
1.382044
0.594739
1.000000
0.000964
0.790606
1.000000
2.408640
1.428280
1.064152
1.002826
0.759282
1.087310
16.185189
0.010727
0.533888
1.020933
1.100458
0.750714
0.695137
1.124578
1.000000
1.000000
1.000000
0.895826
0.206140
0.979573
1.774499
0.581255
17.895099
0.978323
0.403985
1.275080
0.509280
0.508507
0.957367
0.323540
0.491517
0.896764
0.561635
1.320054
0.181089
0.406390
0.428303
1.118626
1.108104
0.541364
0.878641
0.652244
0.694654
1.118477
0.730965
0.712522
0.712834
0.990834
0.225424
0.135031
1.006333
1.117731
0.180610
1.403110
0.766304
0.227740
3.407564
0.788639
0.001638
0.262298
9.508143
79.250264
0.786715
0.579233
0.159335
0.245587
0.098418
0.058135
0.161600
4.921647
0.002539
0.118387
0.590800
1.196794
0.072475
18.311329
1.072384
0.010118
0.846329
0.027249
0.462380
1.000000
0.279237
0.791751
1.000000
1.228880
1.305041
0.007281
1.198892
0.438662
2.963515
1.682865
0.313224
1.702444
86.939287
1.265833
0.919449
1.614439
0.045673
0.968100
0.483195
0.016058
1.252575
0.274964
0.430008
0.691450
0.010204
3.365793
2.713470
0.117941
1.458865
0.943743
1.362280
0.922887
0.160098
1.000000
0.094977
0.269876
1.000000
0.452931
0.163664
1.130549
1.965986
0.224408
0.350721
0.620283
14.283154
1.275546
0.274233
1.625469
0.688699
1.392211
0.056092
3.529853
0.040344
1.036896
0.127479
0.014715
1.000000
1.125186
0.220035
1.224885
0.001741
0.874684
0.206113
1.187012
0.325381
0.039204
0.007591
1.000000
1.063690
3.843228
0.823200
0.857237
0.856481
1.876647
0.000558
0.365414
1.613229
0.010914
0.026140
0.632273
0.002405
0.276878
0.356038
6.920231
0.049618
0.161004
2.179833
0.015056
1.197481
0.570002
0.634962
0.602335
0.874806
0.727398
0.624715
0.292132
0.939295
0.215804
3.022675
0.585447
0.762355
0.024566
1.381821
0.008671
0.091895
0.619977
0.875642
0.086862
0.660960
0.099834
0.001298
0.060159
0.069950
0.065653
1.202368
1.000000
0.000179
1.066477
0.027441
0.002634
0.002197
0.232440
0.456609
0.736852
1.000000
8.326317
0.477860
1.000000
0.410955
0.000705
0.007415
0.001801
0.153289
0.139601
2.255289
0.742655
0.065248
0.237778
0.022383
0.000026
0.346357
0.640299
0.236288
6.967226
0.454739
0.449152
0.082838
0.356791
0.009280
0.043801
0.446000
0.363858
1.391844
0.837314
1.068103
1.000000
0.046519
0.657347
1.000000
1.448282
0.007155
0.006806
1.000000
1.359692
0.000794
0.072184
1.375263
1.094315
0.004016
0.222676
0.560519
0.076134
0.000468
0.004497
0.480440
2.292476
1.370248
1.000000
0.933799
0.028216
1.000000
0.000966
0.160528
1.027328
0.843805
14470.147121
0.067759
1.000000
0.014533
0.381569
0.009016
0.117231
0.394960
0.180359
0.136269
0.230374
0.000498
0.314298
0.041361
0.234936
0.052128
0.343377
0.810297
0.087358
0.919224
0.573179
0.265905
1.288662
0.517284
0.047641
1.472044
0.830721
0.582115
1.094400
1.000000
0.980983
0.425579
0.323822
0.673005
1.417358
1.007225
1.000000
0.000534
0.000392
0.018577
0.755562
0.090831
0.190463
0.143593
0.938319
0.000148
0.562905
0.000000
0.973703
0.008613
2.585568
0.029891
0.003227
1.150959
1.997117
0.046584
0.000000
0.475449
0.000204
9.525742
0.831354
0.342822
0.129873
0.312809
0.832952
0.018766
1.262263
0.211275
0.000000
0.050229
1.000000
0.001329
0.000242
3.501076
1.000000
0.511802
0.530507
1.782975
0.103317
1.000000
0.549980
0.165150
0.000008
0.019956
1.187500
0.000114
0.301746
0.008775
0.841806
0.003007
1.878577
0.167432
0.001231
0.000097
0.860803
0.006312
0.000311
0.000000
1.139320
1.017459
0.000620
0.215918
0.044338
0.000015
0.003885
0.167418
2.066092
0.003916
0.108974
0.636806
0.003986
1.505265
1.000000
0.000343
83.542830
0.922777
0.727378
0.017833
19.300270
0.109538
0.468010
4.305326
0.286436
2.309667
0.067102
0.049285
0.877958
0.014024
0.427681
0.000052
0.004050
0.000682
0.000556
1.482354
0.226767
1.148516
0.002020
2.265889
0.992339
0.093055
0.000042
0.000282
0.041967
0.014629
0.028744
1.305750
0.549620
0.116440
0.002047
0.000000
0.034992
0.561788
0.843585
0.000006
0.328391
0.009641
0.000037
0.002269
0.271316
2.708523
1.445755
0.000033
0.091480
0.706461
0.205967
0.260184
0.755088
0.000062
0.002516
1.025720
1.408214
0.071194
0.868333
1.319496
1.064484
0.641915
0.001069
0.000758
2.700520
0.019584
0.001237
3.814105
0.800785
5.499581
0.405940
0.928841
0.019315
0.438481
0.000000
0.000000
0.000000
0.291881
0.000305
0.000106
1.710334
0.993611
0.075294
0.056518
1.092239
0.305769
1.000000
0.001141
0.688293
0.264516
0.003349
0.000000
0.000616
1.490036
0.504067
1.160975
0.003866
0.000006
0.052863
0.000066
4.175502
0.555655
0.000645
0.044219
0.000027
0.000002
0.889154
0.151561
0.433767
0.010468
1.800208
0.007929
1.197418
0.000000
0.038271
0.057286
0.912266
0.000030
0.292127
0.238047
0.000158
0.353719
0.001785
0.847482
1.762220
0.000072
0.036492
0.886267
867.091345
0.021733
0.109267
0.003791
0.014019
0.042946
0.003929
1.930876
0.010427
0.002320
0.000024
0.000000
0.077274
0.004283
0.087893
0.190983
0.016478
0.000000
0.000792
0.000002
0.000012
0.000441
0.006412
0.630765
1.000000
0.000001
0.000008
0.912992
0.146858
0.000599
0.199052
0.064424
0.000858
1.093315
0.000062
1.200171
0.296391
1.152840
0.000903
0.000693
0.251735
0.216500
1.168224
0.000965
1.555725
0.691604
0.019049
0.000010
0.180005
0.314139
1.322822
0.003633
0.753267
0.000000
1.950447
1.156286
0.000014
0.000000
0.643182
0.005033
0.104173
2.231466
0.569861
0.055450
0.184806
0.023265
0.000000
0.042563
0.129672
0.045241
0.322462
0.705743
0.288189
0.021077
0.233113
0.002325
0.030930
0.821569
0.108854
0.000010
1.166200
0.000005
1.550119
2.301119
0.883795
0.231772
0.000000
0.136995
0.000002
0.000004
3.087632
0.631162
0.069291
0.001185
0.000388
1.187758
0.000000
0.020638
0.000086
0.000044
0.838501
0.000748
0.000095
0.000000
0.000127
0.000082
0.000012
0.392968
1.197513
0.000000
0.672215
1.307517
0.758391
0.203119
0.000001
0.865332
0.035174
0.178880
0.245123
0.703114
0.509949
0.923804
0.873730
0.037856
0.000000
0.000000
0.197071
0.007039
0.000161
0.538671
0.003334
0.244410
0.000000
0.661228
0.225050
0.001259
0.345337
0.019736
0.730894
0.000000
0.000000
3.103888
0.000000
0.000018
0.068369
0.012555
0.314564
0.010856
0.000018
2.656287
1.516381
0.652725
0.681427
0.001681
0.091777
0.000000
0.000203
1.148499
0.667973
1.403733
0.000000
0.044307
0.000092
0.000032
0.000000
0.261654
0.000456
0.598853
0.000000
0.000073
0.000022
1.415481
32.356280
3.457908
0.089651
0.000000
0.123800
0.832906
0.025072
1.098319
0.635593
3.650372
0.548454
0.000010
1.000000
0.001135
0.000000
0.000000
0.004170
0.000005
52.463262
0.000000
0.000249
0.671422
0.561930
0.047078
0.000006
0.689782
0.887443
2.600782
0.000956
0.000033
1.000000
0.000028
0.000016
0.605969
2.892782
0.525750
0.000000
0.780121
0.852532
0.808092
0.000219
0.719902
0.289943
0.637546
0.363474
0.028070
2.211090
0.031057
0.129671
0.000000
0.000000
0.551093
0.000009
0.000119
0.404031
0.733038
0.430223
0.000000
2.001613
0.025788
0.001034
0.000000
7905079.241842
0.028930
0.000213
1.000000
0.508536
1.019766
0.017530
0.186031
4.131140
0.514486
0.049258
4.062421
0.000000
0.223118
0.417201
0.054852
0.002782
0.000047
0.000000
0.193633
0.430947
0.000000
0.000760
0.006119
0.000000
0.000045
0.003412
0.000000
0.354556
0.274740
0.000000
0.215670
0.000020
0.177703
0.072340
0.000000
0.001085
0.000000
0.827078
0.050863
0.002566
0.540095
0.067355
0.001780
1.939510
1.984757
0.000000
1.000000
0.000066
0.000000
0.004443
0.001845
0.200655
0.001776
0.023528
0.000003
0.003835
0.000000
0.514540
0.001089
1.790871
0.000316
0.000000
0.077033
0.000000
0.000000
4.384869
0.061382
0.000000
0.000000
0.000000
0.128353
0.000000
0.000000
0.000046
0.014247
0.038441
0.007111
0.000033
0.000103
0.015979
0.000000
0.000000
0.000000
0.000000
0.017667
0.010381
0.000000
0.000011
0.020425
0.264460
0.000000
0.007096
0.097977
0.000000
0.000000
0.002193
0.000000
0.000842
0.000000
0.021141
0.423886
0.009902
0.000000
18.662430
0.000120
0.000217
0.000000
0.198392
0.000106
0.001341
0.000957
0.000000
0.047404
0.000034
0.000007
0.003089
0.000001
0.000000
0.000000
0.000000
0.000000
0.010301
0.000001
0.000034
0.013782
0.000000
0.000000
0.001717
0.015432
0.000212
0.000014
1876.844360
0.000001
0.000000
0.000000
0.006655
0.205067
0.000001
0.000003
0.000002
0.017008
0.000000
0.000008
0.000286
0.000007
0.000009
0.480363
0.986347
0.016188
0.000000
0.260477
0.003670
0.000625
0.000082
0.000004
0.525974
0.000000
0.000001
0.000000
0.000000
0.000003
0.597887
0.002036
1.000000
0.000000
0.000172
0.000000
0.000001
0.000375
0.000063
0.000057
0.000000
0.000000
0.000000
0.000000
0.002372
0.067162
0.000366
0.000000
0.000539
0.000405
0.000000
0.064897
0.000142
0.000000
0.000260
0.755740
0.788267
0.000000
0.000027
0.000000
0.000000
0.000000
0.000000
0.093591
0.000000
0.000000
0.000245
0.000000
0.000000
0.725703
0.000000
0.000000
0.016819
0.000000
0.000011
0.000156
0.000000
1.080170
0.389974
0.000000
0.000000
0.025276
0.012893
0.000000
0.000000
0.000000
0.000000
0.001168
0.274078
0.161225
1.282758
0.009602
0.004899
0.005050
0.000000
0.809125
0.000000
0.000000
0.027134
0.000000
0.780697
0.000000
0.000000
0.000219
1.735028
0.000000
0.000013
0.027011
0.000000
0.000000
0.000052
0.000001
0.000002
0.001255
0.000001
0.000174
0.000210
0.000069
0.000000
0.000000
0.000000
0.000000
0.000142
0.343683
0.002624
0.005911
0.461528
0.000002
2.866390
1.388046
0.000000
0.000000
0.002291
0.000058
1.131724
0.000000
0.000000
0.010060
0.000000
0.000000
0.266994
0.001607
0.000028
0.000829
0.000116
0.000018
0.000000
0.000000
0.000001
0.112876
0.000000
0.000056
0.000000
0.039085
0.000000
0.000000
0.000000
1.078360
1.275756
0.000000
0.000000
4.083762
0.000061
0.537435
0.000000
0.000000
0.844874
0.000000
0.000000
1.170769
0.000000
0.000000
0.000000
0.164819
0.000000
0.000013
0.000000
0.000000
0.000611
0.000000
0.001210
0.152240
0.686318
0.000001
0.004707
0.000000
0.012019
0.000010
0.000009
0.000008
0.000010
0.140548
0.000001
0.000000
0.000000
1.323280
0.000039
0.000005
0.004239
0.000000
0.000000
0.000107
0.070414
0.016974
0.000000
0.000002
1.335091
0.000000
0.924197
0.989707
1.644147
0.000000
4.945755
0.000163
0.000000
0.000000
0.000000
0.009796
0.000000
0.000000
0.000007
0.000000
0.122411
0.018300
0.000000
0.000027
0.211143
0.000000
0.000541
0.000000
0.000000
0.000000
0.000000
0.506411
0.000000
0.586680
0.559578
0.000000
0.000002
0.000003
1.325355
0.000000
0.000000
1.533980
0.000000
0.000338
0.000000
0.000000
0.000000
0.020282
0.000251
0.000000
0.000035
0.000000
0.000000
0.000110
0.002662
0.326043
0.000073
0.000000
0.017639
0.000002
0.000000
0.014997
0.014652
0.000000
0.000000
0.000000
0.000234
8.632006
0.000001
0.003650
0.000253
0.000000
0.003174
0.000000
0.337564
0.000000
0.000100
0.000000
0.000000
0.000000
0.000000
0.488731
0.000003
0.000000
0.001446
0.038023
1.974909
0.000001
0.123230
0.003746
0.000000
0.012975
0.000000
1.450067
0.000045
0.000000
0.395846
0.000000
0.000002
0.000000
2.174418
0.017016
0.000000
0.000000
0.000000
0.000000
0.000000
0.000090
0.107695
0.000000
0.000000
0.000105
0.969262
0.000000
0.000005
0.000779
0.000022
0.645927
0.000000
0.000000
0.000000
0.000000
0.076637
0.002008
0.000000
0.002036
0.000000
0.992276
0.000000
0.000001
0.009029
0.019066
0.000000
0.000000
0.000018
0.017348
0.000000
0.000005
0.000000
0.007909
0.000000
0.000008
0.219698
0.000002
0.000000
0.010582
0.848779
0.000000
0.000000
0.000000
0.235011
0.000000
0.518732
0.000000
0.000000
0.000000
0.000000
0.000011
0.000000
0.999999
0.000000
0.003862
0.255571
0.004214
0.000000
0.062195
0.001180
0.000000
0.333672
0.057557
0.000000
0.000000
1.092913
1.315757
6.028114
0.000000
0.000017
0.000027
0.000000
0.000000
0.925847
0.000807
0.000000
0.000000
0.000000
1.054570
0.000000
0.000000
0.000000
0.000000
1.000000
0.000000
0.000899
0.000002
0.000000
0.000000
0.000000
0.000000
0.000000
0.000078
0.000498
0.004045
2.074967
0.000000
0.000001
0.000000
0.000000
0.000000
0.074521
0.000101
0.000000
0.000018
0.011977
0.000363
0.000000
0.000000
0.046141
1.016756
0.000000
0.000000
0.000000
0.000204
0.000000
0.000000
0.000000
0.000000
0.000000
0.117603
0.446855
0.000000
0.830364
0.000072
0.044577
0.000682
0.088520
0.000000
0.000000
0.000000
1.011642
0.000161
0.000000
0.000014
0.000020
0.014220
0.000000
0.000000
1.956078
0.000012
0.000000
0.000000
0.000000
0.010467
0.026430
0.000288
0.000014
1.747363
0.000000
0.001196
0.000003
0.000003
0.886578
0.011193
0.001082
1.022226
0.000000
0.010836
1.101337
0.000000
0.000000
1.084546
3.523505
0.000000
0.583744
0.202109
0.000000
0.000000
0.865249
0.000021
0.008474
0.000001
1.000000
0.000000
0.000032
0.000000
0.432698
0.409022
0.017264
0.000003
13.722535
1.325434
0.000005
1.707019
0.000000
0.000000
0.000000
0.000000
0.000000
0.000000
0.000000
1.090294
0.000000
0.998362
0.000000
0.000001
0.113518
0.000108
0.000000
0.000011
0.001960
0.000287
0.000000
0.000000
0.000939
0.000000
0.000000
0.000000
0.000000
0.000000
0.000000
1.488671
0.008505
0.000006
2.510824
0.000000
0.209452
0.622821
0.000000
0.000000
0.000000
0.001406
0.000000
0.000000
1.000000
0.000000
0.066864
0.000218
0.000001
0.864374
0.000000
0.000000
0.000000
0.000000
0.086734
0.000007
0.000000
0.620039
0.001198
0.979994
6.606231
0.000516
0.000003
0.000000
0.000000
0.000000
0.000000
0.960737
0.000000
0.003753
0.000000
0.000000
0.000004
0.058003
0.003246
0.000000
0.000617
0.147996
0.959806
0.000000
0.789284
0.000000
0.000028
1.000001
2.689591
0.000000
0.821148
0.000515
0.990144
0.005061
0.424883
0.050457
0.000000
0.995833
13.458214
0.197174
0.000000
0.150987
0.000000
1.304226
0.146545
0.870694
0.796972
0.000000
0.000000
0.000000
0.000000
0.772218
0.000000
0.000247
0.235293
1.625994
0.000000
0.000000
0.000000
0.000069
1.198291
0.542874
2.417670
0.109520
0.000000
0.000015
0.000000
1.000000
0.649143
0.000078
0.001581
0.324935
1.157400
0.000000
0.000000
0.395841
0.000000
0.045967
0.000000
0.000000
0.000000
0.504569
0.000000
0.000000
0.000000
0.187717
0.000000
0.000000
0.000000
0.000000
0.000000
0.000000
0.000048
0.047028
0.000000
0.028808
0.000000
0.840273
0.000720
0.001376
0.489299
0.482977
0.570014
0.150428
0.000000
0.814889
0.000000
0.000000
0.072413
0.000000
0.000000
0.482849
0.000000
0.000000
0.008122
0.368292
0.000000
0.000000
0.000000
0.000000
0.000000
0.000000
0.000000
1.000000
0.001368
0.000000
0.781607
0.000000
0.000000
0.000272
0.000000
0.024884
0.000000
0.000000
0.972114
0.238583
1.000001
0.497675
0.000028
0.000001
0.000141
0.000000
0.000000
0.000001
0.102459
0.000000
0.000000
0.000000
0.897247
0.000001
0.000000
0.000000
0.058061
0.000000
0.719991
0.157741
0.000000
0.000118
0.000000
0.000000
0.000000
0.000000
0.000041
0.079770
0.000032
0.000000
0.000077
0.000015
0.000054
0.000049
0.000000
0.000002
0.000000
0.000000
0.999999
0.000000
0.000000
0.000000
0.000000
0.000003
0.064790
0.000000
0.000404
0.000049
0.000000
0.000000
0.000000
0.008403
0.000154
0.000000
0.000000
0.216245
0.000000
0.000000
0.053631
0.000000
0.000000
0.512032
0.000000
0.000000
2.662541
0.150508
0.000000
0.000000
0.000000
0.000000
0.000000
0.000000
0.000000
0.000000
0.000020
0.000000
0.000013
0.000000
0.000000
0.000000
0.000000
0.000000
0.000000
0.744010
0.000000
0.000000
0.000000
0.000002
0.000000
0.008904
0.000398
0.000000
0.000000
0.000000
0.000000
0.000000
0.000000
0.000000
0.000000
0.000003
0.000000
0.000000
0.000000
0.000023
0.000000
0.000000
0.007685
0.000000
0.000000
0.463002
0.000000
0.000000
0.000019
1.156733
0.000000
0.000000
0.020121
0.791226
0.000000
0.000000
0.027872
0.000000
0.000000
1.144955
0.000000
0.000072
0.000000
0.000000
0.000000
0.000000
0.000591
0.000000
0.000000
0.000000
0.000004
0.004167
0.000000
0.000000
0.138224
0.000000
0.427472
0.670673
0.000001
0.000000
0.000001
0.000000
0.000000
0.000000
0.009099
1.500216
0.000000
0.000000
0.000000
0.000000
0.228545
0.000002
0.000000
0.000006
1.428954
0.000000
0.000000
0.000000
0.000000
0.368438
0.000000
0.000000
0.000000
0.000000
0.000970
1.063537
0.000000
0.000382
0.000000
0.012838
0.000000
0.000000
0.000000
0.000000
0.004512
0.498745
0.000000
0.000000
0.000000
0.000000
0.000000
0.000000
0.000000
8.601970
0.001561
0.000000
0.000004
0.000000
0.000000
1.427933
1.709291
0.000000
0.000000
0.000000
0.000000
0.000000
0.106318
0.000000
0.000000
0.000000
0.000014
0.000000
0.000000
0.000000
0.000002
0.000000
0.000000
0.058852
0.000000
0.000021
0.023411
0.000000
0.006773
0.000325
0.000000
0.024908
0.000000
0.000022
0.005219
0.023784
0.000000
0.000000
0.003481
0.007206
0.000000
0.000000
0.000000
0.000000
0.000000
0.000000
0.095325
0.000068
0.000000
0.000000
0.000000
0.000000
0.000000
0.000019
0.000000
0.007679
0.000002
0.000588
0.000000
0.000000
0.759590
0.000003
0.000000
0.000000
0.000000
0.000000
0.001474
0.000000
0.013320
0.917890
1.320413
0.007521
0.000000
0.986649
0.000000
0.000000
1.000000
0.000000
0.007178
0.021896
0.065078
0.005211
0.000038
0.012863
0.000000
0.000000
0.019610
1.643514
0.003183
0.000000
0.196747
0.376801
0.000009
0.000034
0.000000
0.000000
0.000000
0.655909
0.003984
0.000000
1.273870
0.000000
0.000000
0.003576
0.001696
0.000001
0.000000
0.000000
0.000000
0.000000
0.000000
0.000000
0.273283
0.000000
0.274465
0.000009
0.000000
0.000012
0.000000
0.000000
0.000000
0.193339
0.000000
0.000000
0.000000
0.000000
0.669911
0.000000
0.000000
0.000000
0.000000
0.000017
0.000000
0.000000
0.000000
0.000000
0.000000
0.187687
0.001101
0.000000
0.000000
0.000000
0.000495
1.486973
0.218449
0.000000
0.000000
0.407110
0.000056
0.000000
0.018516
0.000000
0.000000
0.000001
0.000260
0.000023
0.000000
0.000000
0.000000
0.000000
0.000000
0.009430
0.000000
0.000000
0.881261
0.000000
0.000015
0.000000
0.016836
0.000000
0.000000
0.000000
0.004092
0.000000
0.186364
0.000000
0.486425
0.000000
0.712848
0.000000
0.000000
0.000000
0.000163
0.000000
0.000000
0.000000
0.000000
0.000000
0.339107
0.000000
0.001057
1.948333
0.000000
0.000000
0.000000
0.000158
0.403607
0.000003
0.000000
0.201079
0.000027
0.000713
0.000000
0.000000
0.000000
1.071372
0.000000
0.000000
0.877299
0.000000
0.000004
0.000000
0.000000
0.000001
0.000000
0.000000
0.000000
1.280186
0.000000
0.000000
0.000000
0.000004
1.105573
0.000005
0.000000
0.728612
0.000000
1.056578
0.500535
2.525688
0.000000
0.000000
0.000000
0.000000
0.000000
0.000000
0.000000
0.000000
0.000066
0.000011
0.002920
0.000000
0.236734
0.000157
0.000000
0.000000
0.000002
0.000000
0.000000
0.000000
0.000000
0.000378
0.000000
0.000000
0.000000
0.000000
0.000000
0.000000
0.000000
0.000352
0.000142
0.000000
0.000000
0.000001
0.792027
0.896858
0.000010
0.000000
0.000000
0.000000
0.000000
0.000000
0.021468
0.000000
0.000000
0.000136
0.469171
0.000000
0.000000
0.000000
0.000231
0.000000
0.000000
0.426139
0.000000
0.057058
0.000000
0.000000
0.015395
0.000000
0.000000
0.000000
0.001426
0.000006
0.000000
0.000000
0.000000
1.682785
1.027619
0.000000
0.000000
0.000000
0.000000
0.000000
0.000000
0.000000
0.000000
0.070188
0.014560
0.711679
0.000000
0.000000
0.012432
0.000000
0.004215
0.000000
0.000000
0.014443
0.000000
0.643856
0.000000
0.000000
0.000000
0.000000
0.000000
0.000000
0.000204
0.000000
0.241262
0.000000
0.000000
0.000000
0.000000
0.000000
0.000000
0.047202
0.000000
0.000000
0.000000
0.000021
0.000000
0.000000
0.000001
0.000000
0.000190
0.000000
0.000002
0.187336
0.000000
0.000000
0.000000
0.000000
0.000000
0.000000
0.000003
0.127831
1.187322
0.969099
1.034978
1.219441
2.935445
0.144955
0.000000
0.000164
0.000000
0.259837
0.000000
0.000000
0.000000
1.137711
0.000000
0.017776
0.000000
0.000000
0.000000
0.000000
0.000000
0.000000
0.000000
0.000000
1.048635
0.000108
0.000000
0.000125
0.000000
0.158369
0.000000
0.000000
0.001768
0.211271
0.280044
0.000000
0.000000
0.000041
0.401776
0.000014
0.000000
0.000000
0.000048
0.000000
0.000000
0.904899
0.000000
0.000000
0.189974
0.000000
0.274283
0.000431
0.000000
1.744789
0.000011
0.000000
0.000000
0.011216
0.000000
0.000000
0.000000
0.000000
0.000000
0.000000
0.000000
0.000000
0.000000
0.000000
0.000000
0.000082
0.705286
0.008219
0.000000
0.053619
0.000026
1.108978
0.679772
0.018991
0.000000
0.000000
0.000000
0.000033
0.000000
0.000000
0.000000
0.000000
0.000336
0.516561
0.002016
0.000000
0.775332
0.000000
0.000000
0.000000
0.007735
0.000000
0.000000
0.564721
0.000245
0.000000
0.790727
0.000000
0.000000
0.000000
0.000000
0.841857
0.012438
0.515695
0.704055
0.014066
0.000000
0.000000
0.567186
0.000000
0.019638
0.000064
0.450400
0.066950
0.000000
0.262636
0.775863
0.000714
0.001526
0.000000
0.535289
0.007179
0.000000
0.000000
0.000000
0.265325
0.001654
0.381061
0.000000
0.001083
0.000000
0.000000
0.000000
0.000000
0.000000
0.000000
0.000000
0.807288
0.000000
0.000000
0.000000
1.031769
0.000000
0.000000
0.000000
0.000027
0.004073
0.000005
0.000000
0.000221
0.797836
0.340840
0.000000
0.000006
0.000000
0.000155
0.000001
0.000000
0.703933
0.449248
0.000898
0.000000
0.003875
0.766303
0.000000
1.054135
0.000000
0.796820
0.000000
0.000000
0.000000
0.000000
0.000000
0.000000
0.000000
0.000010
0.353662
0.619534
0.000000
0.000000
0.000000
0.876156
0.000000
1.000001
1.012821
0.000000
0.000000
0.000000
0.000000
0.006035
0.000000
0.000000
0.000000
0.000000
0.000000
0.000000
0.986775
0.000000
0.075205
1.385113
0.000000
0.004618
0.000000
0.671267
0.000002
0.000000
0.000000
0.000000
0.000000
0.000000
0.130348
0.000011
0.000000
0.510325
0.000171
0.000000
0.020939
0.000000
0.000000
0.000000
0.000000
3.667776
0.000000
0.000000
0.000000
0.010763
1.229847
0.000000
0.000000
1.188260
0.000000
0.865854
0.000001
0.000000
0.076172
0.000000
0.001863
0.000200
0.000000
0.000000
0.000000
0.006025
0.000000
0.032091
0.362881
0.000000
0.000000
0.000000
0.035706
0.000000
0.000000
0.000010
0.000007
0.368057
0.000000
0.000000
0.003421
0.049055
0.000000
0.000061
0.000000
0.000664
0.000000
0.000000
0.000302
0.000000
0.000000
0.000000
0.000000
0.676832
0.000000
1.474589
0.574191
0.212795
0.766397
0.000000
0.000000
0.000000
0.129155
0.002780
0.000000
0.000000
0.000004
0.000000
0.000000
0.040195
0.000000
1.088328
1.343587
0.566115
0.000000
0.000000
0.113279
0.000000
0.000000
0.000000
0.000000
0.000000
0.000000
0.000000
0.000000
0.000136
0.000000
0.000000
0.000000
0.000000
0.003866
0.983073
0.000000
0.106316
0.000000
0.000000
0.028642
0.000000
0.040314
0.000000
0.000000
0.000000
0.000000
0.000000
0.934171
0.000309
0.000000
0.000000
0.006254
0.000000
0.400166
0.869440
0.000000
0.000000
0.304430
0.000000
0.793456
1.039589
0.007236
0.000000
0.000000
0.000000
0.000000
0.006548
0.291194
0.000000
0.001650
0.000000
0.000000
0.048442
0.156482
1.253999
0.000000
0.000000
0.000000
0.000000
0.000000
0.000000
0.000000
0.544642
0.000000
0.000000
0.000000
1.148738
0.000000
0.000000
0.000000
0.000000
0.000000
0.002068
0.000032
0.000054
0.000000
0.545131
1.000001
0.000006
0.672704
0.000000
0.922172
0.046841
0.000003
1.116389
0.000000
1.149502
0.000000
0.000000
2.308774
0.100606
1.839374
0.980305
0.000000
0.000000
0.000000
0.378222
0.000000
0.000000
0.001928
0.735541
0.001066
0.670944
0.000000
0.000000
0.000000
0.000000
0.000000
0.000000
0.000000
0.000000
0.000000
0.000000
0.000020
0.000850
0.000000
0.000000
0.703807
0.003854
0.000000
0.004495
0.000000
0.000000
0.000000
0.000000
0.362713
0.443571
0.000000
0.000000
0.000000
0.000000
0.000000
0.430301
0.000007
0.000520
0.000000
0.000000
0.000000
0.169294
0.000074
2.008141
0.000000
0.921435
0.000000
0.000000
0.000000
0.000135
0.000000
0.000000
0.000000
0.000000
0.000000
0.532358
0.000000
0.000000
0.000000
0.115280
0.324285
0.042783
0.000000
0.000001
0.000000
0.000000
0.000000
0.000000
0.000000
0.000000
0.000000
0.102825
0.000000
0.000000
0.000416
0.000200
0.000000
0.009539
0.000000
0.000000
0.000307
0.000000
0.000000
0.048724
0.000000
0.000000
0.000000
0.004472
0.000021
0.476876
0.000000
0.000000
0.000000
0.000000
0.000000
0.000000
0.002473
0.000021
0.207638
0.000000
0.000000
0.000000
0.000000
0.000000
0.162928
0.000018
0.000000
0.000000
0.000000
0.000012
0.327412
0.007119
0.000000
0.000549
0.000000
0.000000
0.000000
0.000000
0.000000
0.000000
0.987100
0.000000
0.000000
0.911895
0.000000
0.435614
0.239657
0.160466
0.000000
0.424908
0.007000
0.000000
0.000000
0.000000
0.284905
0.096890
0.000000
5.562107
0.485232
0.000000
0.003832
0.000000
0.000000
0.000000
0.000000
1.000000
0.572866
0.011681
0.000000
0.000023
0.000000
0.750505
1.156761
0.371757
0.000000
1.844006
0.000000
0.000000
0.000000
2.151679
0.000000
0.001654
0.092901
0.000000
0.000000
0.000000
0.000000
0.000000
0.000000
0.902262
0.000000
0.000000
0.000000
1.008688
0.000000
0.000000
0.000000
0.000000
0.015039
0.960386
0.097244
0.000053
0.000000
0.000000
0.065221
1.279215
0.000002
0.000000
0.917311
0.014747
0.047797
0.024445
0.574556
0.000001
1.773755
0.000002
0.000063
0.295644
0.000000
0.000000
0.000012
0.000000
0.000055
0.000000
0.000005
0.000000
0.000000
0.000861
0.000000
0.000000
1.002505
0.000000
0.000000
0.000000
0.094783
1.354551
0.002196
0.000000
0.000000
0.398863
0.250868
0.000000
0.000000
1.356208
0.031667
0.672337
0.125484
0.000000
0.038644
0.000000
0.000000
0.487107
0.810512
0.000000
0.000002
0.000000
0.000000
0.818417
0.000000
0.000000
0.106787
0.000000
0.000000
0.000530
0.000000
0.332337
0.000000
0.021485
0.000000
1.229198
0.000000
0.002309
0.000000
0.000000
0.089937
0.000000
0.000000
0.000000
0.000000
0.000000
0.000000
0.000000
0.000000
0.000000
0.011837
0.004796
0.000000
0.000000
0.000000
0.082474
0.000000
0.000000
0.000000
0.791761
0.046454
0.737515
0.000002
1.084834
0.077027
0.000000
0.000000
0.186020
0.123934
0.000000
0.000004
0.000000
0.243042
1.282615
2.333490
0.000000
0.000000
0.000000
0.079376
0.000000
0.001218
0.000000
1.383298
0.000000
0.000000
0.000067
1.353530
0.000000
0.000000
0.000378
1.272115
0.993143
0.000450
0.898435
0.000000
0.000000
0.000000
0.000000
0.686778
0.020033
0.000000
0.000000
0.003110
0.000000
0.000000
0.375281
0.012965
0.000000
0.000000
0.005744
0.000000
0.003522
0.481294
0.000000
1.786603
0.000091
0.000000
0.000000
0.692570
0.862941
1.053613
0.004484
0.000000
0.000000
0.000000
0.733722
0.000000
0.000119
0.000000
0.000000
0.516005
0.000178
0.027032
0.000000
0.000000
0.203437
1.673351
0.000000
0.720227
0.000001
1.344671
0.000000
0.000000
0.048399
0.000000
0.000000
0.000365
0.000000
0.274745
0.015382
0.643651
0.000000
0.007221
0.000000
0.000000
0.000009
0.000700
0.000000
0.000000
0.000000
0.000000
0.270975
0.325141
0.000000
0.000000
0.000000
1.370626
0.000000
0.000000
0.000000
0.000000
0.000000
0.000000
0.000000
0.911642
0.000000
0.000000
0.000000
0.003333
0.000000
1.046480
0.000000
0.000000
0.948110
0.001583
0.533969
0.000000
0.000000
1.557430
0.880917
0.000048
0.000401
0.075996
0.000000
0.000000
0.000000
0.000000
0.821567
0.000000
0.874366
1.008775
0.078169
0.000001
4.597369
0.005968
0.000000
0.841760
0.383286
0.000000
0.000000
0.226216
0.003213
0.163288
0.000000
0.000000
0.000000
0.000000
0.015919
0.000000
0.026749
0.000000
2.309510
0.015338
1.378440
0.278249
0.000000
2.258183
0.271398
0.000000
0.000000
0.000010
0.358049
1.079842
0.000000
0.268657
0.081153
0.000000
0.000008
0.000000
0.000000
0.005889
0.000000
0.000000
0.468660
0.023901
0.000000
0.333912
0.000000
0.107234
1.639136
0.557499
0.000000
1.282249
0.000001
0.000000
0.042198
0.000000
0.000000
0.000000
0.000000
1.000705
0.000000
0.963761
0.000000
0.000000
0.099059
0.000018
0.000000
0.000003
0.000000
2.382240
0.000000
0.000183
0.000000
0.000000
0.000000
0.000002
0.420363
0.539151
0.000000
0.000000
0.000006
0.000557
0.000000
0.000000
0.026559
0.000000
0.000000
0.040810
0.000000
0.000000
1.413110
0.000000
0.227147
0.000000
0.181726
0.880346
2.057937
0.000000
0.000000
0.181838
0.000000
0.000000
0.031668
0.000000
0.000002
0.001117
0.611038
0.674473
0.000000
0.000000
0.302339
0.000000
0.000000
0.000000
0.000000
0.483927
0.000000
0.000000
0.000000
0.927075
0.563667
0.000348
0.000000
1.052910
0.288647
0.117205
0.000000
0.000000
0.000000
0.979942
0.000000
0.118469
0.000000
0.000000
1.043365
0.000000
0.010623
0.000000
0.000010
5.007115
1.146986
0.000804
0.063096
0.795305
1.889265
0.000041
0.000000
0.000000
2.238919
0.000000
0.000000
0.000000
1.253993
0.000000
0.003031
0.000000
0.154142
0.988571
0.000000
0.000000
0.576361
0.000000
0.000000
1.259250
0.000001
0.000000
0.000000
0.000000
0.563947
0.000000
0.000000
0.556442
1.300070
0.014810
0.000001
0.848010
1.415435
0.276140
0.000000
0.000000
0.000001
0.000000
0.000358
0.199695
0.000000
0.849250
0.000359
0.772919
0.092541
0.000000
0.000000
0.669349
0.024774
0.009166
0.000000
0.000005
0.153203
0.000000
0.737407
0.000000
1.979491
0.000000
0.000009
0.000000
0.801214
0.405225
0.000000
0.026473
0.000000
0.000000
0.000000
0.000000
0.000000
0.524901
0.000000
0.413284
1.753052
0.063767
0.703274
0.004543
0.000000
0.218362
0.000000
0.392301
0.000000
0.000000
0.000000
0.000000
0.000000
0.000000
0.107479
0.000014
0.000000
0.390181
0.000002
0.020446
0.000000
0.019618
0.118444
0.000000
0.698164
0.000000
0.508439
0.051948
0.000000
0.548419
0.002235
0.000000
0.000008
0.000000
0.000000
0.000000
1.311191
0.001402
0.383815
0.000000
2.274595
0.000024
0.000000
0.000118
0.901329
0.000004
0.000000
0.000000
0.000000
0.836286
0.000001
0.140444
0.000000
0.000000
0.008485
0.000000
0.000000
1.323610
1.111779
0.731877
0.000000
0.000000
0.000016
0.135431
1.000001
0.747049
0.028292
0.000000
0.000000
0.012012
1.660901
0.946600
0.000000
0.000000
0.011282
0.000000
0.621685
0.000658
0.032343
0.001202
0.107419
0.790326
0.102227
0.000000
0.000000
0.000000
0.000000
0.179635
0.000000
0.000000
0.935281
0.000000
0.000147
0.000200
0.000093
0.000000
0.000000
0.079720
0.208507
0.618753
0.000418
0.000215
0.000000
0.000000
0.000002
0.056367
0.000000
0.928969
0.016176
0.056536
0.000000
0.000000
0.000000
0.000000
0.739142
0.000000
0.000041
0.010962
0.020735
0.000000
1.000000
0.423305
0.280471
0.000003
0.000000
0.000000
0.000006
0.000000
0.000000
0.000000
0.000000
0.913923
0.528042
0.762560
0.000000
0.000003
0.004108
0.589094
0.000000
0.000000
0.000000
0.721073
1.104691
1.346161
0.031953
0.000044
1.122854
0.003069
0.331414
0.000000
0.000000
0.001672
0.437435
0.001327
0.000000
0.889003
0.103571
0.241697
0.000000
0.659165
0.000000
0.000000
0.125834
0.000000
0.000000
0.000000
0.883583
0.000000
0.000000
0.000000
0.000000
0.383180
0.582102
0.005037
0.681084
0.000000
0.000888
0.000000
1.485580
0.000000
0.000000
0.000000
0.000130
0.010512
0.157074
0.480402
0.008394
1.007214
0.020625
0.000000
0.000000
1.000000
0.000000
0.000000
1.985261
0.000000
0.017781
0.000000
0.000000
0.103989
0.006361
0.000000
0.696015
0.000021
0.000000
0.057241
0.007270
0.000000
1.644349
0.000000
0.164096
0.000000
0.000000
0.096784
0.000000
0.000000
0.302149
0.000000
0.061734
0.007138
0.000000
0.005304
0.000000
0.408024
0.000000
0.206884
0.875993
0.089114
0.000211
0.000003
0.059896
0.000000
0.000001
0.125016
0.256565
0.000000
0.015813
0.180989
0.854392
0.000000
0.000000
0.000000
0.000000
0.000000
1.013828
0.703725
0.391325
0.000024
0.000000
0.937956
0.000000
2.223340
0.000000
0.000000
0.805467
0.155856
0.000117
1.112999
0.000380
0.000000
0.050469
0.000000
0.000000
0.542025
0.005592
0.943842
0.000000
0.000167
0.000000
0.920388
0.016496
1.113752
0.000010
0.000000
0.000000
0.000000
0.000108
1.163786
1.240540
0.021642
0.000000
0.000000
2.700533
0.619282
1.673303
0.413428
0.000000
0.698280
1.113020
0.000000
1.034345
1.305061
0.000000
0.000000
0.000000
0.276655
0.000000
0.000000
0.000000
1.276690
0.000000
0.000000
0.000000
0.000000
0.000000
0.000731
0.696875
0.000000
0.370535
0.078578
0.000000
0.330476
0.463653
0.000000
0.000000
0.002103
0.150612
0.000000
0.000110
0.000000
110.935332
0.015601
0.000000
0.106672
0.000000
0.000039
0.000000
1.554481
0.483646
0.000000
0.000000
0.244821
0.000008
0.000015
0.557657
1.118651
0.847681
0.486936
2.669278
0.844409
0.000000
0.000690
0.000000
0.103381
0.002214
0.000000
0.000000
0.000000
0.000000
0.000003
1.844997
0.139888
0.000014
0.000006
0.092063
0.750629
0.000000
0.000000
0.000238
0.333338
0.450508
0.000000
0.000386
0.000000
0.000000
0.000000
0.000000
0.000000
1.197912
0.000000
0.000000
0.000000
0.497001
0.000000
0.000000
0.000003
0.000000
0.000001
0.000000
0.005102
1.033033
0.000000
0.387174
0.000000
0.000000
0.000856
0.000024
0.831932
0.000000
0.000000
0.000170
0.312085
0.000112
1.053008
0.000000
1.125168
0.000000
0.000000
0.000000
0.019350
0.000000
1.126609
1.137449
11.987644
0.003347
0.661497
0.236437
0.000000
0.000024
0.000000
0.093242
2.018404
0.517911
0.017979
0.000000
0.009035
0.000000
0.264134
0.000000
0.000000
0.000000
0.000000
0.000000
0.000000
0.000312
0.000000
0.000000
0.774450
0.000000
0.000000
0.000000
0.169249
0.358356
0.879456
0.000000
0.011751
0.000657
0.000000
0.198310
0.033297
1.000000
0.000000
0.234661
0.000000
0.000000
0.000000
0.000000
0.000000
0.018265
1.569863
0.357467
0.000000
0.885407
0.246257
0.106429
0.000000
0.000000
0.000000
0.000000
0.000000
0.000000
0.037090
0.000000
0.094727
0.000005
1.065445
0.000000
0.018555
0.391497
0.106409
0.000000
0.000000
0.000000
1.793553
0.000000
0.000000
0.032775
0.000000
0.000000
0.000000
0.000000
0.465254
0.857439
0.000365
0.000000
0.000000
0.000000
0.000000
0.000000
0.007558
0.108641
0.000000
0.252529
0.000001
0.942391
0.000186
0.000000
0.000000
0.000000
0.043259
0.000000
0.000000
0.913341
0.129039
0.000000
0.005620
0.000000
0.000000
0.929301
0.464582
0.675826
0.000000
0.000000
0.000000
0.000092
0.005462
0.000780
0.303242
0.000000
0.453673
0.000000
0.209298
0.000021
0.000000
0.000000
0.000000
1.580252
0.295146
0.000000
2.170316
0.980285
0.000000
0.000000
0.179930
0.000000
0.000000
1.049788
0.000000
0.954060
0.000000
0.000000
0.000000
0.000134
0.000000
0.000000
0.000000
0.000000
0.000000
0.000000
0.000000
0.002864
0.000000
0.000298
0.563641
0.000000
0.000000
0.000000
1.015385
0.000000
0.479204
0.199715
0.000000
0.073596
0.237547
0.000000
0.000002
0.000000
0.431087
0.181889
0.000000
0.004560
0.003713
0.000095
0.234925
0.000000
0.633560
0.000000
1.987346
0.000081
0.435968
0.000000
0.739201
0.311094
0.000000
0.374005
0.000019
0.910894
0.000000
0.000000
2.380637
0.461635
0.735697
0.981325
0.000000
0.000000
0.205147
1.055259
0.000000
1.478681
0.016775
0.000000
0.000000
0.000016
0.000000
0.007103
0.000000
0.039641
0.000378
0.007932
0.000000
0.917360
0.000000
0.000000
0.000000
0.000000
0.511062
0.000090
0.650140
0.000000
0.000000
0.000000
0.000000
1.763478
0.000209
0.000000
0.000000
0.064424
0.000000
0.000001
0.943064
0.000000
0.000000
0.000000
0.000673
0.000000
0.000000
0.034671
0.805575
0.139739
0.638373
0.699255
0.540062
0.000000
0.000000
0.416166
0.000000
0.278218
1.124153
0.000000
1.030087
0.057527
0.196538
0.752973
0.000000
0.000000
0.000000
0.017005
0.000000
0.806517
0.035625
0.066490
0.000000
0.000000
0.171095
0.457954
0.000000
0.000136
1.320414
0.503053
0.920442
0.000000
0.001803
0.000000
0.000000
0.585203
0.000000
0.000000
0.000014
1.288283
0.235863
0.647242
0.469836
0.000060
1.230249
0.859189
0.000000
0.000000
0.000136
1.064322
0.002118
0.915501
0.003146
0.000156
0.019842
0.000000
1.061044
0.000000
0.000000
0.000000
0.000000
0.000000
0.074242
0.661961
0.035366
0.000000
0.970344
0.000056
0.368864
0.000033
0.094267
0.247486
0.000000
0.000000
0.000000
0.489529
7.330940
0.001077
0.748211
0.000000
0.000000
1.174947
1.031427
0.000140
0.806195
0.000000
0.639934
0.000539
0.000000
0.000000
0.000000
1.060120
0.497621
0.082450
1.418118
1.025528
0.000000
0.103424
0.000912
0.120797
0.426911
0.188198
0.228488
0.000149
0.000000
0.104966
0.000000
0.000000
0.000000
0.000085
0.053554
0.000000
0.000047
0.000000
0.000000
0.000000
1.014422
0.869896
0.000000
0.000000
0.000000
0.241410
0.000000
0.777823
0.000000
0.355857
2.294526
0.000000
0.577138
0.000000
0.000000
221.894690
0.000000
0.429037
0.000000
0.000000
0.089877
0.000000
0.000007
4.432306
0.009230
0.000000
1.900686
0.000000
0.000000
0.000000
0.000000
0.000000
0.000000
0.000000
0.031009
0.875622
0.997860
0.096065
1.149191
0.002730
0.000042
0.000012
1.033977
0.000000
0.000117
0.941579
0.025308
1.382229
0.000000
0.225757
0.000000
0.000000
0.000000
1.077059
0.004171
0.000000
0.050438
0.000000
0.000000
1.717973
0.000000
0.017954
2.121261
0.000000
2.073837
0.074005
0.000000
0.259979
0.000443
0.160668
0.000000
0.000000
0.634305
0.389049
0.000000
0.147183
0.031787
0.000000
0.035757
0.000000
0.000000
0.000971
0.000000
1.310800
0.012610
0.000015
0.000018
0.000000
0.000000
0.892481
1.064328
0.000000
0.000000
0.000000
0.860445
0.000000
0.000000
0.000000
0.000000
1.236110
0.000000
0.001237
0.000000
1.000000
0.000000
0.764441
0.254856
0.000000
0.000000
0.000725
0.000000
0.055095
0.000082
0.343438
0.000000
0.000004
0.000000
0.539403
0.000000
0.496717
1.397152
0.000000
0.001335
0.410273
0.000046
0.721950
1.791552
0.000000
0.347685
0.000690
0.000000
0.000000
0.195462
0.000000
0.157371
0.000000
0.000000
0.000000
0.000000
0.013647
0.000000
0.442089
0.000000
0.000013
0.000000
0.000000
0.336114
0.000000
0.925689
0.000000
0.000000
0.000001
0.000000
1.000001
0.006964
0.000000
0.000000
0.000000
0.030917
0.993084
0.009422
0.000000
1.712637
0.000000
1.315834
0.000000
0.236524
0.000550
0.440830
1.197349
2.273900
0.391710
1.568747
0.622862
0.000000
1.095426
0.000125
0.000000
0.000000
1.020365
0.000202
0.000000
1.755465
0.123877
0.000000
0.000000
1.015295
0.000000
0.000000
0.900025
0.000000
0.000008
0.000000
0.000000
0.909947
0.000000
0.000000
0.000000
0.000000
0.000000
0.177032
0.690098
0.000000
0.857816
0.000000
0.000000
0.000000
1.009240
0.002275
0.035350
0.320365
0.000036
0.000000
0.000000
0.201422
0.131870
0.049713
0.395641
0.000331
0.000055
0.000000
0.297267
0.554142
0.000044
0.000000
0.014370
0.878712
1.649759
0.000450
0.882060
0.000000
0.693557
0.348440
0.010027
0.000000
0.000000
1.023873
0.044504
0.227415
0.735938
0.000000
0.000000
2.261834
0.000000
0.000000
5.131369
0.795970
1.338750
0.437641
0.000000
0.149530
0.225775
0.000146
0.003463
0.934691
1.336356
0.000000
0.000000
0.941738
0.789261
0.141956
0.175485
1.021092
0.000000
0.000000
1.950220
0.000106
0.003110
1.562345
0.405887
0.000000
0.000002
0.000000
0.000000
1.444027
0.228645
0.169513
0.977444
0.423377
0.000000
0.000297
0.000000
0.000002
3.183705
0.000000
0.000000
0.267681
0.734489
0.157843
0.234677
0.000000
0.000301
0.499328
1.019452
0.224381
0.000009
0.000000
0.000000
0.000000
0.000000
0.000000
0.000000
0.000000
0.000000
0.000000
0.388588
0.000000
0.000000
0.003635
0.000000
0.000000
0.440416
0.116901
0.000000
0.000000
0.000001
0.133634
1.734054
1.356362
0.012036
0.534274
1.000002
0.807587
0.000000
0.000000
0.494054
0.000000
0.523362
1.169772
0.000000
0.000000
9.127787
0.002024
0.000000
0.000000
0.050696
0.000000
0.000000
0.000000
0.983597
0.000000
0.000000
0.094897
0.174304
0.539169
4.926040
0.000000
0.023067
0.000001
0.690617
0.077701
0.000000
0.851462
0.111384
0.000000
0.011797
1.669510
0.067968
0.000000
0.000000
0.113780
0.101810
0.000007
0.000013
0.000000
0.370008
0.173769
0.000000
0.096043
1.539080
0.000000
0.000000
0.164853
1.264317
0.288850
0.000000
0.296975
1.422849
3.141537
0.000000
0.000000
0.682822
0.443500
0.003620
0.000000
0.000000
0.000008
1.255819
0.000000
0.083181
0.000000
0.000000
0.000000
0.000000
0.000000
0.417074
0.844945
0.000000
0.000000
0.020062
0.016318
0.328871
0.000002
0.000516
0.000000
0.000000
0.000000
0.455228
0.000000
0.000000
0.476963
0.000000
0.901768
0.000000
1.730390
0.000000
0.009870
0.432290
0.018696
0.000057
0.000000
0.000000
0.000000
0.051235
0.000000
1.369332
0.270695
0.003976
0.007400
0.728197
0.000000
0.631643
1.081829
0.001574
0.552395
0.887650
0.000000
0.230785
1.137145
0.000242
0.000000
0.000000
0.340976
0.000000
0.396245
0.001919
0.000445
1.112445
0.001928
0.000000
0.000000
0.007194
1.000001
0.000000
0.000000
0.000000
0.000000
0.596958
0.751466
0.000000
1.112196
0.000366
1.136697
0.000000
0.000000
0.000000
0.441568
0.000000
0.146824
0.000002
0.000000
0.187101
0.006591
0.450454
0.967706
0.000000
0.000001
0.000000
0.000000
0.876831
0.000000
0.000002
0.000000
0.000000
0.000000
0.000000
0.000000
0.000000
0.996485
1.072345
0.005734
0.284164
0.000000
0.206205
0.000000
0.003317
1.036932
0.000000
1.012570
0.000005
0.001209
0.004771
0.000000
1.387811
0.000000
0.404223
0.000000
0.000012
0.778574
1.776647
1.357325
0.006246
0.000000
0.000000
1.024814
0.000002
1.120895
0.242826
0.000115
0.000000
0.682251
0.772098
0.000000
0.052723
0.000087
0.000000
0.267784
0.000000
0.664047
0.000000
0.000000
0.000000
0.000000
0.000000
0.000000
0.003163
0.000867
0.000000
0.232080
0.000000
0.000000
0.000466
0.053947
0.000000
0.000029
0.000020
0.000035
0.809548
0.000000
0.401100
0.000000
0.000004
0.201036
1.114475
0.000000
0.938353
0.000000
0.126649
0.000000
0.000000
1.746833
0.099284
0.510269
0.912039
0.001744
0.000000
0.392076
0.841723
0.071803
0.603871
0.703250
0.001231
0.819822
0.002793
0.239694
0.507167
0.419962
0.819974
0.000000
0.009472
0.000000
0.000000
0.000000
0.000001
0.000000
0.242009
0.123285
0.266745
0.000000
0.668909
0.100259
0.001322
0.485971
0.000584
0.194652
0.000000
1.475928
0.075471
0.343513
0.007359
0.000000
0.000000
0.000000
0.004107
0.488343
0.000000
0.000000
0.000000
0.444455
0.020013
0.039475
0.000000
0.000000
0.000000
0.012239
1.045701
0.000000
0.000000
0.021007
0.000014
0.000000
0.995689
0.000000
0.130786
0.768353
0.000000
0.187391
0.144687
0.000440
0.635410
0.321257
0.000000
0.132625
0.000039
0.000000
0.923328
0.000000
0.017942
0.000000
0.072791
0.000000
0.000000
0.000072
0.000000
0.000000
0.312661
0.074993
0.000000
0.000075
0.000000
0.000000
0.206020
0.003605
0.000000
0.358776
0.745015
0.000000
0.408978
0.071560
0.138041
0.113109
0.000000
0.000000
0.199563
0.000000
0.000054
0.000000
0.000000
0.446805
0.000000
0.006500
0.000000
0.247697
0.023988
0.002434
3.602922
0.000000
1.285401
0.000000
0.628261
1.446701
0.361024
0.000000
0.000000
0.028625
0.089453
0.003670
0.266357
0.455670
0.251450
0.000000
0.936227
0.000000
2.629169
0.000000
0.000000
0.000000
0.999999
0.000000
0.000000
1.083491
0.025476
3.184375
0.928405
0.000000
0.000000
0.000000
0.000010
0.000000
0.000000
0.182767
0.000000
0.000000
0.000000
0.008337
0.028187
0.024862
0.000000
0.000000
0.000000
1.234213
0.000000
0.000000
0.000000
0.000000
0.467748
0.740853
0.068124
0.000000
0.000000
0.000000
0.000000
0.000000
0.824011
0.000000
0.000000
0.000000
0.387487
0.035947
0.000000
0.000000
0.188118
0.000000
0.394806
0.007058
0.000000
0.060182
0.000000
0.773661
0.000047
0.000000
0.215879
0.000003
0.000000
1.127738
0.010176
1.800226
0.000000
0.027338
0.000000
0.038128
0.005670
1.821836
0.805989
0.042106
0.000000
0.048387
0.439084
0.944248
0.000000
0.899064
0.000000
0.005980
0.055382
0.001294
0.000000
0.033167
0.965470
0.000589
0.024352
0.121231
2.930586
0.002480
0.000023
0.000000
0.035291
0.000656
0.000000
0.419056
0.005080
0.142947
0.000000
0.000000
0.000000
0.000000
0.268141
2.581624
0.003880
0.041728
0.000000
0.459242
0.000000
0.210438
0.000000
0.000417
0.000000
0.409513
0.036112
0.335532
0.001583
0.000000
0.000005
0.000000
0.395892
1.028952
0.004836
0.000000
0.138728
1.086315
0.000000
0.000000
0.033118
0.297095
0.000000
0.662720
0.695545
0.001353
1.081866
2.301188
0.000013
0.012274
0.000000
0.057478
0.367138
0.000000
0.081447
0.840017
0.000015
0.107875
0.017170
0.552795
0.000000
1.564759
0.000000
0.000055
0.000000
0.000000
0.000000
1.877937
0.000000
0.180216
0.000000
0.000044
1.138307
0.151079
0.615098
1.162550
0.338196
0.000000
0.002427
0.060250
0.394501
0.875082
0.592557
0.000000
0.000000
0.428290
0.085316
0.000000
0.760377
1.302256
0.000000
0.564689
0.000000
0.000000
0.536138
0.002938
0.000000
0.000989
0.266063
0.000000
0.242808
0.065671
1.000000
1.528571
0.033586
0.000000
0.000000
1.369345
0.000000
0.059784
0.000205
0.171648
0.208704
0.000000
0.000000
0.005511
1.617606
0.000008
0.629424
0.000000
0.000000
0.927988
0.000000
0.000000
1.658527
0.651193
0.490451
0.014270
0.194587
0.000000
0.000013
0.000000
0.000000
1.009526
0.000000
0.122144
0.000000
0.069732
0.000000
0.000000
0.000000
0.000000
0.070302
1.644226
0.000016
0.734745
0.000000
0.939695
0.712970
0.559996
0.638072
0.000871
8.089947
0.000020
0.000000
0.023974
0.000027
0.000000
0.000174
0.000000
0.000000
0.882035
0.000000
0.102574
0.998062
0.090707
0.079469
0.000272
0.000000
2.219972
0.000000
0.000000
0.000146
0.604456
0.000059
0.000000
1.617305
0.999010
0.484568
0.348156
0.009838
0.475764
0.000019
0.000001
0.000000
0.000015
0.127541
1.820366
0.000000
0.000000
1.582212
0.838416
0.503943
0.202038
0.086343
0.008487
0.000000
0.014194
0.000000
3.929858
0.000000
0.056258
0.000000
0.000018
0.345779
0.182024
0.407427
0.000005
0.000344
0.650487
0.067105
0.000000
0.634791
0.000000
0.903487
0.000001
1.000000
0.000000
0.701608
0.000000
0.000000
0.000000
0.000000
0.000000
0.000000
0.015205
0.000000
0.000000
0.000000
0.000000
0.000000
2.657086
0.001948
0.992869
0.000000
0.000000
1.137611
0.000000
0.088706
0.000000
0.716524
0.000000
0.075956
0.518313
0.011610
0.046432
0.004789
0.000000
0.889354
0.308891
0.000000
0.000000
0.000000
0.000000
0.000000
0.000000
0.000000
0.000000
0.000578
3.647349
1.131103
0.062263
0.001747
0.000000
0.019523
0.000000
0.014198
0.033643
0.000003
1.000000
0.000000
4.759394
0.000000
0.000196
0.209560
0.000000
0.307999
0.009595
3.752996
0.285453
0.000000
0.008754
0.000307
0.002737
0.018714
0.000000
0.000000
0.000000
0.000234
0.746906
0.018951
0.095380
0.000001
0.711098
2.429448
0.822835
0.064058
0.000000
0.127959
0.000000
0.002325
0.059452
0.181541
0.045868
0.766173
0.000062
0.000018
0.038895
0.000000
0.000012
0.000000
0.278168
0.000674
0.000008
0.000000
1.691573
0.012196
0.000000
0.000000
0.584016
0.000000
0.210241
0.027195
0.018030
0.063649
0.000000
0.775945
0.000000
0.001233
0.005082
0.000000
0.145622
0.389068
0.000000
0.000061
0.000000
0.000000
0.270471
0.000000
0.157622
0.750690
0.905269
0.000641
0.389204
0.040585
0.331355
0.000000
1.169423
0.220774
0.000000
0.000000
0.000000
0.964652
0.985838
0.000000
0.000001
0.000000
0.672977
2.737183
0.008141
0.000000
1.237741
0.529667
0.000000
0.000000
1.072168
0.000243
0.000000
0.023569
0.000000
0.000000
0.000000
0.007952
0.000001
0.081561
0.000000
0.018868
0.000000
0.384517
0.886067
0.920592
0.000000
0.004291
3.299626
0.000000
0.868714
0.696023
0.011809
3.221386
0.000000
0.159238
0.394631
0.000000
0.000000
0.101573
0.000009
0.000000
0.000000
0.002766
0.072092
0.000000
0.000110
0.266152
0.000296
0.000000
0.936450
0.002046
0.001040
0.002823
0.026210
0.007188
0.000000
0.000249
0.000080
0.000000
0.956135
2.796734
0.000081
0.000000
0.000027
1.176183
0.000000
0.406948
0.000000
0.369827
0.000001
0.000000
0.174425
0.005898
0.000588
0.000000
0.063241
0.696213
0.372172
0.000000
0.000129
0.000000
0.000000
1.019208
0.679162
0.000031
0.000000
1.520872
2.251509
0.495776
0.414872
0.197845
0.000000
0.000000
0.000000
0.725990
0.739177
0.000000
0.955917
0.000000
0.063578
0.000000
0.000000
0.042922
0.200441
0.000000
1.014963
0.000000
0.166147
0.789189
0.032528
0.356254
0.572805
0.000423
0.618027
0.000000
0.315224
0.000000
0.336054
0.000000
0.000000
0.313761
0.000000
0.000000
0.000000
0.039296
0.060457
0.000000
0.000000
0.000000
2.077019
0.000000
0.005749
0.000039
0.001267
0.000521
0.000000
1.231006
0.000135
0.590666
0.000000
0.065250
0.108604
10.682826
0.009299
0.000926
0.000000
0.000000
1.298483
1.520368
0.000000
0.130132
0.000000
0.000000
0.000000
0.615256
0.000050
0.052342
0.424920
1.316497
0.000000
0.000006
0.002001
0.824219
0.000000
0.796670
0.000000
0.005033
1.268891
0.000000
0.075992
0.042078
1.116904
0.000000
0.000000
0.000042
0.412367
0.000000
0.034622
0.000000
0.000000
0.152564
0.000000
0.696637
0.000157
0.000000
0.020816
0.000000
5.147635
0.000000
0.000000
0.055493
0.712891
0.133697
0.000000
0.000000
1.678046
0.000000
0.000000
0.000014
0.168271
0.000000
0.654733
0.017248
0.000000
0.000000
0.273591
1.400708
0.000000
0.000009
0.060187
0.000000
0.000000
1.097492
0.000000
1.000000
0.000000
0.000000
0.000000
0.000000
0.000000
0.000000
0.109377
0.000000
0.000000
0.000438
0.000000
0.001499
0.777871
0.000000
0.985812
0.000000
0.000000
0.019885
0.000000
0.015906
0.346270
0.000000
0.926616
0.711420
0.000000
0.521478
0.000000
1.690020
0.867284
0.000000
5.780606
0.000000
0.000000
0.000000
0.000000
0.000000
0.000000
0.000000
0.009144
0.000000
0.002863
0.011712
0.000000
0.007929
0.240212
0.000000
0.000000
0.442515
0.041391
0.248715
0.000000
0.000000
0.000003
0.000002
0.000023
0.573863
0.000000
0.897323
0.008686
1.041017
0.004220
0.563484
0.036393
0.081111
0.000000
0.904631
0.000000
0.000000
0.621225
0.125440
0.001745
0.000000
0.776271
0.006451
1.001084
0.662720
0.000000
0.000000
0.492353
0.099407
1.128453
0.002086
0.000000
0.000000
0.033060
0.000000
0.006306
0.000000
0.010659
0.095698
0.000000
0.000000
0.000000
0.380319
1.389635
1.481662
0.000000
1.864250
0.000007
0.004823
0.001990
0.000000
0.000000
0.000000
10.707836
0.000003
0.000000
0.000000
4.092143
0.041195
0.000017
0.715902
1.018687
0.000397
0.029790
0.000000
0.051626
0.000000
0.046963
0.225389
0.122935
1.870572
0.000000
0.966598
0.000000
0.000000
0.306941
0.000000
0.084739
0.000140
0.000000
0.585980
0.000597
0.005653
0.080267
0.000000
0.000000
0.225678
0.000156
0.000000
0.000000
0.000000
0.205735
0.027831
0.000000
0.000269
1.663354
0.307533
0.000000
0.001052
0.000000
0.484519
0.000000
0.000000
0.005218
0.000000
0.000525
1.890125
0.120348
0.000151
0.219706
0.000005
0.000055
0.000000
0.000000
4.240015
1.873941
0.000000
0.013601
0.000000
0.000000
0.186702
0.000704
0.044758
0.233097
0.112418
0.000117
0.000006
0.000000
0.000000
1.009402
0.319331
0.764480
0.000000
0.159940
0.000000
0.000002
1.491504
0.000000
0.016899
0.018104
0.000000
0.013668
0.000000
0.824960
0.000254
4.339449
4.254720
6.543125
0.480624
0.308529
0.661469
0.293201
0.000000
0.009115
0.091860
0.000000
0.012283
25.046140
1.400484
0.000000
0.000000
0.804440
0.000000
0.032362
0.000000
0.087057
0.000000
2.278171
0.722987
0.569476
5.480814
0.002514
0.000008
0.000131
0.299339
0.000183
0.000000
0.000000
0.001744
0.088595
0.333437
0.505928
1.554043
0.000000
0.000000
0.171652
0.145486
1.158020
0.081210
1.070313
0.019486
0.000000
0.004083
0.151896
0.000002
0.083637
0.000000
0.000000
0.985160
0.000000
0.000003
0.573640
0.000000
0.188772
0.707274
0.000260
0.000000
0.000000
1.346032
0.628676
0.689621
0.080741
0.000128
0.001329
0.000000
0.000000
0.000901
0.009426
0.561522
0.000000
0.000004
0.801350
0.011886
1.602416
0.000000
0.026401
0.000004
0.033098
1.208677
0.000000
0.019777
0.066231
0.735010
0.322488
0.000000
0.005194
0.021850
0.000000
0.028795
0.000000
0.000000
0.361803
0.000000
0.000000
0.255523
0.784623
0.012310
0.000000
0.064120
0.738646
1.013378
0.000000
0.020443
0.000000
0.000000
0.468808
0.000000
1.594306
1.051497
0.039832
0.227219
2.057510
0.682605
0.001458
0.000000
0.561466
0.000000
0.000000
0.000000
0.022626
0.036598
0.000000
0.003197
0.997879
0.419235
0.000000
0.013933
0.000000
0.777550
0.285749
0.403862
0.000001
0.000000
0.012156
0.011672
1.476064
0.000367
0.004252
0.000006
0.000000
0.397979
0.000000
0.000000
0.000000
0.264027
5.284757
0.463722
0.555386
0.552513
0.745562
4.178760
0.000000
0.422655
0.000000
0.273306
0.000001
0.000000
0.000000
0.641104
0.017437
0.000000
0.057157
1.261848
0.000000
0.077244
0.000000
0.009957
0.167548
0.000000
0.202407
0.082200
0.000000
0.000327
0.000000
0.475896
0.117305
0.000000
0.003096
0.000000
0.000006
0.000000
0.000000
0.007064
0.000000
0.077793
0.000000
0.670259
0.000000
0.000000
0.090689
0.004313
0.000000
0.000000
0.000000
0.000000
0.274490
0.000000
1.803768
0.000000
0.032525
0.000000
0.000000
0.000000
0.179742
0.008184
0.000000
0.781302
1.180823
0.018089
0.090254
0.000000
0.000004
0.000000
3.501729
0.000000
0.000000
0.146811
3.526224
1.016144
0.000000
0.000000
0.000781
0.040962
0.000000
0.037723
0.974440
0.042428
0.000000
0.288375
0.000000
0.000000
0.086056
0.153668
0.106123
0.003523
0.000000
0.000000
0.000000
0.056062
0.000000
0.000000
0.094013
0.000000
0.215506
1.605976
0.000000
0.395681
0.066997
0.023491
0.000000
0.000044
0.065296
0.000000
0.000000
0.025617
4.135584
0.033404
0.000000
0.000000
0.000000
0.000000
0.000000
0.000000
0.000000
0.171556
0.100079
0.000001
0.730835
0.000000
0.000000
0.006688
0.342712
0.484149
0.000000
0.900737
0.000000
0.000000
0.000000
0.235194
0.000313
0.000036
0.000000
0.000000
0.000000
0.524617
0.042137
0.215536
0.083273
0.000000
0.739728
0.129767
0.269085
0.000001
0.000000
0.000059
0.243032
0.003940
0.000000
0.004256
0.000000
0.000000
0.000000
0.000000
0.153462
0.000006
0.000000
0.001257
0.000000
0.231593
0.010157
0.000749
0.003397
0.393929
0.021987
0.000037
0.000000
0.000000
0.031364
1.218395
0.000000
0.000000
0.000188
0.041613
0.006739
0.000012
0.000000
0.041768
0.000000
0.000000
0.001698
0.000000
0.469272
0.000089
0.000000
0.000000
0.005697
0.000000
0.000000
0.019404
0.052360
0.000000
0.000226
4.726566
0.000000
0.000000
1.047755
0.000336
0.010549
0.000685
0.613455
0.001104
0.000042
0.000000
2.044911
0.000000
1.109613
0.000000
0.000000
0.296858
0.000000
0.000000
0.002082
0.000000
0.408778
0.000006
0.000000
0.293033
0.000000
0.000547
0.000000
0.000000
1.009292
2.856045
0.986066
0.000021
0.000378
0.000000
0.335108
0.190813
5.658396
0.001249
0.000000
0.011927
0.000000
0.000000
0.000021
0.233564
0.116559
0.000000
0.000020
0.000112
0.001966
0.006387
0.001039
0.000000
0.681679
0.000000
0.582561
0.000000
7.651005
0.000000
0.000001
2.932853
0.000000
0.000000
0.000000
0.000000
0.000000
0.000000
0.000448
0.491792
0.000000
0.039546
0.012957
0.056335
0.337882
0.000023
0.009708
0.000000
0.069249
0.606627
0.000016
1.437712
0.000000
0.007351
0.000000
0.127806
0.582054
1.378722
0.000000
0.833553
0.002093
0.000000
0.000014
0.000000
1.896232
0.000000
0.000080
0.357993
0.001078
0.000000
0.389993
0.000000
0.000000
0.576823
0.000000
0.000000
0.000000
0.000000
0.000000
0.000000
0.396117
0.000000
0.542335
0.000000
0.000082
0.000492
0.000004
0.017690
1.248072
0.000000
0.000000
0.000000
0.227250
0.009945
0.152661
0.001492
0.000000
0.000002
0.005765
1.018576
0.971583
0.011584
0.000000
0.000000
0.000000
15.985432
0.021385
0.000001
0.000000
0.000015
0.000000
0.832914
0.041485
0.000109
0.000033
0.000000
0.003527
0.000000
0.000113
0.004364
0.000000
0.000000
0.000000
0.054476
0.000002
0.000000
0.000000
0.011749
0.000227
0.119288
0.145421
0.000000
0.000000
0.000000
0.000000
0.000000
0.000002
0.000000
0.000000
0.001348
0.000000
0.000243
0.261026
0.499668
0.010868
0.000000
0.000000
0.000000
0.076865
0.000000
0.035023
0.000136
0.014189
0.964675
0.000078
0.000000
0.000647
0.000005
0.000000
0.005131
0.000000
0.000000
0.000000
0.000000
0.192179
0.005092
0.001325
0.704027
0.000000
0.000000
0.592107
0.000000
0.000040
0.000004
0.000000
0.056037
3.927807
0.000098
0.000000
0.000000
0.000000
1.979542
0.000000
0.203161
0.000010
0.404420
0.002621
0.065225
0.000000
0.000509
0.000000
0.000082
0.000000
0.000000
0.000106
0.227462
0.000000
0.000000
0.000000
0.000923
0.000215
0.000000
0.000000
0.011332
0.002933
0.027329
0.484663
0.129378
0.053255
0.000000
0.119734
0.000003
0.453243
0.000000
0.000056
0.735861
0.000001
0.000000
0.901714
0.000000
0.033348
0.000218
0.000003
0.000000
0.655944
0.989229
0.000000
0.000009
0.651419
0.000000
0.000000
0.020678
0.000000
0.001821
0.204505
0.104984
0.000000
0.000000
0.011050
0.092340
0.000000
0.006841
14.435690
0.000565
0.000000
0.000005
0.004341
0.000000
0.002732
0.000000
0.014088
0.086732
0.000000
0.001444
0.001259
0.000002
0.000000
0.000000
0.000421
0.000878
0.350055
0.000000
0.027022
0.000002
0.000000
0.005178
