-0.062394
-0.332009
-0.045268
0.195727
-0.072586
-0.074512
0.021951
-0.000668
-0.058626
-1.710948
0.201385
-0.014739
0.572596
0.118142
-0.059374
-4.675299
-0.001008
-0.221239
0.534091
-0.060957
-0.063780
-0.438645
24.167115
-111.362127
0.014431
-0.011260
1.355035
-1.120387
0.020767
0.639998
0.739592
-0.170369
1.003861
-1.298142
-0.051713
-7.893934
-0.186702
-0.007999
-0.158783
0.652713
-0.040448
-0.610985
0.023648
-0.001907
-0.100443
-0.006813
-0.880280
-0.007697
0.208625
1.421490
-0.223852
2.526172
0.160144
-0.586694
-0.418803
-0.007145
0.489001
-0.011071
0.012415
-0.364703
33.210077
-0.026697
-0.126909
-2.168419
-1.116006
0.025850
-0.058232
0.652614
0.173379
0.189354
-0.038289
1.835566
-0.821421
0.006494
0.414935
-0.201685
-0.300485
0.019213
-0.101697
0.081096
-0.000900
0.039893
0.327673
-0.349237
0.021755
-0.001463
1.332528
2.990683
-0.593599
1.381568
0.023461
-0.026781
39.149213
0.017726
-0.009083
26.689206
0.414818
-0.541723
-0.042872
0.605415
-0.032525
-0.354558
-0.209501
1.056394
0.679164
1.096246
-0.244807
-0.311387
-0.798384
-0.109482
-1.125341
5.583007
1.669597
0.499490
-0.554629
-0.264924
0.029914
-1.312945
-1.677025
-0.443880
-0.008607
0.087383
-0.093635
-0.105787
-1.521935
-0.849357
-0.902469
1.803391
1.284034
1.441551
-0.228722
-0.362921
0.040872
0.251360
1.653795
0.015373
0.099770
1.212148
2.008732
1.732799
0.807033
-0.281886
0.980103
1.283953
0.552900
2.166209
-3.092160
0.488478
-0.966188
-1.134115
-0.534191
0.867636
2.447991
0.110452
0.109700
-0.009298
-0.221390
-0.194128
-0.108708
0.015035
-0.935945
0.603442
0.049197
-0.015143
1.168011
2.107372
0.293981
0.841977
-0.049335
0.840424
0.632177
-0.553838
1.805957
0.485928
-0.017187
-0.035515
-0.109169
1.826468
0.640886
2.343917
-0.044227
-0.001292
0.123151
-0.301995
0.646122
-0.396248
-0.110251
-0.954948
-1.142310
-1.041886
-2.471102
-0.784914
-0.666168
3.836523
0.043630
0.226472
-0.324645
1.978624
0.048041
-0.000647
-0.272189
1.170590
-0.099958
1.151893
0.047468
1.683240
0.003464
-0.414495
0.731595
12.062608
0.459185
1.354926
1.492024
0.750421
-0.195904
0.080218
-0.962301
1.516174
1.589147
0.036583
1.731580
1.492945
0.412318
0.064433
0.180455
-0.178789
-0.759860
0.097627
1.218157
-1.554867
4.528756
-4.777357
-0.036588
-0.585366
1.222857
0.025507
-0.187738
1.089552
-0.928591
1.261878
2.045624
0.376218
-0.233452
1.431555
0.502523
-0.001029
0.315566
-2.602054
0.266519
0.366298
-2.314323
0.007388
0.006631
1.676408
-0.553653
-2.597819
106.401071
0.640876
-0.744004
0.735363
0.327143
-3.218285
0.169025
0.871550
-2.529699
-2.379976
2.998959
-0.001046
-2.287115
0.510691
-0.228507
-0.669047
0.930244
4.642730
0.063994
-2.972150
0.736234
0.783452
-0.463423
1.304359
-1.995774
0.078561
-0.422242
0.854635
-0.000879
1.436257
-0.190869
0.081003
1.502500
0.431217
7.103625
-0.078677
0.431267
1.070824
-1.402433
-2.011995
1.107054
-0.282407
0.299075
-0.675907
0.228797
0.030449
1.983658
-1.171850
0.049759
0.494540
1.502171
0.004882
-0.318046
-2.675279
-0.489804
-0.701572
-0.082850
0.544352
-1.209478
-3.903560
-0.004941
0.323214
-2.264704
8.674889
0.487962
0.063179
-0.291524
1.818505
-2.057140
1.201819
0.292395
0.967691
0.003153
-0.055852
-2.558091
-0.330556
0.238400
0.329098
0.000640
-1.194283
-0.290021
-0.508305
1.262381
-0.057934
0.066555
3.117744
-0.309495
-0.815906
-0.106067
0.001566
0.021359
-0.090500
0.020590
-0.034212
3.063823
0.828598
0.897762
-8.383393
-0.385437
-0.014376
-0.256594
0.065111
0.072524
-0.821062
-0.735882
0.012047
0.640123
0.765661
0.132965
-1.213474
0.057095
1.641476
0.009578
0.579480
0.896943
0.108528
-2.212660
0.219710
0.022488
-0.356294
-0.029988
0.001011
-2.940946
-4.489803
0.284138
-0.018370
0.613836
-0.437021
1.875714
0.072854
-0.644478
2.820815
0.165459
2.960175
3.206964
-3.204746
-3.484408
-0.189098
1.199624
1.049368
-0.214656
1.017986
2.342420
1.290967
1.179282
1.674521
-0.119306
0.014774
0.783414
-0.168318
0.000102
0.760768
1.032379
0.111401
0.410221
0.067806
-0.785638
1.166861
-0.964700
-0.020460
0.471984
0.064338
1.167871
-0.074837
4.264265
0.641234
0.475222
-0.273241
44.264917
1.250184
-1.403540
0.679162
3.350979
0.205596
-0.195832
0.258870
4.972721
0.044272
29.761996
-0.178414
-3.804238
-0.847544
2.114486
1.873421
-0.032122
1.064357
0.384894
1.613412
-0.352572
0.351202
-0.049274
0.380133
0.142526
-0.538108
1.177752
0.853968
0.050006
-2.472339
-1.664280
0.937852
0.001320
1.031523
0.900628
-2.227145
9.165841
0.224546
-1.088283
-0.664431
0.401640
0.111195
3.986733
-2.140715
-0.124219
-0.007005
0.432504
0.162442
-0.934283
-3.291788
0.230122
-0.294551
0.030316
0.882622
0.386649
-4.244608
-0.558277
-0.203911
0.083900
0.347370
-0.206780
0.681637
0.592783
-0.345047
-0.167479
-0.186385
1.873409
0.001369
2.445619
0.443916
1.097971
0.995714
-1.079977
0.151513
0.893932
-0.338190
-0.027418
2.785042
1.048710
1.293114
-0.096026
5.471167
5.403157
1.224835
2.578806
0.250128
0.510102
-0.388455
-2.704565
-0.011271
-1.386182
0.203025
-0.040325
-0.085515
3.632461
0.210030
-4.437636
-2.379979
0.305359
0.333475
0.144445
-1.115227
-0.648910
0.368561
0.307498
0.119008
-2.313072
-0.682939
3.084228
-0.065649
0.016096
-2.289343
0.023176
-0.036948
1.621000
0.125993
-2.334091
-0.340288
-8.321218
-0.708873
-0.188099
-0.390654
-0.982676
1.996339
0.310460
-0.073155
0.008814
0.047982
0.292409
0.106217
-0.055147
4.620222
-0.030609
-0.005073
8.111100
0.012007
-0.132728
-1.390717
-1.144701
-2.412055
1.597833
-0.217228
2.323366
-6.685318
-0.295799
1.511957
-1.678182
3.868637
0.525650
0.450552
1.932133
-0.301160
9.259517
0.056334
0.963900
0.201078
-0.201909
-0.035527
0.656684
-0.003302
8.576330
0.094854
-1.685823
0.600377
3.292097
-0.024712
-0.000927
-0.304891
0.184892
0.357134
-0.258674
-1.560316
-0.061075
-0.052026
1.732126
0.395810
0.022182
0.481161
2.869105
0.785979
-0.880726
0.014144
1.423551
-0.560850
-1.917181
-0.054744
-1.517427
1.452752
3.672909
-0.254097
-0.409797
-0.770381
0.453193
0.803654
-0.249071
2.481481
-0.088488
-0.943110
0.123723
6.906219
-0.674364
-0.894592
0.250926
-0.522914
0.101572
-0.394442
-0.405389
-0.005010
-2.211891
-0.104765
-1.719148
-0.288491
0.001221
-0.075043
0.411791
0.129294
-0.740606
-0.352009
0.571193
-0.254505
-1.691243
30.104219
9.256100
-2.525500
-0.170062
-0.807640
-1.303894
-1.265714
-0.060949
-0.214670
0.019342
8.892420
-0.991953
-0.988711
-0.890934
1.058192
3.054350
-0.464747
0.387769
3.243710
7.575679
0.764079
-1.556273
-1.703199
0.392557
0.736456
2.187713
1.312765
-0.456900
-0.134805
-0.028906
-0.250187
0.043463
-0.009343
2.934377
-0.065096
-0.953480
-1.806898
-0.240792
-0.312120
1.157471
-0.860109
-0.094624
0.459051
0.131845
3.022888
-0.604469
-0.073257
-0.301326
-0.404034
-1.944164
-0.045705
-0.142528
22.446099
3.568922
0.780382
0.026868
2.724349
-0.550823
0.155780
-0.797955
-0.033586
-5.036640
-0.243830
-0.154851
17.213761
-0.307040
1.060749
-0.608508
-0.014345
-0.000530
0.679986
-0.212796
-1.857224
-0.519012
1.088169
-1.511091
1.497664
-0.150923
-1.784548
-1.548924
-0.545933
1.407047
-0.308862
0.164569
-0.068636
-0.137398
-0.335906
-0.784813
-0.021635
-2.745180
1.972641
-0.144303
0.120668
-5.932071
-1.856179
-0.151855
0.161511
-6.334899
0.074385
2.295997
0.606024
-2.049409
-0.265586
-1.750433
0.480979
4.722174
-0.632299
2.596657
0.203924
1.316801
-0.048499
0.112499
1.040666
-0.321484
56.899813
-0.000127
-1.479943
6.287875
-0.397616
0.088403
4.321316
8.823286
4.023831
-0.029551
-0.185420
-0.023129
-0.072072
1.621534
-1.368910
-6.949265
0.026637
0.102117
13.532295
1.631218
0.062908
-0.100248
-0.383157
0.198407
-0.299099
-2.651926
0.060399
0.006397
0.019590
-0.413069
-0.025068
-0.639661
-0.015986
0.237082
-1.381473
0.119840
0.336412
-0.000119
-0.152084
-6.445754
-1.830437
-0.106664
-0.606472
-0.402475
0.014698
-1.857350
-0.088721
-1.968229
-0.004009
-1.869832
0.843765
0.007912
-10.709915
3.467937
0.778115
0.373405
13.581839
-0.018164
-0.549542
-1.227790
-0.488252
0.000841
0.147078
-0.071360
-1.716145
-1.226361
-0.100088
-0.774002
-3.858037
-0.176668
-0.006542
-0.097314
-41.434264
0.391026
-0.915447
10.001946
-1.025463
9.516488
-0.156048
-3.518468
1.078123
0.005117
1.687311
-0.778722
-0.775235
-0.703397
-0.015260
-0.107987
0.046377
-1.800471
-0.258487
-0.295910
1.945766
-0.004034
-0.139164
-15.522338
3.838036
-1.458911
0.016408
-6.016795
-0.315708
-0.607768
0.479172
-0.009105
-0.028923
-0.637061
0.016036
-0.152076
0.356381
-1.246518
-0.339739
-3.644985
0.060791
-1.308866
-0.424061
10.600013
1.905252
-1.999225
-0.021249
5.053333
-3.953072
-3.526177
-0.906718
-0.079758
-1.383261
1.149679
-0.044108
-0.000035
-0.704283
3.062346
0.289331
-0.045891
-0.225687
-1.524789
0.226770
-0.326163
-1.477767
-11.329198
-11.987842
-1.130638
1.265380
-1.076259
-0.151922
-0.032599
-0.393094
-0.001565
-0.192331
-0.079859
-0.017036
-0.516527
-0.057735
-0.476681
7.659115
-0.796192
0.004465
-0.127221
-2.320518
-0.133557
-0.462744
0.182195
0.859057
-0.443646
-7.165763
-0.795623
-0.000379
-0.710825
-10.661938
-0.067625
-1.037759
-0.581473
-0.057371
3.995844
-0.147753
-0.001496
-0.128510
-0.180776
1.600403
2.145278
-0.172776
-18.905174
-0.647546
0.000326
-0.019613
0.007943
1.566750
0.005052
-4.497321
-10.905625
-0.001686
0.000982
-0.352427
0.239965
-0.017878
0.581464
-0.023292
-0.468532
-0.170356
-0.020324
0.036262
-0.134391
-0.097977
-5.877518
0.042594
-0.001657
-1.061578
-65.928871
-1.111247
0.618021
-0.006570
0.205862
-0.783662
-17.763137
-1.504359
-0.438049
0.048041
-1.242772
-4.052536
-0.280201
1.933293
-0.393049
0.189617
-0.394260
-0.017058
-1.255706
-0.045898
-2.241779
-0.351078
0.000252
-0.000075
-0.164497
-0.575300
-0.312723
0.037146
0.093593
-0.405876
-0.773686
-0.001528
0.034270
-0.068858
1.753472
0.371415
-0.659123
0.495350
-0.290172
-0.356583
-0.799607
0.024493
0.016400
-1.164198
0.205434
25.639591
1.929823
-0.551000
-0.205597
-0.167613
1.636171
1.006294
-68.446908
-0.754033
0.053872
0.017500
-0.720412
0.102675
-0.376710
-2.197563
0.425103
-0.046473
0.034677
1.283350
-0.000384
-0.050327
0.009766
0.029193
0.000164
0.012645
0.407271
-0.003845
-0.759558
-23.098752
0.000315
-0.778045
0.000001
0.006033
-0.122008
-0.037736
-0.006075
0.001829
-3.661730
-0.000005
-0.281022
0.222098
0.322383
-0.693118
-3.009878
0.279266
-0.182519
-1.866988
0.318409
0.006264
-2.746127
-0.250825
0.006493
0.007474
0.006247
-1.360293
0.092839
0.075949
-3.072695
-0.006862
2.899626
0.558944
-0.015087
0.007229
-1.899960
-0.000095
0.212475
-1.753711
-0.984343
-0.454564
0.026928
0.115381
1.380812
-0.023288
0.000457
0.711260
-6.317699
-0.001845
-0.563952
-1.023525
-1.986080
-6.269046
4.783713
2.322974
-0.013515
-0.397559
-0.046893
0.001833
-0.011155
-16.780596
-0.010294
-0.018007
0.016094
0.323949
-1.072948
0.021608
-0.000376
0.001434
-0.122848
0.005651
-0.144308
0.004691
-0.108497
0.000143
2.992665
-1.378175
-0.000510
0.318278
-0.013709
0.255403
0.324045
0.019388
0.429016
0.193690
-0.151140
0.620260
-0.000015
0.396176
0.325189
-0.079520
-0.009964
2.081140
0.347272
-1.081495
0.062858
0.036390
-0.448155
-0.046448
0.153467
-1.001925
1.643946
1.243918
-1.004251
-0.000008
0.220764
-0.129282
-0.075142
-0.000222
0.001719
0.317990
0.134694
-0.279187
-0.462744
0.001555
-0.030203
-0.387716
-0.008153
0.153405
0.000080
5.786889
0.364763
0.002861
-0.002786
-0.000318
0.917426
-2.603016
0.137056
1.085294
0.008284
-3.007172
0.208439
-0.022328
0.555776
1.682542
0.218742
0.006874
0.188531
-0.001541
0.000785
-0.131690
0.623734
2.253284
0.139181
0.088495
0.014475
-0.000629
-0.085016
0.169203
-0.007947
0.416280
0.000733
0.061485
1.396768
0.560313
0.570150
0.141584
-0.389196
0.003382
-0.000375
0.018694
-0.002136
0.046246
-0.007707
0.001331
0.003511
-0.006568
4.022002
-0.031350
0.000173
0.003357
1.775112
-0.033842
0.913186
0.025053
0.404916
0.005417
0.563465
0.003814
0.183636
-0.000201
0.013166
-0.000094
5.692894
1.420449
-0.020407
2.121564
0.004355
-0.000841
0.066380
0.014709
0.000152
0.030562
-0.000043
0.156303
-0.025962
0.006970
-0.002025
-0.000210
0.000108
-0.000055
0.000054
0.146595
0.004686
-0.083990
1.692888
0.552581
-2.467462
6.374716
0.707629
-1.354108
0.285733
124.549256
0.033466
-0.190161
0.043194
-0.524888
0.870406
0.010546
0.102194
1.714727
0.729967
0.358108
0.858172
0.087726
0.001461
2.262885
0.002651
0.533602
1.195822
0.000354
-0.000009
0.072735
-0.006284
-13.837239
0.028678
0.221622
0.458185
-0.105457
2.345670
0.401950
0.000433
-1.222980
-0.000231
1.205176
-0.143503
0.103605
0.117059
0.063849
0.000002
-1.784648
0.000611
1.768730
-0.000011
0.291001
0.613014
-0.003808
0.016781
7.462218
-0.000006
0.002537
0.000077
0.106548
-2.809961
0.313523
-0.006237
0.000043
0.032607
-0.024204
1.538552
0.503460
0.010075
-0.002558
0.000000
0.000675
0.031808
1.403524
0.005243
0.006146
0.085978
0.025220
0.003515
0.024291
2.949043
-0.007363
-0.001491
-0.239332
0.003025
0.001075
0.365551
1.436230
-0.000021
-0.204050
0.000197
0.000623
0.951604
-0.041662
0.002100
0.005407
0.916138
0.000534
18.711860
-0.000000
0.000004
0.005745
0.000112
0.256850
-0.269372
0.009488
0.014878
0.002889
0.319054
5.462634
1.865343
-0.000594
0.037346
0.070387
-0.000008
0.075809
-0.000000
-2.139660
1.189663
-0.052526
0.076679
4.392715
0.000045
0.001050
0.238397
0.552886
0.004849
-0.006396
0.047499
0.000021
-0.486627
0.002474
-0.135006
0.000026
-0.170871
0.384487
0.000886
0.002140
0.244998
-0.000000
0.128928
-0.439029
0.004868
0.005283
-0.086732
5.145442
-2.909276
0.002729
0.001345
4.322809
0.000096
-0.005969
-0.000000
1.968381
0.060348
0.000711
0.218208
-0.000203
0.029229
-0.874659
2.311465
0.329805
0.000001
-0.189502
0.001990
0.061096
-0.000430
0.011113
-0.426974
0.000000
0.000002
-0.000555
0.016865
-0.000520
-0.003430
-0.000165
0.000761
-0.034387
0.018122
-0.000543
3.350739
0.000033
-0.007050
0.000009
0.170319
0.148219
0.000051
0.111698
-0.442435
0.260290
0.010966
0.033222
0.227356
-0.018125
0.153416
0.487374
0.000003
-2.431367
0.003382
78.658403
-0.000484
1.856816
-0.031476
0.000664
0.077048
0.000001
0.000073
2.336109
-0.005857
1.306381
-0.000472
0.234302
0.040492
0.095963
0.000003
0.002395
0.706744
-0.214655
1.192645
-0.268365
1.254487
-0.077123
0.028121
-0.015085
-0.005152
-0.187272
0.063192
0.023181
-0.000328
0.166121
-0.426068
0.004916
0.093232
0.176533
-0.007606
-0.000167
0.077448
0.012419
0.697147
-0.011605
0.000375
0.000000
-1.389987
1.148728
0.782657
-0.000035
0.001330
-0.011867
-0.924740
1.313599
-0.003022
-2.343796
-0.332299
0.029277
0.471609
0.000204
0.011712
0.043223
-0.005190
0.007598
-0.000030
-0.174233
0.019923
2.093711
-1.795593
0.000374
-0.672150
-2.562879
0.006543
0.000109
0.000211
0.005588
0.998390
-0.005930
0.030685
0.000039
-17.076893
-0.000117
0.003337
0.125646
0.454601
-0.000207
0.008548
9.774719
0.752868
-0.000229
0.020362
-1.785542
0.000414
-0.188959
-2.203168
0.085517
2.049514
-0.000001
0.101070
-0.001204
0.059345
-0.000096
0.488082
0.009138
0.207964
-0.005845
6.472748
-0.102898
0.011237
0.026825
-0.005381
1.818838
-0.447122
-0.000313
0.698222
-0.000000
0.001346
0.027802
0.295915
-0.000011
-0.001586
0.006886
-0.000029
-0.000000
-0.000030
-1.649111
0.715079
-0.829847
0.001303
-0.020402
-0.052597
-1.215646
-2.348515
-0.361151
-0.062307
0.041915
0.070500
-0.437680
-0.494938
-0.602048
0.006502
-0.005661
0.000000
0.000912
-0.001057
0.282470
-0.000001
-0.000159
-0.003650
-0.873087
0.000018
-0.334793
-0.001627
0.453107
-0.041187
0.137375
-0.000034
0.478279
-0.126072
-0.871765
-0.172410
0.155331
0.013622
0.003002
-0.000000
-0.633353
-0.134046
-1.600661
-0.012150
0.268008
2.849216
0.017570
0.000079
0.000037
0.009882
0.024193
0.827824
-0.000023
-0.130732
-1.122874
1.352761
-0.048065
-0.390282
12.812534
-0.389776
0.284232
-0.023295
0.001294
-0.167924
-0.015452
-0.004181
-0.000136
0.002335
-0.000001
0.090762
-0.032797
-0.133862
-0.364889
-0.394977
0.016924
-1.303977
0.008142
0.020033
-0.046410
-0.038085
0.833448
6.033170
-0.199182
-0.324516
-0.227184
0.000079
1.165190
-0.018628
0.176920
-0.113575
0.266984
-0.000118
-0.893892
-1.422639
-0.195319
-2.093808
1.037733
-4.044231
-0.000099
0.414314
-0.923579
0.203697
-0.000917
0.134088
0.068857
-0.000000
0.661820
0.880760
-0.206738
0.017907
0.770958
-0.108176
-0.041861
0.000000
-0.379570
-0.003734
-0.541517
0.001535
-0.000837
-0.028049
0.008108
0.000001
-0.967404
-7.973905
-0.237973
1.976477
-0.051685
-0.131190
5.586867
-0.006848
-0.000957
0.000000
-4.162219
-0.051499
-0.524535
0.422297
0.292084
-0.727626
-0.809843
-0.001430
0.051102
-0.002626
-2.073085
-0.022398
-0.000508
-1.074888
0.083574
0.000002
0.005424
-0.250365
-1.018859
0.785710
-0.072595
0.000328
0.000491
0.402322
0.000004
-0.039842
-0.207821
0.933931
0.023743
-0.028928
-0.852134
-0.004778
0.000091
-0.015350
0.015522
0.039601
-0.035983
-0.013784
-0.000011
0.011372
-0.001391
0.354290
0.311488
0.138707
-0.462778
0.350976
-0.020281
-0.000003
0.014253
-0.708123
-0.158407
0.000433
-0.032386
-1.233809
-1.346287
0.000070
-0.579512
0.000021
0.578266
0.000129
0.165184
-0.032169
0.282766
0.011464
0.503092
0.569003
-0.206206
0.000327
-0.616366
-0.000203
-0.003205
-0.528771
-0.000658
3.582062
2.482235
-0.231187
0.029436
-0.000000
0.000000
0.004108
-0.211983
0.446903
-0.030036
-0.556095
-0.000009
-0.594712
0.513356
0.137152
0.171115
0.000006
0.000003
-0.119060
-0.000042
-0.001057
-0.001248
0.632870
0.470516
0.103647
-0.017299
-0.009690
-0.450485
0.001882
0.005733
0.004036
0.000515
0.650904
-0.005883
-0.088771
-0.012800
-0.377155
-1.242814
-0.066773
-0.000000
0.067590
0.004460
-0.000844
-0.399595
0.472923
-0.164307
-0.164894
-0.000001
-0.126096
-0.002701
0.000000
-0.000001
0.122486
-0.053198
-0.214695
-0.198260
-0.316812
-0.002835
-0.021035
-0.000758
0.194093
-0.004293
1.769066
0.000000
1.323027
0.590000
-0.999642
-0.552466
-0.002490
0.099316
-0.013475
-0.000000
-0.007918
-0.002607
0.554078
0.004666
-0.632969
-0.050348
0.000009
-0.000196
0.000008
0.117744
0.432734
-0.008432
-1.862234
-0.301994
0.336146
-0.000024
0.065703
0.047653
0.407925
0.000094
-0.205620
0.000427
-0.000351
-0.000006
0.000000
-0.036370
-0.000006
-0.304707
-0.032491
0.469072
-0.800842
0.019660
0.036471
-28.258258
0.215648
14.024220
-0.115028
0.078096
0.000535
-0.325929
-0.053472
0.002130
0.000170
-0.000242
0.000000
-0.015032
-0.014846
-27.621843
0.873280
-0.024791
0.480887
0.011419
0.000004
-0.001354
-0.036859
-0.383242
-0.000663
-0.000013
-3.664798
-2.235747
0.000009
0.409611
-0.000850
0.055590
0.193576
-0.006439
-0.415342
1.444940
0.000005
0.000004
-0.097324
-0.007527
-0.003419
-3.953092
0.315621
-0.005421
0.012116
0.001074
-0.003741
0.002076
0.002150
-0.000028
0.163025
-2.012652
-0.300738
-0.009661
-0.000643
-0.000282
0.023188
0.000050
0.000001
-0.135001
0.237469
0.119974
-18.381743
0.002360
-3.476873
0.032981
0.000024
-0.499918
0.000199
0.000000
-0.160492
0.000001
0.515598
0.029068
-0.004661
-6.882104
0.003481
0.026052
-0.025521
-0.225460
-0.039293
0.000000
-0.440654
0.034301
-1.257680
-0.003223
0.486132
-1.249155
-0.000084
0.000306
0.000003
-1.236528
-0.034783
-1.712187
-0.000410
-0.000013
-0.304192
16.204908
0.030630
-2.775705
-0.000034
-0.117747
-0.000879
0.573064
-0.001271
-0.012801
-1.083308
-0.018676
-0.000088
-0.003107
-0.001240
-0.000000
0.006065
0.000746
0.028036
-0.042522
-0.886342
-0.009017
0.119358
-0.002006
0.000860
-3.856689
-0.000353
-0.238369
0.000000
-0.038395
-0.108669
0.000130
-0.359280
-0.737731
-0.194457
-0.011631
0.000000
0.000058
-0.396407
0.033703
0.000910
0.176856
0.000000
0.000395
-0.073781
-0.002343
0.155620
1.447679
-0.222107
-0.061024
-0.076336
-0.000027
0.000000
0.000278
-0.887303
-0.303382
-0.001203
0.000006
0.000467
-0.003262
-0.491268
0.003663
-0.640167
-0.000000
-0.000005
-2.819024
-0.137872
-0.003307
-0.688075
-0.501096
-0.472958
0.280017
0.001000
0.000085
0.079690
0.000000
-0.001431
0.000000
-0.001570
0.004944
0.032351
-0.000000
-106.622592
-0.002338
-0.119332
-0.000000
0.006217
0.310434
0.000032
-0.000003
-0.008017
-1.559368
-0.042182
-0.645474
-0.000258
-0.000790
0.000152
-0.296374
0.000000
0.086242
-0.718812
-0.125031
0.000357
-0.000075
-0.010041
0.000002
0.010122
0.000000
-0.002449
-4.357526
-0.017082
23.408925
0.354392
0.000000
-0.002410
0.001617
0.007276
-0.720559
0.402711
-0.402878
-0.039840
-0.000061
-0.087651
0.000000
-1.205135
0.001637
-1.248013
0.000020
-0.072213
-0.015710
1.005800
-0.000019
0.471559
0.000006
-0.000000
0.000000
0.191946
-0.004890
0.004431
-0.147654
0.636341
-0.115159
-0.006897
0.070185
-0.019833
-0.000000
-0.175200
-0.000032
0.000230
-0.002717
0.166950
0.000026
-0.002498
-0.543346
-0.420200
0.058843
-0.000219
-0.000000
-4.634424
-0.134067
0.005567
-0.002197
0.000001
0.002161
-0.004579
0.000048
-0.211351
-0.018800
0.160727
-0.000000
-0.070575
0.000105
-0.000001
0.588479
1.067064
-0.641731
-0.131842
0.021785
0.074870
0.001890
0.001108
-0.000000
0.000003
-0.026527
-0.000005
0.033105
-0.000000
-0.000006
-0.000299
0.000006
0.000237
0.623108
-0.000005
0.009439
-0.131884
-0.130989
0.148745
0.018782
0.000137
-0.090900
-0.044658
-0.000850
-0.000000
0.000201
-0.000098
0.591950
-0.001981
-0.055456
-0.072606
-0.389612
0.061685
0.318926
-0.003721
-0.014358
0.000001
0.002017
-0.000000
-0.012423
1.641075
-0.200473
-0.862034
0.000018
0.003084
-1.993716
0.871812
0.674266
-0.000012
0.001426
-0.019425
0.000000
-0.016953
0.001733
-0.000097
-0.000452
-0.027257
-0.433442
0.000231
0.586369
-0.013903
-0.019964
-0.013191
-0.014777
0.014957
-0.016918
0.001152
-0.000021
-0.000125
-0.128239
0.630961
-0.000061
-0.000036
0.000899
-0.142974
0.004041
0.074427
16.190052
-0.118543
0.000000
-0.000002
0.004827
-0.000000
-0.160550
0.000000
-1.359199
0.000029
-0.004153
-0.004095
-0.216537
0.028088
-0.000508
-0.009274
0.003199
0.023101
-0.000325
-0.000010
-0.001587
-0.020109
-0.055283
0.000015
-0.007811
-0.000654
0.142861
0.623828
-0.002715
-1.336647
0.000010
0.180082
0.011133
-0.000003
-0.001986
0.001085
0.636849
-0.230082
-0.000091
0.000579
-0.014851
-0.002561
0.054232
0.000076
0.000000
0.004199
0.000005
-1.307818
-0.196781
-0.204533
-0.000000
-0.003313
0.000000
-0.001464
-0.012524
-0.000972
-0.013568
-0.000472
-2.441249
0.443974
0.000001
0.004383
-0.518251
-0.000000
0.352637
0.048500
0.116673
0.001726
-0.019570
-0.012978
-0.828356
-0.242700
0.132011
0.000296
-0.000091
-0.001411
-0.000255
-0.035308
-0.003101
-0.000296
0.003012
0.000117
-0.000012
0.000413
-0.007219
0.000000
0.000163
-0.917070
-0.013581
-1.051699
-0.000741
-0.000000
0.017094
-0.250333
0.000006
0.011983
-0.017025
0.017435
-0.023437
-0.333147
-0.934848
0.009519
-0.000209
-0.020290
-0.052280
-0.862953
-0.000000
0.074867
-0.000000
0.001878
0.000003
2.034705
-32.861753
0.056433
-0.003555
0.000002
-0.048767
0.000269
-0.000008
0.333032
-0.512599
-0.000130
-0.057192
0.000013
0.179650
1.148446
-0.399224
-0.000025
0.000008
-0.420584
0.000111
0.000037
0.014229
0.277149
0.000160
-0.000001
-0.097696
-0.850215
0.489119
0.000004
0.000000
-0.000466
0.000001
-0.002393
-0.123717
0.090734
0.269895
0.000001
-0.000019
0.148170
0.004051
-0.000013
0.060561
0.000778
0.261726
0.000005
-0.000000
-0.000277
-0.175181
0.229130
-0.257527
-0.916286
0.712528
-0.002534
0.000003
-0.212668
-0.059256
-0.000235
0.097896
0.012183
-0.006851
-0.023709
-1.278393
0.021663
-0.163518
0.028342
-2.847789
-0.021465
0.000095
-0.002953
-0.002245
0.000799
0.003769
0.000000
0.000725
0.992290
-0.000000
-0.284210
-0.029771
0.000000
-0.000000
0.619810
0.000000
0.012143
0.281165
0.000007
0.000313
0.000170
0.069121
-0.183945
-0.000260
1.095460
0.354348
-0.000001
0.914685
-46.863282
0.186497
0.000035
0.003098
0.000448
-0.002027
-0.000087
-0.488387
-0.001014
0.000000
-0.041933
-0.237929
-26.819795
-0.001194
2.917379
-0.067923
-0.064117
0.003263
-1.623283
0.000230
4.659801
0.000576
-0.041418
0.000036
-0.005048
0.000151
-0.157147
-0.057271
-0.044035
0.433388
0.001136
0.003641
0.008658
0.137372
-0.094103
0.891231
0.000231
0.000350
-0.022657
-0.000534
-0.108319
0.000316
0.000088
0.080407
1.255355
-0.000001
-1.596453
0.000019
1.953784
-0.000104
-0.260035
-0.000112
-0.004185
-0.000740
0.043499
0.259925
0.000451
0.058177
-0.000019
-0.028955
-0.000090
0.568241
-0.029539
-0.000546
-0.310192
-0.013129
0.004472
-2.037239
0.000075
-0.000003
-0.000009
0.010527
-0.000000
0.522441
0.986574
-0.000000
-0.000000
0.056653
-0.000000
-0.000106
0.030915
0.691034
-0.003142
0.000000
0.228077
-0.004063
0.000080
0.000551
0.001560
1.385320
2.236591
-0.000006
-0.002912
0.038067
-0.006692
-0.000000
0.044833
0.293215
0.000082
0.128416
1.688755
0.042276
0.051546
0.000108
0.001285
-0.039940
0.008466
0.144613
-0.000013
-0.003898
-0.060815
0.000185
-0.229618
-0.000367
-0.095336
0.040503
-0.000000
-0.002068
0.071147
0.338306
0.011463
-0.000477
-0.017203
0.415784
0.000014
-0.000290
0.000001
-0.015918
0.029080
0.021066
0.001753
0.563089
0.000001
0.535499
-0.280825
0.010618
0.000055
0.000012
0.000029
0.000010
0.000368
0.000002
-0.000000
0.000014
-1.216602
0.000060
-0.090806
0.003582
0.000012
-0.912845
-0.036816
-0.000000
1.292517
0.000023
0.002398
-0.000001
4.355310
0.572888
0.006295
0.006495
-0.002801
-0.023389
1.046082
-0.111226
1.531718
-2.868612
0.000158
0.001744
0.000013
-0.000067
0.000057
0.022745
0.000000
0.373100
-0.640703
-0.009723
-0.004133
-0.024099
-0.096455
-0.006493
0.418369
-0.000059
-0.308959
0.000151
-0.066430
-0.100689
-0.000076
-0.001304
-0.122541
0.025433
-0.014073
-0.130329
0.045360
0.000012
0.669833
0.010554
-0.000002
-0.046010
0.005630
1.122741
0.000746
0.072025
-0.000007
0.107385
0.680497
-0.578493
-0.000617
0.001641
0.000089
-0.077554
0.007327
-0.000001
-0.022483
0.002155
-0.001275
0.000000
0.004256
0.150287
0.001144
-0.161720
0.000005
-0.002543
0.051780
3.494209
-0.001454
-1.229492
-0.000000
-0.313068
1.710965
-0.000786
0.150335
0.030372
1.350767
-0.000000
-10.242638
0.001865
0.279421
0.058196
0.169145
0.069497
0.023368
0.331001
-0.007045
0.911671
0.000305
0.095868
0.002667
0.060513
-0.138079
0.668922
0.542232
-0.205506
0.080085
-1.040812
0.024828
0.006724
0.000080
0.238880
-0.000337
-0.444039
0.419552
0.023314
0.003958
0.000015
-0.000002
-0.006883
0.001641
0.397701
0.646753
0.001581
-0.007568
0.001044
0.010062
0.000146
0.000000
-0.000195
1.084426
0.042172
-0.000000
0.018668
-0.000001
17.366893
0.000023
0.017897
-1.309060
0.601411
0.007812
0.000020
0.004914
-0.000115
-0.000000
0.259083
0.035551
-0.008558
-0.326439
0.054025
-0.000049
0.414414
-0.249009
-0.000000
0.313162
0.037997
0.161875
-0.000106
0.123559
0.027028
-0.701752
-0.000001
0.001495
-0.007138
-0.000817
-0.000031
-0.000000
0.001584
-0.000060
0.064937
-0.000001
0.108710
0.048741
0.779447
0.837211
-0.020995
0.379979
-0.000722
-0.000001
-0.717595
-0.000015
-0.000148
-0.512749
0.004834
-0.000289
0.591408
0.294046
-0.028600
-0.914906
2.984292
-0.002524
0.000228
-0.000000
0.371336
-1.241631
-0.017386
-0.001711
-0.206239
0.323137
0.000042
0.141947
-0.000123
-0.202500
0.000467
0.000364
-0.003177
-0.000002
0.735717
-0.000002
22.933504
-0.000556
-0.610964
0.239609
-0.000002
0.000005
-0.014072
-0.000000
-0.000000
0.000001
-0.170786
-0.000007
-0.463884
-0.000002
-0.257771
-0.308144
0.170240
-0.000000
0.107557
-0.152735
0.276049
-0.000117
-0.237535
0.011108
-0.000004
0.003736
1.121056
0.114160
0.001921
-0.000002
0.018597
-1.451625
-0.000110
0.620215
0.772341
-0.448389
-0.317420
-0.000000
-0.086315
0.065637
-0.399983
-0.000194
0.003243
-0.000033
-0.000296
0.769448
-0.260020
0.000023
2.601043
-0.126188
-0.000002
0.049844
0.000055
0.717312
-0.000838
-0.000001
1.389033
-0.000085
0.001423
1.025286
2.333622
-0.442747
0.000000
-1.535390
-0.040556
0.004372
0.009202
-0.022304
-0.006032
0.000021
0.382805
-0.000176
2.223059
0.002694
-0.943904
-0.027100
-0.000061
1.205295
-0.031546
0.522475
-0.611217
1.469610
-0.056153
0.020708
-0.458156
0.000127
0.043276
-0.001197
0.000006
4.823686
-0.028741
-0.155903
0.206489
-0.637868
0.289262
0.650630
-0.453139
0.000002
-0.000102
-0.525769
-0.000025
0.008003
0.221801
0.190127
0.593534
-0.002516
0.000613
-0.017870
0.231475
0.431622
-0.000043
-0.071799
-0.000480
-0.011003
-0.000005
-0.174957
-0.000000
-0.006256
-0.000896
0.000001
0.014613
0.000001
-0.000003
0.000968
2.211148
-0.000045
0.000015
-0.000000
0.397245
0.081648
0.001604
0.000151
0.000383
-0.000155
0.224751
0.003602
0.351074
0.000000
0.491048
-0.004024
-0.008275
0.000000
-0.001180
-0.000000
-0.133758
-0.000001
0.001408
0.000001
-0.000000
-0.000206
0.000067
-0.548349
0.000530
0.036597
-0.000002
-0.236825
1.377858
-0.000000
0.011961
0.650178
-0.629694
-0.424754
-0.002542
-0.000003
-0.008314
-0.061101
-0.000000
0.013264
0.000630
-0.105526
-0.537789
-0.000005
0.047891
0.000001
0.000138
-0.025343
0.000027
-0.321984
0.068502
-0.000000
-0.000002
1.365480
0.188082
-0.218413
-0.000018
0.015694
0.360603
0.000043
0.012870
-0.000000
0.000606
-1.794855
0.040742
-0.000004
0.401008
-3.156607
-0.001107
-0.000631
0.001410
-0.022884
0.012749
0.000264
-0.675276
-0.000000
0.050840
0.000023
-1.465341
-4.409338
-0.412149
-0.000014
1.258846
0.485184
0.026565
-0.525935
-0.047024
0.001582
-0.000069
-0.029753
-0.004547
0.000093
0.000044
0.000765
-0.000020
0.083737
-0.001731
0.552962
2.778897
-0.000000
0.908760
0.024655
-0.350140
-0.988861
0.000351
-0.000117
-0.000000
0.001794
-0.108057
1.614160
0.000068
0.035013
-0.000001
0.575140
-3.226901
-0.007131
0.000001
0.000130
0.007063
0.000343
-0.000418
-0.024965
-0.362827
1.851574
0.002080
-0.000014
-0.979528
0.196620
-0.000000
0.041847
-0.040136
0.000011
-0.085516
-0.001688
-0.000000
-0.000001
-0.000000
0.913355
-0.000003
-0.027324
0.214325
-0.000012
-0.011743
0.060594
0.328159
0.000003
-0.000070
0.391424
-0.024152
-0.000000
-0.728670
-0.057646
0.009501
-0.254269
-0.000215
1.004651
0.000017
-0.148087
-0.136622
0.001650
-0.000000
0.000761
0.001922
-0.005226
0.302409
0.434240
1.665039
0.171569
0.162588
-0.031751
0.069934
-0.001959
0.039833
-2.984772
0.000094
-0.000004
0.000584
0.000001
-0.701859
0.440126
0.000091
-0.000001
0.000402
0.949448
0.000000
-0.000558
0.000073
0.660285
0.453112
0.001613
0.219261
-0.025509
0.129800
-0.000000
0.000000
-2.671896
0.652955
0.002089
0.957509
-0.000002
-1.531619
-0.000001
-0.546351
-0.407734
0.000000
-0.000004
0.020161
0.000008
-0.319605
-0.000025
1.228685
-0.001611
-0.015364
0.000406
0.080778
0.113940
-0.689784
-0.000000
0.002292
-0.000001
-0.226141
0.049227
0.005301
1.520793
0.100175
0.055621
-0.000159
-0.037587
-0.000138
0.000000
0.000000
-0.060437
0.000199
-0.243477
0.004194
0.000000
0.000332
-0.006009
0.000000
0.000001
0.000020
0.974855
0.000117
-0.000319
4.568726
-0.000006
-0.402182
0.025205
0.000001
-0.195421
-0.468433
-0.000000
0.000007
0.087048
0.010916
-0.000001
0.000000
0.038100
0.007793
-0.000386
-0.338890
-0.000056
-0.000371
0.031939
-0.132802
-0.010346
0.014562
0.021440
0.000054
0.015133
0.000011
-0.000000
0.040829
-0.000179
0.224844
-0.005300
-0.000760
0.024162
-0.001145
-0.000000
-0.000002
0.000001
0.119091
0.045966
-1.830570
-0.004258
0.000011
-0.000133
-0.000000
-0.112477
-1.327714
-0.000161
-0.582464
0.004898
0.307459
0.000589
-0.002068
0.000000
-0.000001
-0.000000
-0.069904
0.051454
0.231525
-0.000000
-0.000000
-0.371489
0.258655
-0.143771
0.026682
0.047663
-0.027754
0.619081
-1.063533
-0.002901
0.000805
-0.083067
-0.000148
0.000000
-0.479232
-0.001401
-0.001317
0.034429
-0.000001
-0.120123
-0.345504
0.000041
-0.000012
-0.017739
1.283184
0.624178
0.672890
-0.000000
-0.000000
0.003233
-0.000038
0.042969
0.096384
0.001764
0.001182
-0.000361
-0.000000
-0.007964
6.649161
-0.085331
-0.000000
0.006760
0.048244
-0.000017
-0.213608
0.428352
0.043398
-0.000000
-0.122436
-0.000000
0.009686
0.369602
0.009223
-5.309177
-0.000008
0.785127
0.011715
0.887124
-0.010659
0.002117
-0.000005
0.068851
0.011324
0.133048
-0.490567
-0.000000
1.671329
0.000199
-0.000335
-4.833220
-0.000000
-0.002181
0.812860
-0.567499
0.285218
-0.015429
22.154803
-0.450817
0.065670
-0.000000
-0.000629
0.977391
-0.000000
-1.442167
0.000001
-0.000004
-0.018738
-0.128654
-0.000288
-0.012933
1.447505
-0.000005
-0.602286
0.247722
-0.051036
-0.000000
-0.085194
0.038375
-0.080880
-0.009851
0.002457
-0.000103
0.458317
-0.000228
-0.000000
0.247484
0.105729
0.645589
0.004389
-1.512756
-0.538945
-0.008211
0.002244
0.000000
0.000077
0.054841
0.077837
0.001203
0.000004
0.025455
0.340230
-0.000284
-0.000908
-0.044205
0.000106
-0.001838
-0.007271
-0.001506
0.480061
0.002366
-0.000092
0.192129
0.360494
-0.000000
0.000000
-0.075491
0.000114
0.000035
0.000005
0.018052
-0.001847
0.246637
0.003125
0.074478
-0.000082
-0.238901
0.033024
-0.091879
-0.075282
0.000223
0.000000
0.827291
0.106354
0.659909
-0.000277
0.077483
-0.000249
0.000315
0.000005
0.000653
-0.000001
-0.000200
-0.022559
-0.000001
0.766045
0.006825
-0.086415
0.001471
0.210061
-0.453845
0.094184
-0.000000
0.910346
-0.000000
-0.000000
0.013972
-0.313725
0.150121
0.000115
-0.168569
-0.000000
-0.001376
-0.394179
0.000000
0.360623
0.484784
-1.063978
-0.000001
-0.083027
0.000667
0.036037
-0.136940
0.029901
0.184060
0.005204
0.000003
-0.000000
-0.001084
0.332746
-0.129251
-0.000041
-0.229234
-0.002271
0.000035
0.000000
0.000016
-0.000002
-0.947191
0.032687
-0.439952
-0.000000
0.320692
-0.037060
0.255126
-0.000007
-0.100579
0.140225
-0.037297
-0.024502
0.243638
2.614686
-0.054856
0.104219
0.274488
-0.000000
0.024764
0.000088
-0.349103
-0.178215
1.319048
0.005652
0.000008
0.003536
0.002126
0.000410
-0.000187
-0.000000
0.432389
-0.039572
0.008633
-0.000000
0.068370
0.032480
0.072730
-0.137090
-2.930246
0.000034
-0.271353
-0.000102
-0.356386
-0.000001
-0.017485
-0.000026
-0.574677
-0.110141
0.007855
-0.000000
-0.000023
-0.028486
-0.000148
-0.058866
0.000379
0.096558
-0.001047
0.000139
0.363391
-0.127348
2.384703
-0.446715
0.234691
0.186161
0.000186
0.003791
0.452457
-0.000000
-0.000000
-0.000000
0.311446
-0.000000
0.030125
0.000000
0.002355
-0.000921
0.000016
0.001967
-0.010442
0.000013
-0.000000
-0.012287
-0.000022
0.090798
-0.000020
0.000000
0.026583
-5.435947
0.047202
-0.026671
0.363727
0.000000
-0.428393
0.019892
-0.000005
-0.015851
0.018476
0.108606
0.021262
0.230895
0.000070
-0.006838
0.015856
0.039778
-0.003973
0.000000
0.011456
-0.018708
0.034513
-0.111348
0.104342
0.012067
0.123514
0.001623
0.190857
-0.000000
-0.000000
1.543261
0.000805
-0.031535
-0.044324
0.001781
-0.000001
0.040877
0.018920
-0.969038
-0.216084
-0.001335
0.655905
-0.000002
-0.020160
0.000190
-0.021801
0.156883
-0.092856
0.201286
2.960974
0.000000
-0.000431
0.018064
0.002074
0.000533
-0.000001
0.089628
-0.000082
-0.099788
-0.398765
0.000029
-0.057036
0.001361
0.135947
0.029697
0.000000
0.136367
-0.007919
0.150182
0.092487
0.000555
-0.000055
0.096259
0.775000
-0.010175
-0.000004
0.557907
-0.000000
0.016627
-0.001719
0.015803
0.102238
-0.026874
0.000638
-0.008382
0.298658
-0.000125
-0.289959
0.388671
0.000396
0.000345
0.037941
-0.000198
-0.000142
0.000500
-0.144647
0.075624
0.001181
-0.000818
0.000000
-0.000360
-0.000000
-0.000006
0.514753
0.881806
60.735133
0.048616
-0.746874
-0.059918
0.047789
0.000054
-0.000230
0.003904
0.026026
-0.000000
-0.000000
-0.015305
-0.000001
-16.009178
-0.000000
-0.000000
-0.044948
0.000000
-0.000864
0.242793
0.000000
-0.535096
-0.000600
0.008696
-0.003371
0.031614
0.059230
0.000462
0.116203
-0.008615
0.023749
0.170020
-0.000002
0.008956
-0.000004
-0.050635
0.101168
-0.000000
-0.038504
-0.281531
-0.044345
0.000068
0.000000
0.001459
-0.000000
-0.000012
0.001136
4.123571
-0.067901
-0.065368
0.004352
-0.001508
-0.004236
-0.000000
0.000213
0.005957
-0.031257
-0.071221
-0.000001
0.118638
0.000896
-0.019004
0.089321
0.000000
0.027547
0.000003
-0.002588
-0.008558
0.278900
1.142862
-0.003623
1.264094
0.347732
-0.000153
-0.207458
0.000002
0.000004
-0.264974
0.608995
-0.000001
0.005115
-0.096595
-0.066043
-0.069583
1.800981
0.163318
0.003348
-0.197645
0.042656
-0.235053
-0.000006
0.000043
0.000002
0.005692
-0.000068
-0.000029
0.136827
-0.000074
0.082378
0.000000
0.007849
0.000089
0.232331
-0.794800
0.381243
-0.413841
0.000156
-0.052109
-0.000000
0.620630
0.183642
-0.000011
0.076064
0.023938
-0.038784
0.263217
0.000948
-0.000025
0.017467
1.473995
0.017988
0.000440
0.649315
0.003961
2.483811
0.110693
-1.243115
-0.001584
0.000037
0.350653
0.000207
-0.000001
-0.053191
0.546540
0.151835
-0.445575
-0.001785
-0.001291
2.447830
-0.090168
0.004200
1.069621
0.000031
0.056832
0.001580
0.306890
-0.031422
-0.000000
-0.039970
13.956897
0.082782
0.002238
0.293373
-0.022860
-0.036157
0.018942
0.002322
0.021120
-0.348655
0.000000
-0.000567
0.008360
0.000001
-0.004648
0.029609
-0.650208
0.000000
0.037447
-0.000000
-0.000378
0.000033
0.000002
0.009987
0.422078
-0.000598
-0.000597
-0.137190
0.000010
-0.070530
0.016565
0.002451
-0.035093
0.072396
0.119862
0.074344
0.177661
0.004844
0.000000
0.364619
0.300419
0.415751
-0.001416
-0.000004
-0.819749
-0.015800
-0.273532
-0.164477
-0.064187
0.399222
-0.392820
-0.000241
0.002940
-0.000324
0.095087
-0.264322
-0.000000
0.000000
-0.518872
-0.000325
0.000631
0.009725
-0.000021
0.001550
0.025955
0.001449
-0.036214
-0.020392
-0.008836
2.102758
-0.221030
-0.045259
0.047668
-0.001143
-0.000067
-0.552599
-0.002364
-0.021115
0.005514
0.043110
0.000002
-0.031680
0.000785
-0.000110
2.272828
0.000262
0.000003
0.000001
0.000000
0.630851
0.752942
0.115474
0.074798
-0.192454
-0.000051
0.468345
-0.000326
0.277957
0.010185
0.000058
0.438875
-0.000000
1.019776
0.014060
0.174861
-0.050091
-0.000000
0.000087
0.000008
-0.055550
-0.000000
-1.781479
0.000000
0.000384
-0.000969
-0.000378
-0.103638
0.005904
0.003791
0.002135
-0.635634
0.002540
0.332266
-0.000012
-0.010909
0.000530
1.883193
0.000014
0.001674
-0.067214
-1.112911
0.000102
-0.001825
0.000097
-0.014579
-0.282428
0.080735
-0.121825
0.005445
3.449728
-0.316990
-0.000343
0.007746
-0.000001
-0.005366
0.002279
0.000147
-0.000000
-0.164826
-0.000087
-1.608455
-0.019775
0.006316
-0.000000
-0.512581
0.627959
-0.009801
0.870774
-0.064403
-0.120818
0.060153
-0.199473
0.000003
-0.052143
0.000002
-0.000001
0.001347
-0.041895
0.023351
1.959471
-0.000000
-0.054452
-0.000499
0.526823
-0.114808
-0.572014
1.708323
-0.021096
0.002510
0.000000
0.000819
1.605399
0.000001
0.000063
-0.000021
-0.000002
0.113039
0.000023
-0.024566
-0.006723
0.001249
0.000002
0.000244
0.005131
0.097434
0.000097
-0.000309
-0.225309
0.000665
1.460586
-0.048459
0.171260
-0.473493
83.788469
0.000190
0.021279
-0.013845
0.294889
0.022328
-0.000001
-0.000123
-0.128606
0.299090
-0.298593
-0.006864
0.427002
-0.000012
0.000183
-0.000000
-0.000916
0.057502
0.053196
-0.285374
-0.655617
-0.001794
0.112715
-0.000000
0.000167
0.000521
0.652586
-0.000001
-0.074744
-0.000000
-0.000005
-0.000130
-0.000000
0.000007
0.000650
0.002844
0.024045
-0.844631
-0.000023
-0.000133
0.097375
-0.000006
0.000038
-0.000322
1.076566
0.016064
-0.083481
3.518475
0.012067
0.111863
-0.005653
0.000000
0.227968
0.149089
-0.000000
0.278412
0.000030
0.239099
-0.183242
-0.000000
0.017318
-0.606989
-0.000000
-0.000330
-0.062309
-0.000110
-1.005373
0.019424
0.001773
7.342692
0.000162
0.532467
0.713131
-0.228638
-0.013315
-0.463335
-0.261963
0.015024
-0.004363
0.004718
0.026130
-2.059941
0.000000
1.043836
0.151675
0.141455
-0.014013
0.304611
0.000000
-0.000000
0.212203
-0.176902
0.001405
-0.128628
0.000035
0.002005
0.426063
0.001110
0.010442
-0.498739
-0.138286
0.017175
-0.040141
0.028584
-0.000209
-0.587188
0.000064
0.000715
0.000000
-0.006260
-0.000289
-0.000654
-0.046092
-0.000097
-0.000041
-0.000030
1.453748
0.055123
1.155702
0.028042
-0.003106
-0.023270
0.170239
-0.408164
-0.322568
-0.478485
-0.252495
0.000000
0.000000
-0.174693
-0.000000
0.055140
0.000000
0.027910
-0.000395
0.013994
-0.000000
-0.369418
0.019802
-0.098994
0.095352
0.000059
0.013408
0.320476
0.066923
-0.000971
-0.000031
0.000451
6.221091
0.000000
-0.001392
0.418065
0.000003
-0.002674
0.071796
0.050813
0.581764
-0.009040
0.000000
-0.000004
0.000000
-0.092522
0.345400
-0.000003
-0.000090
0.000000
0.000000
-0.000001
0.000017
0.000004
0.000000
0.008090
0.066624
-0.000027
0.000007
-0.283802
-0.063640
0.000035
0.000000
0.132574
-0.444822
-0.974355
-0.134481
-0.089216
1.151746
0.081689
-0.195628
-1.832708
0.000196
0.008138
0.007316
0.001698
0.000000
-0.015079
0.000004
-0.000005
-0.000058
-0.238990
-0.000073
-0.007947
0.145794
-0.000341
-0.097813
-0.000300
0.182206
0.000009
0.002597
0.051638
0.194471
0.075896
0.002347
7.863890
0.120644
0.053179
0.006612
0.000003
0.001521
-0.087171
1.008219
0.000001
-0.000000
0.000000
-0.127116
0.000231
-0.030008
-0.000003
-0.402525
0.130663
0.000029
-0.227888
0.071897
0.018589
-0.199895
0.000566
-0.107162
-0.001629
-0.279131
0.538632
-0.000039
1.275345
-0.000004
-0.000166
0.000065
-0.000004
-0.128617
-0.234648
-0.000000
-0.018639
-0.022672
0.315671
-0.449213
-0.006804
0.067794
-0.034399
-0.000002
0.401199
0.566718
-0.001461
-0.172836
0.000015
0.007588
0.000001
0.072204
-0.007392
-0.001031
-0.000344
0.001700
-0.028591
-0.014089
-0.108012
0.092847
0.072211
-0.000318
-0.000049
-0.036973
-0.000260
-0.378881
-0.000000
-0.000025
-0.047541
0.000000
0.009038
1.021257
0.202518
0.010134
0.001781
0.000007
-0.000037
-0.000000
0.182797
0.030019
0.300009
0.000000
-0.211807
0.000000
0.000003
1.350144
-0.056245
0.000073
0.000748
0.000064
-1.751707
-0.010717
-0.000002
-0.040402
-0.000376
-0.001038
0.196971
0.424724
-0.000012
-0.008753
-0.096113
0.176227
-0.122660
-0.000023
0.000554
0.000008
0.094287
0.039941
0.000996
0.234368
0.102139
0.008284
0.137348
-0.000931
1.145855
-0.005269
1.173541
-0.201481
0.000001
0.148765
0.000295
-0.000015
0.154652
-0.245965
-0.095104
-0.002724
0.000031
1.137898
0.037032
2.078447
-0.007286
0.004172
-0.008207
0.168860
-0.091466
-0.743558
-0.024577
-0.090706
-0.171205
-0.228376
-0.018714
-0.000003
-0.011459
0.361660
0.062392
0.000503
0.471916
0.921861
0.000000
-0.000041
0.000002
-0.028082
-0.042483
-0.007045
0.040622
-0.000000
0.171075
-0.002776
-0.256219
-0.548525
0.006334
-0.102163
0.000140
-0.094008
0.000000
0.006896
-0.000000
0.000008
1.700271
0.013527
0.128978
-0.000000
3.049432
-0.563503
-0.004271
0.000000
0.305993
0.091639
0.001012
0.000004
0.012736
-0.003304
0.000000
1.285440
-0.021660
-0.000346
0.000001
0.943362
0.158604
0.083552
-0.015598
-0.418799
-0.587041
0.031855
0.129277
0.000303
0.000036
0.005551
-0.126445
0.443570
-0.000010
-0.000321
0.007778
0.000071
-0.003490
-0.998404
0.112678
-0.001451
-0.106796
0.000063
-0.036898
0.212975
0.105742
-0.000025
-0.020013
0.001970
-0.001014
-0.004662
0.084564
0.079414
0.000000
0.000619
-0.002218
-0.000000
0.002832
-0.000350
0.008328
-0.000002
0.003772
0.059184
-0.004398
0.000142
0.001163
0.142234
-0.000161
-0.744988
0.000001
-0.063466
-0.021403
0.166710
-0.000004
0.309161
-0.000019
-0.008234
-0.032671
0.001059
-0.450935
-0.114650
-0.036078
0.000051
-0.091452
0.117328
0.000017
-0.062947
0.049156
0.019293
0.000001
0.048534
-0.000340
0.000000
-0.011354
0.000000
0.033092
-0.021438
-0.000054
0.000095
0.021196
-4.057161
0.042737
0.096603
-0.019611
-0.628680
0.038659
-0.015184
0.012749
0.008552
-0.228915
0.000899
0.013910
0.007674
-0.000000
-0.769444
-0.196576
0.002319
-0.000004
-0.253938
0.000163
0.000041
0.526617
0.000667
0.000084
-0.000132
0.000239
0.017728
0.051832
0.001858
-0.097377
-0.004567
0.103778
0.000124
0.045360
0.016994
0.030312
0.029403
0.000054
-0.000053
-0.025964
-0.000712
-0.070282
-0.110597
0.004640
-0.000509
0.001704
-0.000036
-0.282370
0.340515
-0.227532
-0.024898
-0.000000
-0.000357
-0.052532
0.005436
0.238222
0.003816
-0.356298
-0.038136
-0.000173
0.003569
0.054097
-0.074861
0.000005
-0.000976
0.001228
-0.000357
-0.000006
-0.000020
-0.000024
0.006451
0.017374
0.001673
0.366338
0.054885
0.272713
0.002984
0.005066
-0.001600
0.310561
-0.016681
-0.004367
-0.000073
-0.058157
0.007621
-0.385018
-0.000258
0.056956
-0.110455
0.169375
-0.092765
0.231138
-0.000000
0.368385
0.016862
0.000254
-0.001261
0.000346
-0.000002
0.033676
0.004105
-0.000332
0.006061
-0.004549
0.000965
0.000000
-0.005712
0.043291
-0.000000
-0.253661
-0.000312
-0.057506
1.920010
-0.037064
0.000000
0.224274
-0.108333
0.048294
-0.009836
0.000000
-0.150138
0.090369
0.144735
0.010723
-0.000000
-0.037359
0.000089
-0.002644
0.001321
-0.124652
0.193086
0.057566
0.000000
0.000056
-0.074109
0.194139
-0.001005
0.000033
3.451933
0.045946
0.000000
0.000000
-0.031500
-0.000513
0.002403
-0.000000
-0.000000
0.036796
0.001158
0.000002
0.633977
-0.014362
-0.014152
-0.000056
0.001541
0.001500
0.185145
-0.000003
-0.000009
-0.000229
-0.030311
7.982400
-0.027544
-0.000142
0.313736
-0.003304
-0.000067
0.007041
0.001089
0.000000
0.060749
0.058176
-18.384305
0.000000
0.297843
0.183738
0.016657
0.096888
0.037680
0.000001
0.142272
-0.000149
0.000000
0.075383
0.009565
-0.000000
-0.000257
0.000000
-0.000712
-0.782403
0.000005
0.000009
-0.000000
-0.000322
0.716822
0.000116
0.000001
0.000084
-0.003118
-0.207648
0.000718
0.000765
-0.008344
-0.011310
-0.002330
-0.607753
-0.000004
-0.151782
0.090738
0.243375
0.000025
0.047722
-0.000838
-0.010501
0.121309
-0.020193
-0.305015
0.014732
-0.038082
-0.025175
0.038872
0.129409
0.329455
-0.042835
-0.004246
0.000000
-0.010454
0.025017
0.061601
-0.057359
0.642695
0.003734
-0.003030
0.089876
0.050288
0.002425
0.013772
-0.445467
0.000000
-0.177456
0.006392
0.089056
-0.129849
-0.000859
0.039881
-0.307144
0.003916
-0.007778
-0.337274
0.000586
-0.000000
0.023619
-0.004850
-0.034991
-0.036453
0.607649
-0.025287
-0.163696
-0.081041
0.003311
0.000002
0.000000
-0.055235
-0.000064
-0.079173
-0.000000
0.001137
-0.000057
0.005783
0.017276
-0.000000
0.006631
-0.000000
-0.000001
-0.003340
0.000000
0.013594
0.012530
0.012053
-0.038599
0.000225
0.096546
0.000010
3.685035
-0.000000
0.456684
0.009662
-0.000001
0.000000
-0.033237
-0.053949
0.006723
0.019880
-0.217006
-0.085670
-0.000449
0.005724
0.356911
-0.000000
-0.216862
0.495587
0.053522
-0.151678
-0.000116
-0.700632
0.000029
-0.001233
-0.000000
-0.000177
0.056849
0.008575
0.536754
1.503288
-0.004904
-0.000031
-1.142179
-0.062111
-0.000000
-0.006183
-0.000000
-0.000189
0.000153
0.184827
0.000000
-0.000000
0.005863
-0.000000
-0.000337
-0.028376
0.047111
-0.000000
-0.228804
0.000001
-0.215626
-0.000112
-0.066948
-0.000276
0.443962
0.003206
-0.056309
-0.000609
0.175976
-0.007713
0.000077
-0.032232
0.000675
-0.000779
-0.091678
-0.000003
-0.163230
0.003448
-0.001361
-0.000000
0.000008
-0.187548
-0.362213
-0.028974
-0.009753
-0.000001
-0.069403
0.232574
0.018581
-0.928893
-0.002494
0.003271
-0.008699
0.197040
-0.571687
-0.634412
0.479125
-0.021890
-0.002748
0.313548
0.046990
-0.005138
-0.000059
0.000978
0.110437
0.007665
0.032520
0.588242
0.000423
-0.000281
-0.000000
-0.110539
-0.000260
-0.001061
-0.301312
-0.023330
-0.128014
0.000000
0.000000
-0.000004
0.000312
-0.000065
-0.000923
0.302411
0.000000
0.000106
-0.000174
-0.003079
-0.000002
-0.051844
-0.137282
-0.027092
0.002427
-0.000152
0.001074
-0.051472
-0.000008
-1.776041
0.000246
-0.279764
0.000013
0.000165
0.417522
-0.051186
-0.151658
1.241622
-0.079707
0.006319
0.000249
-0.001572
0.000010
-0.000087
0.401982
-0.305883
-0.262721
0.007201
-0.003273
-0.000979
-0.041259
0.070971
-0.338710
0.007452
0.009602
0.206690
-0.000135
0.000279
-0.000000
-0.677716
0.202878
0.030029
0.000086
0.000000
0.031569
0.006353
-0.000000
-0.000105
-0.000493
0.054459
0.000762
-1.851403
-0.073578
-0.045647
0.018197
-0.001005
-0.194802
-0.011741
-0.033037
-0.016354
0.484082
0.015091
-0.240497
-0.010350
-0.296436
-0.513441
-0.020982
0.605738
0.000004
0.002107
0.086303
0.000571
0.003119
0.000005
-0.133773
0.036846
0.144033
-0.389436
-0.023858
-0.247043
-0.037427
0.000773
0.000008
-1.562994
0.437005
-0.081160
-0.449468
0.088812
0.013276
-0.000109
-0.000002
0.000006
0.023719
-0.004579
-0.012307
0.236530
0.000170
0.161831
0.184690
0.074573
2.040569
-0.221223
0.000189
-0.000086
0.014802
0.101384
0.000000
-0.147004
0.009334
-0.001042
-0.000188
-0.000000
0.013749
-0.000001
0.077628
-0.091557
-0.006802
-0.001079
-0.000000
-0.000220
0.000003
0.106223
0.000443
0.433972
-0.000351
-0.001556
0.152985
0.102653
0.006597
-0.305830
0.236125
-0.559428
0.041780
-0.149951
-0.235066
0.162832
-0.000217
0.000007
-0.005708
0.000025
0.008252
-0.457398
0.211834
1.264786
-0.214079
-0.000001
0.002111
-0.055407
-0.019536
-0.269837
0.004956
0.000001
0.000026
0.013111
0.000000
-0.000107
0.003821
0.022216
0.390182
-0.841135
0.013219
0.169226
-0.000540
-0.022857
0.180732
0.250015
-0.217324
0.000049
-0.024387
-0.004591
-0.002379
-1.219036
0.144318
0.009839
0.000004
0.000014
0.000107
-0.057633
-0.000000
0.196067
0.025283
0.002000
0.324319
0.306645
-0.000001
0.100379
-0.005806
-0.000000
-0.000593
0.009198
-0.052348
0.187415
-0.037849
0.000002
0.022125
0.000204
0.015147
-0.000005
0.040952
2.101406
0.714486
-0.003871
0.066881
0.002684
0.231866
2.906995
0.008433
-0.549765
-0.000280
0.001252
0.014992
-0.178083
0.512787
0.000036
-0.022085
-0.000205
0.639107
0.000000
0.054301
0.000282
0.002302
-0.340314
0.000264
0.014290
-0.000000
0.765509
-0.002818
0.000019
-0.002701
-0.031570
0.000000
-0.005945
-0.003753
-0.415619
0.099117
0.000000
0.000505
0.107544
0.034388
0.490434
0.170099
0.000131
0.178216
-0.210331
0.077889
1.323250
-0.055769
1.128254
0.055515
-0.029212
-0.000001
0.000162
-0.215667
0.158621
0.096578
-0.264954
-0.001216
-0.000093
-0.001138
0.036207
0.109441
0.000053
-0.015703
-0.019863
0.014201
0.001019
0.000716
0.330787
0.002991
-0.002640
0.025929
-0.004386
0.000200
0.061662
0.007757
0.044097
-0.001521
-0.000094
0.000022
0.006405
-0.000000
-0.367079
0.047870
0.000749
-0.019482
-0.000198
-0.177546
-0.117733
-0.012978
0.000289
-0.000380
0.119847
-0.108707
-0.244923
-0.000001
3.012545
-0.040690
0.001065
-0.014100
0.022909
0.014846
-0.000849
-0.001372
0.027614
-0.149070
0.060986
-0.000001
-0.110411
-0.000018
0.355116
0.148442
0.333006
0.000000
-0.034416
-0.068460
0.078040
0.569438
0.026268
-0.000708
-0.000000
0.001567
0.000580
0.001194
0.001138
0.212464
-0.015746
0.598872
0.000217
0.000000
-0.110419
0.177684
-0.979770
0.000107
-0.005818
0.000006
0.000010
-0.000016
0.057021
-0.000003
-2.715183
4.946395
0.270778
0.000000
0.117477
-0.000013
-0.003684
0.017172
0.000000
-0.008519
0.004137
0.000031
0.125209
-0.000269
0.018743
0.605704
-0.018189
0.024331
0.000007
0.718597
-0.012607
-0.031763
0.001277
-0.000002
-0.004184
0.019871
0.018259
-0.000272
0.000000
0.005456
-0.015710
0.047138
-0.125761
-0.129446
0.001005
-0.448982
0.082837
-4.658805
0.000017
-0.459743
0.000866
-0.000007
-0.000000
0.007368
-0.034617
-0.004718
-0.060840
0.001149
0.007064
0.053648
-0.047219
-0.001499
-0.000286
-0.000000
0.011240
-0.000033
-0.230327
0.029897
0.073530
-0.002022
0.012727
1.026880
0.001254
0.027219
0.017200
-0.037798
0.068358
-0.000790
-0.671175
0.233843
-0.010109
-0.018255
0.000000
0.002240
-0.047333
0.017974
-0.313590
0.123097
0.000000
0.000006
-0.189730
0.034534
0.001682
-0.008892
-0.010173
0.000055
0.058489
-0.023882
-0.000080
-1.059636
-0.140371
-0.001251
-0.103244
0.000070
-0.232245
9.243788
0.000086
0.000480
-1.241991
0.000644
-0.022221
-0.013059
0.000002
0.020642
0.002484
-1.604565
0.311228
-0.063950
-0.003765
0.000283
0.651539
0.337065
-0.044037
0.000069
0.000000
0.048521
-0.207484
-0.024253
0.000044
-0.000110
-0.000012
0.208821
0.140451
0.000747
0.196137
-0.005173
-0.009615
0.000002
-0.000000
-0.002338
-0.000083
-0.001399
0.001925
0.127537
0.050671
-0.005632
-0.001518
-0.020330
0.162084
-0.236052
0.001189
-0.000688
-1.731617
-0.000069
0.059584
0.019071
0.047521
0.000000
0.005131
0.002504
0.001637
-0.550302
-0.018579
0.003935
-0.000001
-0.000002
-0.123053
0.392089
-0.004554
0.017829
0.129762
3.322523
-0.906506
-0.000000
-0.000020
-0.036735
-0.030236
-0.074839
-0.203527
-0.504287
0.096504
-0.001318
0.000101
2.484011
-0.000011
0.007796
0.001156
0.000005
-0.000000
0.007936
0.049756
0.282112
0.197953
-0.115221
0.003302
0.095359
0.000000
0.000062
0.000036
-0.033757
-0.000002
-0.000000
-0.000000
-0.000280
-0.502829
-0.801305
0.029232
0.337845
-0.000000
-0.002852
0.000014
0.005649
0.000019
-0.000000
0.489981
-0.000405
-1.089665
0.000054
0.000036
-0.011413
-0.000002
29.414283
0.210083
0.000000
-0.000375
0.066782
-0.122958
0.000358
-0.001969
-0.000006
0.000000
0.033541
0.655213
-0.037589
-0.002070
0.148848
0.001790
2.221898
0.869591
-0.000132
-0.006116
0.000100
0.556521
0.002537
-0.029328
0.549991
-1.765762
-0.050694
0.023924
-0.509852
-0.006744
-0.002765
-0.122199
-0.000000
-0.044939
0.015233
0.006177
0.248592
0.000001
-0.504937
0.067724
-0.151816
-0.041939
-0.000000
-0.070679
0.000000
-0.000000
-0.000036
0.014025
-0.099442
-0.000530
-0.018412
0.080277
-0.000067
0.001715
0.004031
0.054956
0.014656
0.009532
-0.001926
0.036242
-0.000001
-0.053960
-0.032537
-0.000010
0.025011
-0.000066
-0.000602
0.165898
-0.159798
-0.000002
-0.000060
-0.000000
-0.019853
-0.035345
-0.088322
0.000000
-0.310939
0.435912
0.031716
-0.278181
-0.000278
-0.003482
0.052526
0.022336
-0.000006
0.000000
0.048432
0.276717
-0.023746
0.101495
0.002000
0.000011
0.003094
-0.000050
0.181864
0.239527
-0.065911
0.678808
0.000005
-0.000258
-0.890387
0.000086
0.007843
-0.009153
-0.001008
0.256426
0.001102
0.033864
-0.017314
-0.011412
0.219814
0.000421
-0.030735
0.000242
-0.309769
0.016795
-0.047963
-0.003689
0.082640
-0.000076
-0.034968
-0.001367
0.728972
0.000000
-0.175128
0.071059
-0.051436
0.132469
-0.000000
0.000679
-0.128095
-0.120999
-0.001252
-0.002695
-0.402216
-0.003964
0.510902
0.078210
0.784503
0.015219
0.181794
0.025334
0.098526
0.011875
-0.004408
0.241175
-0.155737
0.014029
0.001018
0.000109
-0.343139
-0.000045
0.000214
-0.024782
0.000540
0.014565
0.004677
-0.033763
0.117074
0.034195
0.044444
0.017814
0.171920
-0.000005
0.045283
0.068082
-0.004702
-0.001682
-0.000051
0.067363
-0.008452
-0.000033
0.034317
-0.003138
0.029476
0.000106
-0.003450
-0.005329
-0.029038
-0.022370
-0.005006
0.035748
0.183112
-0.000047
-0.011168
-0.204721
-0.000000
-0.011558
0.010633
-0.070441
-0.223978
-0.084827
0.002082
0.000502
0.007028
0.211209
0.121660
-0.003527
0.413959
0.179466
-0.000181
-0.314535
0.012264
-1.140519
0.000015
-0.244144
-0.000005
-0.030296
-0.000350
0.058382
-0.087259
0.009693
-0.053334
0.019158
0.000023
-0.000001
0.049858
-0.113870
0.000708
0.000082
-0.000032
-0.493466
0.000193
-0.000241
-0.000000
0.151306
-0.000012
-0.018413
0.064175
-0.062567
-0.836142
0.678828
0.000158
-0.016143
0.063587
0.009674
0.047242
0.000244
0.016788
-0.000003
-0.000709
-0.000161
-0.204374
-0.028826
0.169561
0.014586
-0.032357
0.202709
0.195833
-0.065420
0.633085
-0.000282
-0.360195
0.006770
0.006267
-0.000015
0.025227
0.005080
-0.000000
-0.008213
0.000000
0.020617
0.000211
0.015306
0.993049
-1.025369
-0.082072
0.066258
0.000532
0.257810
-0.216036
-0.000001
0.000175
0.021199
-0.000007
0.000000
0.015420
0.128330
0.056181
-0.075583
-0.023840
-0.000017
0.104751
-0.000567
0.000047
-0.055118
0.001236
-0.001044
-0.012092
0.344610
1.307412
0.001008
0.391203
-0.212456
0.002111
0.000000
0.072962
0.844444
-0.033123
0.000160
-0.526054
-0.000020
-0.013302
0.005305
-0.000139
0.022883
0.000390
-0.130458
0.001415
0.002680
0.041905
-0.000104
0.000003
-0.006554
0.105271
0.007109
0.000154
0.078646
-0.001216
0.826839
0.003203
0.000002
0.000019
0.001204
-0.000006
0.000000
1.519725
1.150748
-0.292344
0.137313
-0.000153
0.392178
0.342369
-0.001739
0.070208
-0.009201
0.286082
-0.000176
0.028633
-0.274776
0.558036
-0.026801
0.078753
-0.002525
0.000000
0.000000
0.465638
-0.399069
-0.012716
0.034234
0.000094
-0.000057
0.001667
-0.000103
0.000020
0.002479
-0.000000
-0.012081
0.000000
-0.007692
0.001419
0.000171
-0.003159
0.296911
0.528759
-0.000013
0.000875
3.397435
-0.000000
-0.015595
0.024985
0.010456
0.000088
-0.023094
-0.000528
0.094533
0.152428
-2.649439
0.033808
0.648819
-0.008211
0.048671
-0.000000
-1.817278
0.001516
0.000059
-0.064552
-0.000746
-0.000003
0.006363
0.002940
0.001316
0.000002
-0.291919
0.477993
-0.226025
0.358158
0.000200
-0.000538
0.011199
0.002448
-0.013059
0.005802
-0.000427
0.077165
0.002060
0.000029
-0.057554
0.000000
0.140448
-0.284731
-0.000004
-0.034991
0.000009
0.290955
0.006754
-0.035644
1.168561
-1.424961
0.442101
0.000085
-0.144525
0.640363
-0.007490
-0.029476
0.212675
0.077769
-0.030802
1.814403
0.000048
0.016995
0.333688
0.094763
-0.000002
-0.030990
-0.034902
0.071841
0.017554
-0.319121
0.000000
-0.014159
-0.000002
0.012200
0.000004
0.005425
-0.000000
0.060378
0.444455
-0.006657
-0.000183
-0.001598
0.005061
0.037999
0.000189
-0.274068
0.000027
0.055302
0.382829
0.130031
0.000000
0.000442
-0.000883
-0.000657
0.020292
0.035546
-0.000332
-0.020033
0.000000
-0.000070
-0.010735
-0.003251
0.010075
0.000003
0.000701
0.002722
-0.000107
0.004845
-0.010451
0.000650
-0.000031
1.131137
0.003564
-0.312668
0.008893
-0.001776
0.038487
0.029130
-0.058316
-0.003912
0.000060
0.000403
0.006034
-0.098788
-0.017870
0.000144
0.128344
-0.000964
-0.004679
-0.092535
0.000007
1.587742
0.055709
0.000100
0.156952
0.000001
0.000035
0.372531
2.761449
-0.029008
0.003123
0.218512
0.805684
-0.044068
-1.543721
-0.098678
0.013492
0.002933
0.269902
-0.270262
-0.000005
0.000023
0.054401
0.000000
0.000088
-0.159008
0.051588
1.700519
-0.010626
2.769595
0.380190
0.000038
0.302861
-0.271165
0.000001
0.051848
-0.010515
1.353934
-0.263746
0.022073
0.177353
0.001494
-0.139554
-0.000113
-0.000052
-0.000056
-0.000485
0.058697
0.081539
0.100776
8.209534
-0.742136
-0.009684
-0.000226
-0.000000
0.135823
-0.065665
-0.000914
0.071461
-0.002971
-0.033209
0.002347
0.080085
0.004786
-0.111202
-0.054646
-0.440837
0.013366
0.000006
-0.000572
-0.001778
-0.292760
0.000003
-0.021969
-0.010706
0.501926
-0.000003
-0.000005
7.336793
0.003497
-0.042367
0.000234
-0.001386
-0.483421
0.000879
-0.015080
0.000786
0.000015
-0.006336
-0.029341
0.013390
0.000220
-0.112344
0.000000
-0.004478
0.362070
0.006108
0.016105
0.013100
-0.001869
-0.312274
-0.002599
0.025825
-0.005128
-0.224887
-0.000004
-0.022001
0.138154
0.000183
-0.133736
-0.071796
0.001441
0.122567
-0.069283
-0.104819
0.539912
0.046000
0.374786
-0.243827
0.000003
0.009236
-0.028303
0.000000
0.105771
0.010948
-0.000045
-0.013472
-1.460935
-0.008608
0.001025
0.005107
0.000030
-0.137192
-0.010733
0.327796
-0.228404
-0.002085
-0.184529
-0.000000
0.215110
0.379984
0.000002
0.293697
-0.003678
-0.021419
0.000373
0.000237
0.739002
0.000776
-0.055192
-0.000754
0.292707
0.000957
0.000026
0.046232
0.000310
-0.001161
-0.000018
0.000238
-0.164956
14.682668
-0.002628
0.003559
-0.078564
0.055493
-0.001210
-0.031174
0.020751
-0.000000
0.002116
-0.000013
0.001411
0.000016
0.038197
-0.001821
-0.130655
0.049387
-0.003677
0.006166
-0.004714
-0.001664
-0.018756
0.001898
-0.000217
0.077070
-0.256571
0.000001
-1.601023
1.631630
0.000002
-0.012733
-0.159678
-0.007399
0.000027
0.440143
-0.331402
0.120755
-0.003315
-0.000006
-0.000785
-0.017339
0.099763
-0.173039
0.034387
-0.124050
-0.000000
-0.000000
0.000016
0.091521
0.158369
-0.002419
-0.121812
-0.006503
0.229389
0.008649
-0.000000
0.026176
1.650007
0.052489
-0.014640
0.341502
0.214534
0.121501
-0.001172
-0.000139
-0.000151
-3.096698
-1.751187
-0.079376
0.003638
0.090198
0.000160
0.000000
-0.002227
232.910165
-0.000005
-0.042042
-0.020985
0.000217
0.161209
-0.023228
-0.118523
-0.021884
-0.006403
0.000000
0.496955
-0.000754
-0.000454
0.131919
-0.007565
-0.177368
-0.089246
0.087552
0.005884
0.002616
0.000703
-0.001231
0.136231
0.022572
-0.004822
-0.000095
0.091681
0.000065
-0.568707
-0.000016
0.001189
0.000001
0.023749
0.000128
-0.016413
0.545794
0.014464
0.057740
0.000004
0.829588
0.000766
0.326049
0.429295
0.005866
-0.000186
-0.021076
-0.006513
-0.000000
0.000249
-0.348430
0.196809
0.001214
0.155621
-0.006855
0.002188
0.000000
0.000000
-0.002466
0.035012
-0.000045
0.072309
0.000209
-0.000008
0.009367
-0.000062
-0.002147
-0.094964
-0.000014
0.212991
-0.000018
0.004347
-0.009040
-0.000441
0.185012
0.000578
-0.000115
0.007961
0.067839
0.071113
-0.194726
-0.000007
-0.078417
-0.004923
0.009340
0.000453
-0.000002
-0.001442
0.071714
0.000050
-0.247125
0.069970
-0.074893
-0.000013
-0.535809
3.437416
-0.450752
0.451978
0.235037
-0.034018
0.244530
-0.021188
-0.238932
0.484797
0.005896
-1.955876
0.000673
0.001677
0.000064
-0.052042
0.001748
-0.000621
-0.020845
-0.022065
0.073067
0.001366
0.137341
2.025645
0.000156
0.741243
0.010841
0.000538
-0.544980
-0.000000
0.003455
-0.000339
-0.000006
0.075141
-0.001623
-0.008342
-0.421805
-0.003498
-0.000000
0.000005
0.001119
0.220610
-0.065390
0.986633
0.259662
-0.253626
-0.460717
0.000210
0.087528
0.095534
-0.000000
-0.014535
-0.156273
-0.003275
-0.004167
0.000001
-0.000005
0.000883
0.187235
0.104315
0.003989
-2.030033
0.314779
0.116347
-0.422349
0.074415
-0.314772
0.054063
0.007001
0.000000
-0.001759
0.000026
0.030108
-0.017624
-0.012940
-0.109909
0.021532
-0.022240
0.026282
0.992563
-0.074579
-0.005716
-0.175419
0.019243
-0.000002
0.168435
0.006153
0.578979
0.023708
0.662301
0.000042
0.000035
0.000534
4.636503
0.051738
0.000000
0.000310
-0.000000
-0.000000
0.097188
0.001104
0.008499
0.093971
0.013257
0.090631
-0.000002
0.005531
-0.000011
0.000000
0.349868
0.002846
0.003491
-0.000052
-0.000004
0.024027
0.298096
0.868384
0.286990
-0.030407
-0.000106
0.024899
0.006148
-0.000140
-0.000717
-0.000169
-0.000797
-0.000054
-0.007150
0.204690
-0.158077
0.000251
0.000051
0.009459
-0.106861
-0.008810
-0.053822
-0.031794
0.000016
-0.000004
-0.000034
0.208812
0.121199
0.000000
0.092832
0.865943
0.046562
0.006963
-0.000068
-0.007810
0.000000
0.000786
0.008181
-1.101848
0.000378
0.000010
-0.000423
-0.000931
-0.000004
0.027142
0.000364
4.810467
-0.014257
-0.003725
-0.210238
1.112915
-0.006072
0.003783
-0.004695
0.006144
-0.000961
-2.132716
0.000017
0.098969
-0.000003
0.101178
0.001824
0.000945
0.000000
-1.552806
-0.000124
0.000757
-0.000059
-0.063577
-0.862063
0.017404
-0.013606
-0.000002
2.749792
-0.000167
1.536325
-0.256032
0.036950
-0.012876
-0.000769
0.000015
0.000392
-0.000772
0.004953
0.001729
0.030936
-0.000002
-0.009193
-0.060318
-0.190143
0.000134
0.000053
-0.000003
0.000032
-0.221103
-0.000006
0.000001
0.003755
-0.004022
-0.159461
0.000018
0.000004
0.000515
0.172328
0.000028
-0.000096
-0.042054
-0.006412
-0.076111
-0.000263
-0.006289
-0.398173
0.000223
-0.014712
-0.010594
-0.000003
0.032570
0.005502
0.149426
-0.009629
-0.028829
-0.127624
-0.039476
-0.003048
0.005674
0.054537
-0.147701
-0.184541
-0.000001
0.000061
0.086365
0.053260
-17.696865
-0.010473
0.154674
-0.000871
0.193714
-0.003988
0.029939
-0.000505
0.004453
-0.000347
0.002648
0.324287
0.246934
-0.000005
-0.026014
-0.004629
0.034125
0.000069
-0.003739
0.393399
0.004722
-0.012139
-0.018662
0.012102
0.105049
-0.216044
-0.086588
0.095116
-0.000001
-0.009388
-0.000074
0.029819
-0.000006
-0.001536
-0.000117
0.058826
0.077990
-0.003109
0.020838
-0.190976
6.217033
0.001412
0.403103
0.000114
0.102240
0.006004
-0.007809
-0.000494
-0.000000
0.090296
-0.131581
0.150531
0.124663
0.000023
-0.060942
-0.000198
-0.003880
-0.001839
-0.120020
-0.000003
-0.000901
-0.000770
-0.002183
0.000260
-0.001841
-1.461458
-0.149207
-0.000003
-0.000730
0.074511
-0.026711
0.000346
-0.008213
0.000862
0.097123
-0.000003
-0.051973
-0.002078
-0.017192
-0.091225
0.050201
0.000363
-0.155064
0.339444
-0.002759
-0.025938
0.790722
0.013417
0.093911
-0.566665
0.065728
-0.111674
-0.000727
-0.000000
0.019542
0.001312
0.000101
-0.378031
0.000808
0.172098
-0.267887
-0.000001
3.256482
-0.000000
0.000000
0.000701
-0.133982
-0.003273
-0.215308
-0.062093
-0.001936
0.005226
-0.000006
0.028026
0.013387
-0.002832
-0.000027
0.000000
-0.021592
0.000656
-0.000283
0.096290
-0.003146
-0.027070
-0.135468
-0.156660
-0.002582
-0.205234
-1.090151
3.976854
-0.002250
-0.000001
0.000001
0.000039
0.000000
-0.002926
-0.000000
-0.000682
-0.003532
-0.045019
-0.043265
0.000000
-0.019501
-0.035069
-0.066830
0.020699
0.011839
-0.008981
-0.000026
1.717277
0.001345
2.347134
-0.131659
-0.000001
0.003784
0.444659
-0.358476
0.018396
0.000031
0.000001
-0.020067
-0.039295
-0.151737
-0.000333
0.086200
-0.002073
0.000089
-0.006873
0.612040
0.000313
-0.007433
0.005667
0.210903
-0.026569
0.027711
0.231174
-0.170802
-0.156588
-0.048232
0.000000
0.158470
-0.038090
0.000497
-0.012407
-0.005208
0.000019
-0.000814
0.003202
0.032220
-0.000007
-0.021016
-0.330001
-0.000514
0.077130
-0.143835
-0.018699
0.000017
0.004752
-0.022884
0.019124
1.269613
-0.000002
-0.449156
-0.000020
-0.603399
-0.000462
0.000210
-0.016303
-0.166272
-0.000012
-0.000003
-0.010044
0.006638
-0.039182
0.000000
0.731221
-0.000003
0.371402
-0.072234
-0.021279
-0.033904
-0.000208
0.005362
-0.000003
-0.009277
0.046612
0.027964
0.000051
0.000000
-0.000025
0.000003
-0.000007
-0.117584
-0.000907
-0.000218
-0.002284
0.025572
-0.010074
0.000000
0.036128
0.000046
0.000013
0.057546
-0.000005
-0.000000
0.410901
-0.005611
0.316252
-0.000000
-0.555245
-0.019628
0.377350
34.531799
0.029740
0.002577
0.001626
-0.013920
-0.003793
-0.018461
-0.010939
0.000174
-0.000004
-0.011028
-0.000000
0.001882
0.111706
-0.209965
0.247852
-0.007054
-0.000000
-0.000000
-0.000001
-0.008564
0.020625
-0.355055
-0.392138
-0.000001
-0.022238
-0.000041
0.477529
-0.000586
0.024662
-0.032294
-0.000029
-0.037836
0.313048
0.118920
-0.000555
-0.000001
-0.055682
0.000000
-0.000967
-0.056703
-0.000678
-0.001243
0.000000
-0.307815
0.005868
-0.359911
-0.042105
0.000470
-0.000046
0.009857
-0.011502
-0.000058
0.000000
-0.189901
0.017096
0.013020
-0.277489
-0.000002
0.042109
0.238245
0.024385
-0.004091
-0.000199
-0.005810
-0.002409
-0.008331
0.258341
-0.000062
-0.028139
-0.000002
-0.000005
0.000797
0.000012
-0.001174
-0.093221
0.215231
-1.058889
0.004471
0.000008
0.012115
-0.006206
0.220321
-0.000455
3.323548
-0.000425
-0.026216
0.116159
-0.004240
0.098545
-0.090812
-0.104716
-0.000470
0.072511
-0.000098
-0.000000
0.000006
0.075496
2.200474
-0.000714
-0.080686
0.060520
0.163121
0.000002
-0.084545
0.000586
-0.000005
0.024646
0.199695
0.002297
0.000000
-0.155549
-0.051061
0.000000
0.000000
0.006326
0.258775
-0.000142
-0.051792
1.055606
0.000532
0.200749
-0.000135
0.121088
0.184633
0.740866
-0.041651
-0.000010
0.000208
-0.019881
0.002319
0.000001
-0.248412
-0.056667
0.026816
0.000002
0.002644
-0.030377
-0.016632
-0.000031
-0.168870
7.056127
-0.000040
-2.636175
1.105340
0.000000
0.259268
0.011496
-0.081909
-0.002484
-0.001977
-0.008007
-0.080195
0.002087
0.004421
0.003623
0.783772
0.000666
1.304266
0.000000
-0.017840
0.440781
0.000005
0.029564
0.038243
0.003808
-1.813219
0.837146
0.000940
0.000475
0.235820
-0.000817
-0.000000
0.000434
1.108253
-0.002445
0.053119
-0.003380
0.001286
0.165927
0.073296
0.000033
-0.049855
0.025194
0.000314
0.479763
-0.000000
-0.006439
0.000149
0.000212
0.032476
0.001489
-0.000051
-0.000197
-0.009683
-0.018330
-0.001434
-0.000008
0.514234
0.000007
-0.000051
-0.000285
0.000070
-0.021530
-0.668763
-0.000000
0.000004
0.077835
0.004273
0.359530
0.000001
-0.015246
0.009345
-0.008011
-0.002573
-0.002630
0.001647
0.017662
-0.000156
0.039974
-0.000615
0.228335
-0.000012
0.000194
-0.195019
0.000111
0.018970
-0.217184
-0.000097
-1.572030
0.000000
0.281850
-0.296671
-0.001008
0.008848
0.025538
-0.000015
0.185587
0.001660
0.028032
-0.009919
0.000000
0.000001
-0.002653
0.090153
0.706253
-0.418569
-0.013469
-0.085723
0.236718
0.061269
0.060131
0.000053
0.118021
0.025330
-0.147366
0.010031
0.009741
-0.000296
0.003333
-0.032400
-0.000000
-0.000000
0.133312
0.000017
0.317367
0.000363
0.197788
2.518483
0.002388
0.015288
0.000001
0.222991
0.000263
-0.454229
-0.000937
-0.017145
-0.168702
0.027797
-0.199813
0.238285
0.000000
-0.000142
-0.017717
0.001654
-0.000042
-0.125919
-0.000445
-0.004790
0.222228
0.000811
0.004063
-0.000002
0.628903
-0.000000
0.025457
0.138453
0.178084
1.224459
-0.009110
-0.062156
0.232973
0.021891
0.008319
1.089419
0.064472
-0.968782
-0.177888
0.060101
-0.051184
-0.002659
-1.128416
0.000620
-0.000051
-0.001323
1.589861
0.017089
0.016005
-0.000001
0.000008
-0.000659
0.009173
-0.001695
-0.582011
-0.000010
0.060459
0.340943
-0.111257
0.000000
-0.000008
-0.160265
-0.001128
0.000001
-0.100969
-0.017700
-0.040071
0.027064
-0.056400
0.172239
-0.000005
0.057032
1.202990
0.006205
0.565826
0.803314
0.011662
-0.000029
-0.000167
-0.000000
3.761093
3.877826
-0.103379
0.000379
0.000003
0.000413
0.100257
0.000502
-0.000000
0.253946
-0.085888
0.051912
-0.000000
0.023364
-0.000216
0.998778
-0.025749
-0.174519
-0.000000
-0.255918
0.001909
0.000000
0.514932
-0.000005
0.575925
-0.079736
-0.073810
0.003767
-0.000598
-0.010505
-0.018208
-0.000006
-0.022660
0.012591
0.056784
-0.000003
0.039279
0.036184
-0.000043
-0.040958
-0.000001
-0.317316
-0.000021
6.463653
-0.000000
-0.000000
-0.002564
0.086028
-0.339838
0.043752
0.236236
-0.100699
-0.680909
0.000008
0.000027
0.089697
0.345857
-0.081792
-0.008067
-0.039671
0.007991
0.001391
-0.000048
-0.000140
-0.000000
-0.009339
0.000039
0.000045
-0.002101
0.000885
-0.035338
0.000814
-0.053690
-0.001997
0.000007
-0.046850
-0.000001
0.000038
-0.000019
-0.324298
-0.000853
0.108397
0.000013
0.000725
-0.000020
0.000002
-0.000735
0.000036
0.000000
0.077498
-0.014117
0.065509
-0.000000
-0.025690
0.000000
-0.098897
0.082153
-0.265304
0.026555
0.000921
-0.000233
-2.357205
-0.000014
0.000821
-0.000011
0.015446
0.004878
-0.000273
-0.021185
0.146871
-0.000001
0.000018
-0.062859
-0.013495
0.005345
0.102991
0.216666
-0.210394
-0.000004
0.003010
0.000003
0.002806
-0.000000
0.267761
0.022588
0.048216
0.227123
0.481954
-0.002669
0.082781
-0.000073
0.097271
-0.000132
-0.000039
-0.000000
0.022418
-0.000412
-0.003515
0.000004
0.000000
0.004895
0.840475
-0.000000
0.000300
0.891201
0.002788
0.116403
-0.000903
-0.000397
-0.048955
0.218160
0.807545
-0.018207
-0.063355
-0.104944
-0.289797
0.440631
-0.001464
-0.116161
-0.000000
0.061323
-0.017906
-0.269186
-1.774668
0.000441
