-0.129140
-0.135672
-0.216520
-0.127817
-0.077818
-0.158841
-0.113003
0.020627
0.189099
-0.023999
-0.033568
-0.323212
-0.046494
-0.124930
-0.153864
-0.030325
0.004671
-0.042728
-0.061709
0.143652
0.092594
0.024253
-0.140645
-0.016324
0.088773
-0.223527
0.046576
-0.069905
-0.192047
-0.038767
-0.027604
0.329954
-0.000259
0.078203
0.025730
0.110668
-0.061050
0.193077
-0.156397
0.375824
0.288677
0.272174
0.098094
0.054691
0.021470
0.071263
0.063856
0.004123
-0.026228
0.146840
-0.028769
0.246299
-0.123469
0.151322
0.174884
-0.179703
0.197956
-0.034511
-0.066092
0.048081
-0.004244
0.076943
0.114618
-0.165423
0.159107
0.039938
0.097011
-0.058274
0.087440
0.298784
-0.075906
-0.039493
0.198556
0.128351
-0.193500
0.321688
0.046117
-0.065043
0.166741
0.030135
-0.108074
-0.124713
-0.171014
0.262050
0.160701
0.042531
0.129730
0.277379
-0.032196
-0.029255
0.342586
0.408173
-0.166170
0.082080
0.023288
0.049422
-0.242023
0.045515
0.059998
-0.062547
0.023812
0.079022
0.167789
0.145158
0.062132
0.007722
0.010708
0.184483
-0.025202
-0.042362
0.062611
0.039088
0.042177
0.285760
-0.008641
0.016553
0.096880
0.129961
0.058404
-0.048509
-0.061277
0.041067
-0.005972
0.015372
0.102305
0.016144
0.069951
0.120706
0.153517
0.194634
0.093315
-0.223711
-0.063407
-0.166796
-0.059858
-0.153066
0.021204
0.150337
0.120084
0.019921
-0.226143
-0.059521
-0.181998
0.087613
-0.099063
-0.073582
-0.109783
0.001515
-0.055689
0.054816
0.102949
-0.044573
-0.074467
-0.097319
0.091283
-0.024210
0.197235
-0.115049
-0.047320
-0.204337
0.200547
-0.196875
-0.201312
-0.274689
-0.263304
-0.015289
-0.127949
-0.277269
-0.196615
-0.098421
0.194731
-0.173718
-0.220136
0.068250
-0.336240
-0.266202
-0.109409
-0.067812
-0.169261
-0.253913
-0.006249
-0.159833
-0.010375
0.059604
-0.046541
0.022760
-0.014437
-0.283266
0.034541
0.240810
-0.142932
-0.245994
-0.184801
-0.049272
-0.184968
-0.240418
-0.203378
0.115112
-0.307758
0.117164
-0.196392
0.222387
-0.294582
-0.214938
-0.169061
-0.135576
-0.146010
-0.002255
0.136418
-0.020959
0.046288
0.090739
-0.083114
-0.285160
0.174807
0.015049
-0.108057
0.003395
-0.120197
-0.187897
-0.073921
-0.215609
-0.089138
-0.271995
-0.032460
-0.006655
-0.019234
-0.073835
0.003103
-0.018972
-0.162856
-0.111149
0.040620
0.049606
-0.086083
-0.161600
-0.087953
0.056472
-0.006102
-0.154409
0.122024
-0.044621
-0.100932
0.134297
0.053489
0.066734
-0.098277
-0.016902
-0.098204
-0.083980
0.085177
-0.152411
-0.072434
-0.163474
-0.083906
0.127886
-0.012209
0.148791
0.072500
0.067758
0.043962
-0.028223
-0.062312
0.027828
0.108707
0.102851
-0.167081
0.008509
0.127662
0.052773
0.077788
0.167968
-0.061077
-0.048234
-0.098029
0.037694
0.127387
-0.001845
0.208282
0.166541
0.077828
0.030439
0.035205
0.101442
-0.034138
0.070358
-0.016934
0.086912
0.123653
0.058292
-0.122355
0.164182
0.009744
0.010279
-0.181265
0.134589
0.071283
0.028336
0.196907
-0.006304
-0.073961
0.040533
-0.085221
0.096686
0.035158
-0.012797
0.066865
0.018240
0.045885
-0.002362
0.092693
-0.072725
0.288610
0.155524
-0.049676
0.079720
0.022841
0.136058
0.092370
0.298834
-0.067034
-0.032179
0.128950
0.249874
-0.033826
0.059750
-0.100713
0.164515
0.184036
0.120039
0.175717
0.160205
-0.004231
0.031402
0.284845
0.048893
0.089324
0.219640
0.260580
0.020638
0.231190
0.222158
0.003966
-0.060756
0.135765
0.039332
0.191248
-0.020473
0.132833
-0.144609
0.203278
0.037910
-0.061864
-0.051116
0.081515
-0.095874
-0.148097
-0.197808
0.141050
-0.004682
-0.093139
-0.034224
0.138915
-0.017815
0.124583
0.011684
0.185006
0.130047
0.112479
0.067881
-0.088437
-0.111248
0.065317
0.067080
0.125317
0.079760
0.104201
0.045323
-0.119069
0.035481
0.152255
0.101159
0.135251
-0.043187
0.045595
0.068791
-0.035394
0.079529
0.145896
-0.091200
0.028631
-0.123141
-0.016617
0.111044
-0.046756
0.002079
0.028360
-0.040204
0.049057
0.031700
0.120383
0.119710
0.019910
0.018642
-0.067142
-0.054959
0.140889
-0.000056
-0.067333
0.117615
0.176520
0.015272
0.212822
-0.013744
0.141975
-0.002579
0.092440
0.061787
-0.050187
0.066363
0.010354
-0.095599
0.018937
-0.026295
-0.053175
0.077221
-0.039845
0.105443
-0.100150
-0.006865
0.177061
0.043445
0.151380
-0.130957
-0.053772
-0.089429
0.024856
0.235693
0.042957
0.057122
-0.038628
-0.080559
-0.098814
-0.134962
-0.108771
-0.015092
0.074226
0.061065
-0.139390
-0.147376
-0.093429
0.046999
0.152621
0.002735
-0.052375
-0.024407
-0.035137
-0.141279
-0.132728
-0.072329
-0.176257
-0.065867
0.203257
0.050820
-0.148385
0.074987
-0.202617
-0.167513
-0.016950
-0.108478
0.069671
-0.205295
-0.191984
0.158972
-0.018090
-0.162467
-0.118274
-0.210624
-0.091628
0.155106
-0.144175
-0.103492
-0.280637
-0.102182
-0.142761
-0.021756
0.079514
-0.129236
-0.178611
-0.235196
-0.214334
-0.120722
-0.144847
-0.133257
0.003601
-0.185301
0.076754
-0.076309
0.131312
-0.041271
-0.142197
0.043757
-0.110001
-0.223158
0.009105
-0.234560
0.073468
-0.128981
0.082368
0.163181
0.070200
-0.265198
-0.164689
0.038734
-0.116301
-0.020854
-0.188700
-0.283594
0.054697
-0.150609
0.094600
0.036127
-0.147696
-0.026139
-0.020541
-0.208615
0.030681
0.152309
-0.251359
0.077113
-0.226844
-0.199104
-0.293222
-0.078230
0.065652
-0.225085
0.134919
-0.187977
0.115190
-0.208345
0.092528
-0.202314
-0.226990
0.163054
-0.169964
-0.002382
-0.171729
-0.203920
-0.110114
-0.007063
0.007049
-0.206219
-0.153536
-0.121982
-0.165355
0.088169
-0.300707
-0.033639
-0.112832
-0.084095
-0.111711
-0.101294
0.018161
0.032176
-0.075608
0.006894
-0.301586
-0.250062
-0.095748
-0.090119
-0.129232
-0.123230
-0.083122
-0.094128
-0.089490
0.088140
-0.185985
-0.027705
-0.141692
-0.069485
0.061861
-0.076781
0.119449
-0.172904
-0.200496
-0.174277
-0.102101
-0.135487
0.018406
0.047433
-0.001405
-0.131363
-0.113861
0.150685
-0.037594
-0.074392
0.161971
0.059011
-0.174665
0.042181
0.121139
0.113364
-0.174175
0.095107
-0.169435
0.161379
-0.084780
-0.178219
0.049004
0.092268
-0.042557
-0.173407
0.011090
-0.184210
0.002938
-0.065093
-0.004471
-0.169257
-0.139012
0.088405
0.006923
-0.107908
-0.093431
-0.090346
-0.064796
0.018419
0.091223
0.079144
-0.043954
0.024976
-0.152924
-0.091148
-0.131945
0.026272
-0.140703
-0.046941
0.026830
0.047381
0.116781
-0.047587
-0.075233
-0.093040
-0.060439
0.009787
0.102065
0.080580
0.116501
0.082095
0.213727
0.015702
-0.046324
0.057895
0.002977
0.138703
-0.180270
-0.023075
0.049025
-0.122413
0.066350
-0.013567
-0.019113
0.256098
0.035908
0.078187
0.083305
-0.095031
0.044757
0.048011
-0.018413
0.021046
-0.019548
-0.086140
0.113436
-0.130437
0.011414
0.093889
0.076598
0.078545
-0.018581
0.025771
0.111723
-0.100134
0.058678
0.098414
-0.036898
0.024637
0.082823
-0.096051
0.195031
0.186232
0.002787
-0.032964
0.008393
0.102333
0.055904
0.091379
0.052237
0.139017
-0.171255
-0.131690
-0.014034
-0.102488
-0.088533
0.118363
0.002120
0.098598
0.030276
0.038707
0.090545
0.083207
-0.007307
0.174984
0.072733
0.016917
-0.051341
0.020423
-0.028582
0.040907
-0.014210
0.108819
0.176841
0.056645
0.126125
0.065778
0.136347
0.091615
0.032709
-0.050646
-0.004965
0.095625
-0.016323
-0.045027
0.023250
0.024994
0.072373
-0.043088
0.142514
0.228318
0.145227
-0.100295
0.018058
0.004594
0.040246
0.086768
-0.018822
0.037686
0.207384
0.087598
0.089228
0.015808
0.043973
0.194576
-0.080104
0.136497
-0.096335
-0.064579
0.032182
0.071775
0.064461
0.025022
0.081408
0.111484
-0.095158
-0.086207
0.060936
0.032801
-0.009158
-0.011168
0.097989
0.047264
0.024735
-0.000634
0.092674
-0.069145
-0.091273
-0.033916
-0.063589
0.041608
-0.037100
-0.037613
0.030454
0.078028
-0.052628
0.043401
0.097994
0.096386
0.035843
-0.105949
-0.050245
0.173654
0.107166
-0.071625
-0.106857
-0.012764
0.002508
0.016490
-0.021027
0.129303
0.044821
0.078693
-0.027604
-0.129735
-0.096953
0.038015
0.047082
0.059783
0.019840
-0.022982
-0.129218
0.143984
-0.030568
0.065924
-0.091275
0.029550
0.111531
-0.101340
-0.119500
-0.010499
-0.097090
0.104634
-0.083827
-0.071902
-0.111241
-0.124503
-0.005845
0.003393
0.012470
0.001251
-0.043472
0.189902
0.070961
0.050785
-0.116182
-0.049992
-0.000514
-0.084490
-0.101086
-0.088867
0.028062
-0.016742
0.089512
-0.022973
0.078744
0.023029
0.108358
-0.102183
0.028063
-0.027730
0.058299
-0.078399
-0.104002
-0.018228
-0.041382
-0.196344
-0.052866
-0.017383
-0.006517
-0.080055
-0.047121
-0.026334
-0.134730
-0.097418
0.056039
0.069772
-0.048512
0.042806
-0.007204
-0.107609
-0.181668
-0.145038
-0.111020
-0.063204
-0.102797
0.085020
-0.217359
-0.126576
-0.165763
-0.057354
-0.145010
-0.111893
-0.062032
0.035397
0.024570
0.093043
-0.126110
0.035387
0.087851
-0.116604
-0.178044
-0.122356
-0.069909
0.108578
0.017398
0.117500
-0.182202
0.031290
0.113383
-0.123891
-0.049038
-0.043642
0.168302
-0.168128
0.069364
0.104125
-0.114497
-0.153173
-0.078915
-0.047623
-0.151595
-0.137250
-0.125434
-0.070208
-0.044602
0.022494
-0.017705
-0.157264
-0.073418
0.126471
0.138970
-0.056921
-0.053661
0.050493
0.063091
-0.009137
0.098903
-0.089589
0.071104
-0.068896
-0.113385
0.014468
0.047132
-0.039679
-0.122375
0.102594
-0.179509
0.036302
-0.085175
0.017564
0.061182
-0.080785
-0.040709
-0.009547
-0.042501
-0.065357
0.107547
-0.109710
0.131137
0.110256
-0.038653
0.039377
0.054488
-0.040206
0.000821
0.029091
-0.067497
-0.134390
0.020100
-0.114393
0.013300
0.068065
-0.075099
-0.100252
-0.092555
-0.088436
0.038242
0.038931
0.124904
-0.046833
0.074119
0.108032
-0.082900
-0.086138
0.062955
-0.087643
0.080282
0.055173
0.011180
-0.100051
0.025744
-0.101502
-0.112238
0.028317
-0.106354
0.016333
-0.062241
-0.143932
-0.113328
0.035706
-0.062900
-0.086566
-0.160810
-0.012100
0.086495
0.080734
0.081806
-0.119144
-0.040037
-0.132227
-0.080678
-0.143655
0.103727
-0.113274
0.039019
0.027803
-0.059280
0.016665
0.020715
-0.074625
-0.061284
-0.126289
-0.062608
-0.115539
-0.089308
0.019642
0.006474
-0.032583
-0.062259
0.125842
-0.007814
0.027664
-0.114086
-0.034982
-0.039657
-0.028471
-0.019497
0.087394
0.161661
-0.126673
0.043940
0.044065
-0.136444
-0.060411
-0.012544
-0.084690
-0.079468
-0.104430
-0.018480
-0.082722
0.107742
0.000706
-0.015050
0.094815
-0.083166
0.134974
-0.136331
0.183325
-0.074449
-0.076154
-0.106308
-0.007062
0.008457
0.298620
-0.010200
-0.043399
-0.029924
0.048510
-0.008953
-0.026102
-0.045088
-0.010756
0.020496
-0.034183
-0.012399
-0.123408
-0.085371
-0.071793
-0.013708
-0.039072
0.147572
0.062783
0.150321
0.015562
0.078084
0.176883
0.024984
-0.041911
0.012086
-0.034715
-0.085380
-0.085326
-0.050726
0.008850
-0.059609
0.016065
-0.004205
0.119294
-0.025588
0.005441
-0.062561
-0.040201
-0.142684
0.048417
0.129495
-0.006996
-0.121507
0.004315
0.056134
0.015167
0.002066
0.033152
-0.115476
-0.147304
0.015026
-0.006772
0.135876
0.116344
-0.007714
0.008272
0.119663
-0.114829
0.037822
-0.054599
-0.063835
0.107034
0.036696
0.053943
-0.038468
0.083940
-0.047510
-0.020632
0.100432
0.109007
0.014004
0.121952
-0.013198
0.090690
-0.002364
0.079169
0.031459
0.139313
0.038190
0.096268
0.024380
-0.007004
0.138552
0.120596
0.017622
-0.027100
0.051231
0.053878
0.028079
-0.121060
-0.052488
0.062039
-0.056146
-0.020563
0.100966
-0.017838
0.031413
0.042897
-0.010332
-0.023623
-0.003432
0.118907
0.100144
-0.110705
0.099057
0.104228
-0.003078
0.065393
-0.110849
-0.034417
0.112803
-0.019464
-0.069738
0.005957
0.121637
0.014392
0.021099
-0.034923
-0.003046
-0.104544
0.041910
0.000308
-0.009985
0.176591
0.021449
0.000415
-0.128330
0.023049
-0.004954
-0.080978
-0.028619
0.115413
0.046567
0.046176
-0.021395
-0.003674
0.071819
0.055457
0.129456
-0.086767
0.011422
0.006568
0.006113
0.153312
0.113853
0.029141
0.121125
0.096681
0.072184
0.085631
0.082792
0.066837
0.044452
0.030232
-0.048712
0.112891
0.063675
0.075198
0.042058
-0.026446
-0.031570
0.034545
0.080569
0.001137
-0.008854
0.022843
0.049136
-0.027330
0.147810
0.078545
0.009117
-0.049067
0.023679
0.035413
-0.004842
0.077428
0.136242
-0.085242
0.131867
0.006040
0.064713
0.007151
0.012193
0.091520
-0.025585
-0.087079
0.023666
-0.034349
0.084581
-0.003338
0.009903
-0.034225
0.040597
0.003602
-0.007902
0.129343
0.080870
0.013927
0.044643
0.086264
0.032603
-0.017291
-0.011510
0.014441
-0.118297
0.048235
0.006862
0.003181
0.000345
0.029978
0.097205
0.039706
0.082211
0.021517
-0.030681
-0.019304
-0.033191
0.036966
0.103837
0.143044
0.002764
-0.108325
-0.052765
0.087049
0.067090
0.061487
0.001095
0.002936
-0.052590
-0.021095
-0.037213
-0.010059
-0.036140
-0.057251
0.062830
-0.087024
-0.018120
-0.019199
-0.044308
-0.098614
-0.003282
0.054232
-0.046503
0.047994
-0.027435
0.061989
-0.082735
0.003899
0.175363
-0.037249
0.053433
0.016147
-0.054888
0.006467
-0.071649
-0.045221
-0.023028
-0.043146
-0.044874
-0.078803
-0.067204
-0.069788
0.082390
-0.000409
0.037018
0.043776
-0.033493
-0.112221
0.019796
0.139541
-0.032558
-0.091873
-0.055962
-0.059455
-0.023394
0.062158
-0.066362
-0.020252
-0.026387
-0.051570
0.004820
-0.009753
-0.023396
-0.055636
-0.000413
0.012048
0.024576
-0.032145
0.007985
0.068993
-0.012534
-0.014936
0.010874
0.064321
-0.031037
-0.116779
0.029169
-0.079195
0.063131
-0.055854
-0.056524
-0.082991
0.078249
-0.102471
-0.025302
0.008408
-0.033633
-0.086431
0.132316
0.022293
0.097174
-0.016247
-0.055392
-0.052875
-0.000785
0.066611
-0.021944
-0.072747
0.044868
0.112541
-0.079365
-0.026459
-0.042134
-0.064506
-0.040941
-0.031157
-0.052597
0.110257
-0.057201
0.098344
-0.000954
0.018801
-0.049586
0.124607
0.082999
-0.007190
0.006881
-0.056075
-0.050490
0.046112
-0.063320
-0.066050
-0.034813
-0.011421
0.045946
0.062639
-0.035775
0.040406
-0.177484
0.074920
-0.014611
-0.087877
-0.038077
0.036673
0.007553
0.001326
0.093947
-0.142830
0.002214
0.093234
0.020360
0.019091
-0.132013
-0.019139
0.127759
0.010444
-0.063642
-0.004000
-0.054780
0.084057
-0.004275
0.064571
-0.044472
0.077554
0.114505
0.018444
-0.043048
-0.108803
-0.033798
-0.085729
0.031043
0.039933
0.016696
-0.141016
0.072936
-0.135228
-0.093887
-0.065973
-0.027918
-0.096311
-0.032464
-0.161527
-0.087946
-0.006061
0.004100
0.052003
-0.003122
-0.023609
0.134083
0.052554
-0.115507
0.003535
0.014529
0.109625
0.023738
-0.025677
-0.090606
-0.065536
-0.131054
-0.022254
-0.079717
-0.062082
-0.019494
-0.075079
-0.045101
-0.041279
-0.038894
-0.152021
-0.046446
-0.002185
0.013224
0.072931
-0.077213
0.026544
-0.049520
0.137581
0.104307
-0.075788
0.038276
0.032576
0.022914
-0.120743
-0.058879
-0.037553
-0.009227
-0.040922
-0.096812
0.051017
-0.025499
-0.022202
0.043107
-0.114751
0.041627
-0.060087
0.047375
0.057824
0.182873
-0.045406
0.111054
-0.062152
-0.016174
-0.042145
0.058914
0.068859
-0.038286
0.010333
-0.025856
-0.003414
-0.037902
0.027927
-0.023975
-0.090037
-0.011096
-0.047808
-0.020955
-0.029075
-0.021200
0.009381
0.068214
-0.100795
-0.022644
-0.109273
-0.069576
0.077582
-0.084711
-0.021533
0.016132
0.101761
0.050212
0.050220
0.059389
0.071856
0.011757
0.025075
0.010973
0.002237
-0.051796
0.108491
-0.040425
0.155794
-0.031543
-0.001694
0.091523
-0.076649
0.007582
-0.087624
-0.006800
0.097112
0.054789
0.028020
-0.048248
-0.005336
-0.062683
0.001498
-0.082735
-0.082369
0.032787
-0.023948
-0.015784
-0.008467
0.064898
0.074631
-0.100413
-0.018134
-0.059059
0.049461
0.077780
0.026990
-0.108732
-0.041738
0.069150
0.082088
0.110005
-0.074174
-0.052412
-0.014775
0.010103
0.019631
0.053494
-0.000663
0.076118
-0.019111
-0.082116
-0.006590
0.021766
0.068678
0.108274
-0.002397
-0.058075
0.040336
-0.098142
-0.078412
-0.011116
-0.095718
0.068525
0.054306
0.121794
0.107353
-0.124782
-0.025727
0.099685
-0.066279
-0.030033
0.036009
-0.013764
0.146817
0.034746
-0.005919
0.012275
-0.009457
0.075997
0.018199
0.121214
0.121960
-0.007939
0.029903
-0.024122
-0.020834
0.129690
-0.087614
0.071696
0.001416
0.014392
0.024630
-0.034140
-0.018978
-0.012515
0.022435
-0.064820
-0.097560
0.028819
0.022761
0.065351
0.069954
-0.011972
0.012420
-0.034490
0.002123
0.024979
-0.029670
0.001565
0.037545
0.104036
-0.075804
0.015260
-0.015772
0.017116
0.018284
-0.036433
0.084363
-0.035170
-0.065306
-0.032159
-0.052633
-0.010632
0.046231
-0.012330
0.045795
0.035456
0.101202
-0.018187
-0.024522
0.003334
0.094264
0.073861
-0.017497
0.001689
-0.004292
-0.021987
0.092899
-0.025194
-0.013246
0.041971
0.038298
0.009897
-0.039831
0.010960
0.079400
0.003991
-0.043741
0.084568
-0.028561
0.014071
-0.014911
-0.013311
-0.028148
-0.004338
0.043614
0.032423
0.048571
-0.046175
0.081543
0.033473
-0.060468
0.099007
0.070727
0.113668
-0.077875
-0.004962
-0.058003
-0.031093
0.003384
0.036316
-0.011891
0.110177
-0.026105
-0.054134
0.051311
0.052556
-0.042736
-0.002417
0.068152
-0.017431
-0.007580
-0.081383
0.059139
-0.045739
-0.041501
-0.054499
-0.026102
0.001095
-0.062070
-0.028811
-0.033981
0.088431
-0.067762
0.003744
0.034807
0.138740
-0.042911
0.039591
0.045161
-0.073630
-0.014649
0.099783
0.101214
-0.003971
-0.024785
-0.012155
0.038311
-0.031937
0.049876
-0.003358
0.068948
-0.023870
-0.025826
-0.036477
0.041636
0.025604
-0.024521
0.048246
-0.108388
0.024600
0.041363
-0.045114
-0.018034
-0.036350
0.043495
-0.013097
-0.039371
-0.005742
-0.052127
0.064900
0.003519
-0.087137
-0.008802
-0.109914
0.012030
-0.102753
-0.067261
0.002359
-0.051441
0.025039
-0.044709
-0.021138
0.104907
-0.022745
0.008375
0.047991
0.020815
-0.043737
-0.011320
-0.011161
-0.011682
0.006333
-0.030532
-0.046476
-0.048118
0.036959
-0.006202
0.004903
0.005641
0.065612
-0.068709
0.020788
-0.094333
0.002227
-0.153388
-0.070281
0.165946
-0.069303
-0.017007
-0.022978
0.106052
0.049217
0.042304
-0.043564
0.083641
-0.001705
-0.152968
0.101984
-0.057695
-0.005539
-0.024205
-0.001091
0.087712
-0.002873
0.047265
0.003986
-0.000783
-0.063064
0.029963
0.005231
-0.068407
-0.029310
0.094328
-0.103301
0.023986
-0.011313
-0.066435
0.039648
-0.039740
0.032989
0.025394
0.126159
-0.050486
0.068006
0.015224
-0.043901
-0.071884
0.085000
-0.001212
0.018737
-0.078686
-0.051091
0.021478
0.009233
-0.056667
-0.011134
-0.024234
0.036214
0.074631
0.043542
-0.039564
0.042331
-0.113814
-0.030706
0.049613
-0.025548
0.020820
0.104203
0.020888
-0.082940
-0.050377
-0.057504
-0.026745
-0.057867
0.060115
-0.015341
0.000121
0.051378
0.016828
0.098575
-0.042835
-0.048824
0.018704
-0.048895
-0.051748
0.062369
0.044584
0.015188
0.024470
-0.072125
0.181031
-0.030469
0.017519
-0.029643
0.067449
-0.053450
-0.041127
-0.020198
-0.038391
-0.007146
0.047542
-0.013566
0.057584
-0.028726
0.087259
0.028606
-0.072675
0.063734
-0.081967
-0.011077
-0.015343
-0.049388
0.014065
0.021186
-0.026198
0.059968
-0.044244
-0.100982
-0.090541
-0.077074
-0.031328
-0.080806
0.030106
-0.019511
0.115259
-0.010900
-0.069345
0.005201
-0.106711
-0.047269
-0.002832
-0.006701
0.059998
-0.080600
-0.051938
-0.090374
0.023233
-0.115702
0.088498
-0.055955
0.015737
-0.006853
0.012496
0.020530
-0.031750
-0.075671
0.023515
-0.085679
-0.009245
-0.005110
0.123992
-0.042119
0.060130
-0.069645
-0.000532
0.063070
-0.037430
-0.046539
0.099279
0.032036
0.025458
-0.034677
-0.069761
0.069797
-0.048634
-0.001548
-0.056040
-0.025535
0.145706
0.015140
0.003622
0.104092
0.057642
0.117656
-0.029603
-0.088974
0.041594
-0.073935
0.025035
-0.071487
-0.015456
-0.023581
0.098950
0.003117
-0.049139
-0.029196
-0.010067
-0.015102
-0.145749
-0.092623
-0.000600
-0.121676
-0.015420
0.046439
0.032417
0.037709
-0.035103
0.086794
0.057494
0.022592
0.120597
-0.033918
0.078760
0.015499
-0.005734
-0.026542
-0.086754
0.067459
-0.062543
0.063277
-0.023784
-0.025366
0.010045
0.012013
-0.016164
-0.039468
-0.016661
-0.093882
-0.028932
-0.051235
-0.084897
0.094629
-0.037026
-0.039365
0.012336
0.088855
0.060391
-0.057907
0.044976
-0.028721
0.003319
0.040445
0.015585
-0.024741
-0.072296
0.003079
-0.112632
0.009330
-0.000835
-0.081456
0.063031
0.082517
-0.047197
-0.089056
-0.054054
0.009642
0.112190
-0.058148
0.071745
-0.047041
-0.068430
-0.097981
0.039303
-0.003462
-0.060978
-0.077104
0.007391
-0.080871
-0.052388
-0.068383
-0.046237
0.034006
-0.062414
0.016894
-0.039913
-0.014503
-0.064294
0.093586
0.017731
0.060013
-0.030365
0.092424
0.085295
-0.070786
-0.095018
-0.059763
0.086660
-0.078679
-0.113776
0.026933
-0.080511
0.075991
0.000027
0.033546
-0.025311
0.105495
0.026220
0.064369
-0.137827
0.051181
0.041925
0.102401
-0.000457
-0.067147
0.162069
-0.022176
0.012918
-0.056325
0.017034
0.073272
-0.108684
-0.016071
-0.049988
0.073263
0.008999
-0.033331
0.002175
0.089904
0.052043
0.058476
-0.044267
-0.073189
-0.117234
-0.081894
0.024670
-0.028091
0.006528
-0.125532
0.059211
-0.034499
0.011897
0.063625
-0.027597
0.086829
-0.026364
-0.040744
-0.071088
0.004951
-0.149611
-0.071042
0.001193
-0.019842
-0.010559
-0.026273
-0.054945
-0.001290
-0.010964
0.099447
-0.039371
-0.030306
0.027182
0.079212
0.057054
-0.004043
0.052672
-0.040148
0.069609
0.075892
0.003562
-0.057860
0.031190
-0.032127
0.065480
-0.014663
-0.007009
0.111927
-0.049569
0.081156
-0.020264
0.088400
0.047504
0.003521
0.012608
0.016918
-0.091493
0.135338
-0.050503
-0.056240
0.042362
0.004383
0.079792
0.034766
-0.095717
-0.067583
-0.030474
0.027052
-0.018433
-0.012854
0.021821
0.066828
0.034286
-0.058038
0.001723
0.029022
-0.007312
0.070931
-0.013124
-0.009280
0.009829
0.010322
0.034619
-0.090965
0.061212
-0.017697
0.012993
0.055912
-0.031410
0.041069
-0.005594
0.082417
-0.000629
-0.000635
0.029040
0.000305
0.080273
-0.005976
0.017896
0.069885
0.032446
-0.034662
0.036513
-0.000786
0.014761
0.086177
0.151002
-0.033604
-0.015770
-0.037748
-0.038494
-0.019711
-0.039867
0.020872
0.060526
-0.106052
-0.129964
0.080351
0.064197
-0.051609
0.011655
-0.005112
0.079500
-0.042847
-0.024297
0.097723
-0.017058
0.066019
0.011820
0.113021
0.045623
-0.021289
0.000818
0.046195
0.027981
0.016906
-0.033557
0.018877
0.046985
0.035136
-0.008075
0.123605
0.005556
-0.023050
-0.026202
0.098574
0.056614
0.017147
-0.026726
0.086772
-0.008503
-0.025999
0.006806
0.099299
0.077057
0.004745
-0.002130
-0.058816
0.022804
0.026749
-0.063830
0.012036
-0.003207
0.028339
-0.004093
-0.016708
0.059875
-0.061475
0.216848
-0.105618
-0.076883
0.010212
-0.011811
-0.036477
-0.044683
0.072080
-0.130596
-0.042156
-0.050874
0.015873
-0.023623
0.026122
0.035609
0.036127
-0.018968
-0.021152
0.063597
-0.021133
0.013937
-0.014819
0.020539
0.103848
0.035995
0.012214
-0.059591
0.008499
0.058538
0.009142
0.019919
0.048618
0.061088
0.036808
0.018956
0.078983
-0.011362
0.009378
0.101054
0.058554
0.006921
-0.024606
0.038288
0.028747
-0.019223
0.032280
0.045807
-0.044474
0.035857
-0.015348
0.133477
0.115505
-0.002210
0.067277
0.000719
-0.019063
0.005633
-0.067524
-0.012786
0.028594
-0.025024
0.022151
0.038792
0.010737
0.001785
0.090058
-0.003152
0.024345
0.024646
-0.001900
0.000159
0.000382
-0.025058
0.105141
0.047901
0.003957
-0.049504
0.103273
0.015509
0.017557
0.064256
-0.034574
0.038640
0.028475
0.064417
-0.016565
-0.043305
-0.035435
0.000341
-0.039087
0.010527
0.065918
0.103443
-0.030772
0.000873
-0.034266
-0.029136
0.033543
0.083065
-0.007485
-0.022416
-0.025248
0.037494
-0.039833
0.043203
-0.047904
-0.032850
0.071608
0.007132
-0.049463
0.090957
0.059669
0.026708
0.100188
0.059551
-0.031450
0.016705
0.018353
-0.011827
0.104324
0.100338
0.019947
-0.074517
-0.085185
-0.080873
0.108326
-0.016145
0.025944
-0.043914
-0.020248
-0.036003
0.037301
-0.040795
0.058995
-0.037566
-0.004907
-0.040526
-0.057581
0.035093
0.037217
0.064657
0.069226
-0.058938
-0.084257
-0.091673
-0.031072
0.054484
-0.045091
0.060005
0.059085
0.048355
0.003679
-0.089701
0.137174
-0.064368
-0.084901
-0.074864
0.017330
-0.001131
0.078051
-0.048064
0.095982
0.087123
-0.034864
0.143953
-0.095769
0.075698
-0.059083
-0.028064
-0.039968
-0.043984
0.047802
0.003329
-0.046407
-0.016191
0.054399
-0.017024
0.080500
-0.061156
-0.014659
-0.013323
-0.089633
-0.036319
-0.044327
-0.044570
-0.032752
0.035151
0.087445
0.111674
-0.090440
-0.020077
0.028851
-0.166602
0.000033
-0.065361
-0.033178
0.007847
0.178294
-0.098158
0.112673
0.033000
-0.070748
-0.079103
-0.046286
0.122019
0.056677
-0.059769
-0.105688
0.007284
-0.052417
0.071817
0.029634
0.092729
0.038314
0.040245
-0.071506
0.076485
-0.024433
-0.003440
-0.099270
0.002355
0.034164
0.073025
-0.071173
0.040475
-0.093160
0.004646
-0.080740
0.004054
0.027384
0.069354
0.053806
0.064464
-0.124806
-0.007480
-0.082888
-0.067805
-0.106357
-0.068248
0.043362
0.014826
-0.065243
-0.076494
-0.111382
-0.122446
-0.100707
-0.063733
-0.146701
-0.012215
-0.057578
-0.113221
0.016847
0.019892
-0.095302
0.030144
-0.098389
0.051648
-0.084405
-0.077179
-0.048203
-0.094897
-0.075058
0.057360
-0.060321
-0.101647
0.081917
0.065384
-0.093630
0.040444
-0.031319
0.081344
-0.056178
-0.100468
-0.091523
-0.134068
-0.178913
0.074648
-0.072888
-0.008243
-0.045973
-0.093736
-0.078406
0.081607
-0.066563
0.051795
0.049133
0.015413
0.079521
-0.157815
0.101343
-0.007850
0.015739
0.042193
-0.049155
0.005388
-0.030200
-0.050589
-0.003874
-0.040079
0.051676
0.003215
-0.078264
0.032517
-0.024353
0.055508
0.100492
0.061347
0.137774
-0.053044
-0.145067
-0.082726
-0.041479
-0.055513
0.009341
-0.070832
-0.125709
0.078048
-0.022567
0.053359
-0.103280
-0.129053
-0.059190
-0.070988
-0.081283
-0.015531
-0.123275
0.039915
-0.066302
0.041103
-0.105218
-0.093678
-0.120634
-0.132735
-0.094102
0.054240
0.027067
-0.092854
-0.083866
-0.060562
-0.066566
-0.082755
-0.194013
-0.054865
0.001354
0.061921
-0.029294
-0.083976
-0.075376
-0.086214
0.053669
-0.120055
0.124106
-0.013900
0.040861
0.025820
-0.071930
-0.021838
0.077599
0.065600
0.091330
-0.078990
-0.068652
-0.037281
-0.088364
0.054108
-0.100565
0.100915
0.061049
0.043466
-0.031404
-0.039583
-0.091401
-0.057143
-0.069909
-0.033768
0.003658
0.016353
-0.118166
-0.016061
-0.002974
0.002037
0.003182
-0.035726
-0.147320
-0.021649
-0.061521
-0.005017
-0.077613
0.098144
-0.030389
0.096010
0.038057
0.052504
-0.044231
-0.032732
-0.027699
0.047841
-0.002361
-0.040514
0.109040
-0.104480
-0.068266
0.092919
0.019441
0.176308
-0.022003
0.014066
-0.001687
0.100339
-0.037827
0.010080
0.039487
0.074168
-0.023306
-0.006075
-0.024258
0.001859
0.012735
0.089997
0.082347
-0.010819
-0.093348
-0.052347
0.077775
0.052608
0.017836
0.023575
-0.012423
-0.059283
0.040814
-0.000541
0.037038
0.101850
0.040105
0.031937
-0.042297
0.119448
0.037184
-0.028483
-0.052766
-0.048747
-0.005842
-0.021357
0.053598
0.027027
0.034455
-0.012870
-0.054083
0.009149
0.006564
0.258354
-0.009302
-0.067220
-0.085088
0.023325
-0.010038
0.013936
-0.008337
-0.019790
0.016307
0.115902
0.012728
-0.067457
-0.058513
0.013093
-0.026537
0.014357
0.027390
0.035092
0.032287
0.034656
0.034806
0.085434
0.103814
0.094428
-0.033285
0.040635
0.006715
0.030990
0.029449
0.013240
-0.033275
-0.110922
-0.017934
0.047513
-0.004783
-0.039344
0.042704
0.015734
0.014470
0.006134
0.075356
0.004121
0.048704
-0.048243
-0.055997
-0.049328
0.063576
0.019877
0.116613
-0.016124
-0.041915
-0.026163
0.015079
0.013785
0.027168
-0.043072
-0.045517
0.064528
0.037077
0.017509
-0.029351
-0.056832
0.060047
0.072008
-0.021943
-0.004182
-0.048636
0.019656
0.030895
0.061942
0.081750
-0.023159
0.074251
-0.034585
-0.032067
0.019740
-0.036132
-0.006750
0.073159
0.014616
-0.013338
0.053926
0.061733
0.125457
-0.078287
-0.002526
0.014295
-0.001360
-0.005919
0.025149
0.051480
-0.048033
0.025838
-0.039937
-0.077915
0.089476
0.005203
0.108354
0.042562
-0.011127
0.073146
0.044601
-0.063790
0.086242
0.047402
0.120784
0.055819
-0.033396
0.001317
0.049901
0.004562
-0.014174
-0.008473
-0.004825
0.080050
-0.067204
0.084008
-0.049408
0.050557
0.056973
-0.023121
0.032531
0.026114
0.028272
0.033392
-0.043940
-0.007118
0.009104
-0.006906
0.008881
-0.006180
-0.048844
-0.029667
-0.029142
0.037154
0.087693
-0.022460
-0.010789
-0.050368
0.138781
-0.027413
0.024234
-0.022611
0.022850
-0.096724
-0.028906
0.014335
0.034621
0.029273
-0.009804
-0.000484
-0.053928
0.028422
0.067705
-0.063216
0.070991
-0.059690
-0.051044
0.108257
0.031912
-0.015092
0.062417
0.082571
0.098119
0.050026
-0.016103
0.092530
0.039987
-0.032299
-0.026973
-0.072149
0.017611
0.017343
-0.054537
0.138078
0.032422
0.026877
0.120337
-0.019435
0.006211
0.030059
0.156142
0.124385
-0.013411
0.056038
0.011592
-0.020908
-0.022937
0.009175
0.021350
0.085429
0.009556
-0.009120
0.004935
0.045658
-0.035645
-0.047675
0.052858
0.027851
0.035724
-0.056126
0.021498
0.036008
-0.018843
0.027301
-0.027818
0.133027
0.094192
-0.042339
-0.051260
-0.025653
0.047792
-0.076219
-0.086287
-0.016282
-0.022390
-0.017830
-0.028269
-0.004350
-0.082587
0.010939
-0.004878
-0.070929
-0.048713
-0.076393
-0.001337
0.006898
-0.015736
-0.070221
0.016375
-0.012599
0.000977
0.066791
0.033032
0.054876
0.005608
0.134343
-0.010107
0.012119
-0.005034
-0.077659
-0.046690
-0.039053
-0.087168
-0.088065
-0.077301
-0.080333
-0.037890
-0.110587
-0.014253
-0.021200
-0.011292
-0.010161
0.054939
-0.040167
-0.036447
-0.038532
0.024628
-0.076159
0.009362
-0.117931
-0.093078
0.028106
-0.030313
-0.008223
0.042612
0.008036
-0.042188
0.011221
0.087829
0.076806
0.089671
0.063208
0.046446
-0.036748
0.022461
0.025767
0.002450
0.089748
-0.071115
0.058885
0.055144
-0.052475
-0.100972
0.078332
-0.047389
-0.072607
-0.015713
0.029079
-0.006100
-0.050417
0.104063
0.061796
-0.098579
0.061959
-0.062310
-0.097136
0.081019
-0.021460
-0.018651
-0.024475
0.087671
-0.009697
0.043040
-0.002378
-0.068379
0.026951
0.032182
-0.039148
-0.090627
0.004422
0.021950
0.101527
0.056143
-0.033586
-0.037902
-0.037381
0.069984
-0.049107
-0.034941
-0.073042
-0.077374
-0.029429
0.038820
0.003601
-0.104901
0.129291
-0.081601
-0.022156
0.053973
-0.023425
-0.000314
0.101802
-0.083457
0.120323
-0.100161
-0.133208
-0.001675
-0.003252
-0.028454
-0.027387
-0.091622
0.094900
-0.053323
0.004582
-0.044053
0.117296
-0.004697
0.032652
-0.072435
-0.102528
-0.124038
0.052426
0.078783
0.039603
-0.043399
0.081441
0.051963
-0.074236
-0.084724
-0.090580
-0.081810
0.054275
-0.037162
0.055194
0.063400
-0.131857
-0.027731
-0.095685
-0.075100
0.037422
-0.102088
-0.109683
-0.065165
0.111609
0.036906
-0.048783
-0.038787
0.019406
-0.070783
0.056187
-0.039448
0.053884
-0.025709
0.025646
0.126784
0.093700
0.051670
-0.020006
0.127118
0.096865
-0.052761
-0.089585
0.029921
0.073148
0.032807
0.002980
-0.029519
0.126728
0.011791
-0.052979
-0.044453
0.041427
0.001125
0.078803
0.086224
-0.057334
-0.022342
0.025326
-0.099301
0.064127
-0.122023
-0.015069
-0.052248
-0.023426
-0.016672
0.086203
-0.044911
-0.069359
-0.063145
-0.065767
-0.074984
-0.130174
-0.075261
-0.035335
-0.007775
-0.009695
0.078682
-0.071810
-0.042817
-0.035569
-0.060587
-0.042089
-0.075680
-0.053245
0.074953
-0.035709
-0.051225
-0.077927
-0.071775
0.040152
0.016353
-0.092475
0.014069
-0.022943
0.055245
-0.084759
0.001175
-0.124099
0.059182
-0.096104
-0.025319
-0.103825
0.087699
0.070226
-0.067592
0.088224
-0.047480
-0.067980
0.031334
0.049165
-0.050132
-0.075754
0.016882
-0.007714
-0.070926
-0.066283
-0.040519
0.075233
0.023141
0.086614
-0.102384
-0.037537
0.068744
-0.075065
0.007676
0.025605
0.037172
0.171329
-0.002532
-0.102405
0.004267
-0.054238
-0.071364
-0.067278
-0.021208
-0.023666
0.112660
0.033237
-0.001736
0.016655
-0.045982
-0.050982
0.015154
0.084894
-0.110051
0.076618
-0.011775
0.017413
-0.087726
0.036385
-0.035133
0.041194
-0.109372
0.048900
-0.044553
-0.009168
-0.070726
-0.092791
-0.046495
-0.039894
0.096311
0.031470
0.006821
-0.025191
0.085976
-0.005077
0.028673
-0.034902
-0.060140
0.118670
-0.096132
0.093653
-0.004397
-0.019960
-0.057625
0.089043
-0.032659
0.065763
0.015302
-0.002837
-0.089105
-0.008347
-0.000956
0.075264
0.047414
-0.078704
-0.054489
0.015390
0.012855
-0.059319
-0.038202
-0.004494
0.022730
0.004412
-0.044950
-0.063341
0.076865
0.045386
-0.067728
0.086014
0.029852
-0.025527
0.032635
0.020443
0.002705
-0.059197
0.018309
-0.074115
0.013126
0.122754
-0.003439
0.080535
-0.034634
-0.009104
0.012524
-0.029105
-0.000280
0.016134
-0.070970
-0.029074
0.009802
-0.005735
-0.014348
