0.125349
0.011017
-0.151324
-0.229716
-0.090499
-0.204484
-0.227985
-0.059270
-0.032743
0.045642
-0.056901
0.023998
0.139425
-0.244667
-0.382988
-0.103462
-0.046799
-0.028487
-0.120469
-0.249504
-0.115176
-0.065949
-0.031221
-0.083037
-0.404756
0.132548
-0.036489
-0.188391
-0.021748
-0.221841
-0.159455
-0.078213
0.037725
0.184955
-0.227875
-0.065184
0.640644
0.003316
-0.023880
0.548156
-0.126503
0.312066
0.426197
0.419450
0.278510
0.481592
0.528170
0.114596
0.407727
0.065961
0.257189
0.308710
-0.123221
0.056645
0.195815
0.392547
0.363339
-0.037388
0.485264
0.050697
0.109076
-0.270229
0.010363
0.404586
0.086894
0.000510
0.144247
0.236504
0.349863
0.236006
0.262874
0.278099
0.145608
0.378059
-0.056856
0.250783
0.018195
0.302964
0.433499
0.221837
-0.140453
0.470329
-0.124723
0.129453
0.171226
0.579551
0.268855
0.849046
0.127899
0.085456
-0.033314
0.090136
0.305002
0.213443
0.286719
0.456354
0.006889
0.107581
0.115499
-0.228003
0.040559
-0.091071
-0.045464
0.176652
0.096450
-0.193636
-0.046775
-0.004897
-0.054222
-0.103488
0.048777
-0.355875
0.025567
-0.073694
0.109569
-0.126685
-0.150594
0.403595
-0.113225
-0.029260
0.052856
0.087669
-0.069989
0.005268
-0.144594
0.087676
-0.079709
0.171287
-0.306248
0.123777
-0.341713
-1.171605
-0.236306
-0.004581
-0.055907
0.155997
-0.055685
-0.125616
-0.269970
0.167678
-0.183235
-0.305198
-1.114436
-0.310689
-0.100102
-0.136735
0.081739
-0.263673
0.224327
-0.047759
-0.212419
-0.426589
-0.130326
-0.220996
-0.271230
0.113401
-0.168137
-0.009915
-0.020488
-0.654642
0.142812
-0.161697
-0.050482
-0.693775
-0.397953
-0.068245
-0.016418
-0.434477
-0.297142
-0.276367
-0.066817
0.083205
0.036037
0.023168
-0.219188
-0.250346
0.008256
0.087211
-0.004400
0.000493
-0.319297
-0.263100
-0.300299
-0.456721
0.156982
-0.280867
0.180391
-0.083940
0.202919
-0.068976
-0.200396
-0.114888
-0.598867
-0.246371
-0.265605
-0.408493
-0.205126
0.027762
-0.206700
0.061602
-0.093414
0.036123
-0.155686
0.069160
0.044707
-0.041490
0.202970
-0.161751
-0.184651
-0.190164
-0.470175
0.108522
0.169004
-0.130715
-0.251876
0.036949
-0.319026
-0.295945
0.102525
-0.396856
0.012171
-0.250064
-0.233322
-0.010065
-0.215648
-0.155012
-0.058584
0.074370
0.086819
0.141632
-0.372885
-0.136433
-0.281857
-0.181757
-0.155370
0.145605
0.006342
0.136887
-0.655177
-0.394972
-0.170696
0.067153
-0.194906
-0.138284
0.049868
0.247621
-0.125970
-0.148704
-0.245007
-0.228124
0.012711
-0.229025
-0.212470
-0.151237
0.101315
0.140211
-0.032145
0.024781
0.116549
0.043681
0.211675
0.007415
-0.000058
-0.053550
-0.118703
-0.029474
-0.003404
-0.213152
0.185847
-0.118341
-0.111541
-0.021316
0.101967
0.288366
0.124239
-0.021794
0.009844
-0.179551
0.003191
0.121498
0.034141
0.019891
-0.103500
0.044628
-0.027709
-0.039402
0.131810
-0.109541
0.135645
0.025460
0.130414
0.146529
0.113799
0.215920
-0.084013
-0.096522
0.072889
0.094063
0.189207
0.028413
-0.110279
-0.125738
0.135712
0.045783
0.248989
-0.000073
-0.000784
0.225358
-0.071249
-0.117857
0.117837
0.139183
0.070543
0.001708
-0.014684
0.161710
0.020202
-0.107132
-0.007520
-0.125146
0.245690
0.092152
0.018166
-0.008722
0.137930
0.055056
0.112523
-0.023085
0.145980
-0.011952
0.107951
0.200600
0.168579
0.121540
-0.067035
0.078541
-0.018747
0.197256
-0.087509
0.004656
-0.042304
-0.005372
-0.173857
0.018650
0.173453
0.163656
0.106074
0.035631
0.117317
0.163740
-0.011499
0.105894
-0.069260
0.309526
0.176861
0.013719
0.147135
0.047974
0.147620
0.043744
0.096836
0.138140
0.026095
0.013620
0.146787
-0.001697
0.048008
0.228484
0.113487
0.025613
0.070648
0.095043
0.169989
0.184976
0.079467
0.126528
0.148170
0.119329
0.137330
0.022848
-0.063170
0.035187
0.188668
0.084765
0.111706
0.151645
0.096227
0.023034
0.077045
0.176594
-0.008805
0.104987
0.098746
-0.109331
0.141043
0.042106
0.053520
12.822957
0.133240
0.065455
0.068974
0.001736
0.027052
0.050720
0.013550
-0.066035
0.061013
0.352637
0.092387
-0.091825
0.061547
0.110690
0.015616
0.123768
-0.084884
0.111666
0.039115
-0.028042
0.161311
-0.010209
-0.137982
0.096172
0.061783
-0.031020
-0.000493
-0.095511
0.009964
0.146320
0.083612
-0.044238
0.015318
0.046765
0.123042
0.126459
0.100410
0.073745
0.167286
0.033974
-0.069343
-0.104180
0.004182
0.053047
0.060616
0.043911
-0.005520
0.056071
0.247612
-0.071974
-0.082324
0.212967
0.057761
-0.063223
0.032377
-0.021959
-0.075248
-0.161894
-0.008028
0.003384
-0.024415
-0.026272
-0.016874
-0.190657
-0.118033
-0.146794
-0.049362
-0.027910
-0.027666
-0.017049
-0.082955
-0.087217
0.009939
0.018569
-0.005863
-0.077390
0.102624
-0.167799
0.121736
-0.073821
0.151893
-0.140655
-0.111515
0.095785
-0.022929
-0.135752
-0.011382
0.046218
-0.125320
-0.100665
-0.637486
0.034331
-0.120793
0.072732
-0.047036
-0.126927
0.015949
-0.106492
-0.252183
-0.176884
-0.054070
-0.161826
0.017284
-0.385434
-0.021735
-0.049925
-0.171725
-0.183911
-0.038896
0.074892
-0.030936
-0.084811
-0.111410
-0.420913
-0.101193
0.018506
0.055661
-0.146856
-0.020044
0.084959
-0.237933
-0.011158
0.052375
-0.046169
-0.012847
-0.016933
-0.184874
0.073564
-0.046081
-0.164907
0.034308
0.314050
-0.100058
-0.110284
-0.150590
-0.229743
-0.194561
0.087084
-0.175164
-0.228132
-0.083709
0.050758
-0.275755
0.047556
-0.202439
-0.163562
0.042309
-0.013695
-0.160944
0.025347
0.003922
0.059978
-0.025873
-0.096123
-0.312708
-0.154678
0.098186
-0.179273
0.040162
-0.099227
-0.087787
-0.161538
0.087100
0.223972
0.039793
0.116693
-0.193996
0.086282
-0.009683
-0.198529
-0.080514
-0.045692
-0.112173
0.085537
-0.180907
0.034062
-0.012930
0.013986
-0.179569
-0.175945
-0.127569
0.097334
0.087626
-0.100825
-0.102616
0.044232
-0.080303
-0.312620
-0.115371
0.010808
-0.016250
-0.068482
-0.112004
0.090732
-0.319501
0.078847
-0.022851
-0.182042
0.195947
0.026990
0.042133
0.055207
0.012891
0.030547
-0.106673
-0.242190
-0.160247
0.121804
-0.155816
0.170592
-0.095788
-0.010265
0.152097
0.029154
-0.171795
-0.318723
-0.121352
-0.285377
0.072656
0.040106
-0.146785
0.064831
0.012907
-0.120159
-0.009500
0.043285
0.326268
-0.005724
-0.143636
-0.108891
-0.113376
0.042584
-0.164677
0.032054
-0.115226
0.035059
0.079878
-0.216114
-0.011858
-0.005027
0.044831
0.050877
-0.020125
0.052054
-0.155731
0.013609
-0.125618
-0.120669
-0.019152
0.022575
0.060838
-0.302064
0.009686
0.048048
-0.149089
0.000201
0.115181
0.172388
0.013227
0.099561
-0.148515
-0.052337
0.031971
-0.062433
-0.110804
-0.181490
-0.117220
-0.111400
-0.089692
-0.214781
0.066365
0.008950
-0.121131
-0.168932
0.044123
-0.073528
-0.125783
0.053340
-0.161997
-0.144944
-0.211119
0.088460
0.032970
-0.103336
-0.054839
0.216267
-0.003885
-0.141007
-0.080880
-0.184871
-0.056667
-0.048601
-0.006421
-0.052919
-0.017724
-0.150178
0.039842
-0.137746
0.105914
-0.021115
-0.135957
-0.001721
-0.170972
-0.058903
0.133721
-0.269752
0.038621
-0.052394
-0.042242
-0.049468
-0.071505
-0.293228
-0.079933
0.125178
0.064268
-0.079021
-0.090204
-0.119893
0.091629
0.000237
0.052421
0.013669
0.001115
0.077204
0.083448
0.011198
-0.282672
0.052316
0.016174
0.011067
-0.048039
0.041797
-0.050148
-0.032086
0.010556
-0.080922
0.044356
-0.101813
-0.070861
-0.066277
-0.030415
0.057955
0.042679
-0.016094
-0.032091
-0.011962
-0.121731
-0.036587
-0.043487
0.054494
-0.125058
0.075707
-0.049877
0.033973
-0.007873
-0.013308
0.061674
0.001956
0.087490
0.048578
0.020841
0.006916
-0.031117
0.054781
-0.034796
0.096196
0.043670
-0.044017
-0.002295
-0.041872
-0.019054
-0.046395
0.135042
-0.027032
0.072140
0.098961
0.016618
0.090811
0.075834
0.062475
0.040220
-0.057149
0.011918
0.053485
0.128270
-0.053267
-0.051087
-0.032619
0.029436
0.046013
-0.116594
0.009698
-0.009645
0.019740
-0.072824
0.087476
-0.024228
0.007064
0.120496
0.096320
2.398179
-0.021243
0.080278
0.097328
0.052005
0.021292
0.096032
-0.003235
0.049753
-0.031933
-0.099294
0.014165
0.055696
-0.000596
-0.003850
0.011917
0.058707
0.065628
0.003873
-0.012185
0.054192
0.337213
0.009171
-0.061495
0.100312
0.019616
0.026143
-0.023823
0.001964
0.004317
-0.206143
0.060040
0.038416
0.064942
0.048588
0.027143
0.028418
0.106005
0.008472
-0.032325
0.069440
-0.007085
0.008320
0.005750
0.111074
0.040499
0.044867
-0.005469
0.022010
-0.001769
0.052918
0.051259
0.136594
-0.046301
0.003737
-0.022973
0.075058
0.012833
0.040913
0.025106
0.096982
0.054335
0.063297
0.044123
-0.018586
0.088620
0.020776
0.020464
0.017780
0.031401
0.086441
0.079513
0.327474
0.006054
0.063730
0.070352
-0.005387
0.058977
0.014478
-0.047594
-0.058362
-0.002233
0.001611
0.018339
-0.008959
0.046225
0.068212
0.219147
0.062082
0.008355
-0.004770
0.079456
0.021510
0.094922
-0.045498
0.083934
0.032837
-0.057657
0.040245
0.037971
0.027279
0.073443
0.072253
0.059415
0.029772
-0.002381
0.013665
0.078469
0.012957
0.039212
0.024757
0.138299
0.045174
0.041998
0.088163
0.059656
0.082517
0.032701
0.019724
0.045441
0.048789
0.101567
0.000295
0.103951
0.020092
-0.099178
-0.060267
0.011245
0.032720
0.136187
0.011658
0.057143
0.007903
0.048384
0.062363
-0.015854
0.004544
-0.000733
-0.000171
0.037740
0.017329
0.015005
0.005815
0.231262
0.041202
0.006233
0.080504
-0.050273
0.013267
-0.012012
0.029750
0.017108
0.075283
-0.003850
0.317241
0.011322
-0.015631
0.065763
-0.012222
-0.007561
-0.002279
-0.038596
0.018816
0.040508
0.074346
-0.039350
-0.033816
0.111681
-0.003345
0.042059
-0.250540
0.025177
0.062541
-0.051771
0.009404
0.179501
0.041938
-0.015778
0.120841
0.032524
0.012592
0.039429
0.129993
0.013641
0.052115
-0.049336
0.042365
-0.179848
0.132668
-0.096023
0.028376
-0.023666
0.090424
0.043241
-0.029768
0.029701
-0.109768
0.013734
0.002876
0.097771
0.019480
0.107416
0.026916
-0.020410
-0.013316
-0.030481
-0.094313
0.007283
0.038200
-0.025398
-0.030003
0.021265
0.069295
0.036705
0.032120
0.022523
0.054855
0.031545
-0.127483
-0.024734
0.001727
-0.021781
0.012275
0.095611
0.010960
0.013294
-0.031307
0.027196
0.049708
0.239957
-0.064681
-0.019330
-0.145876
0.024992
-0.044016
0.003775
0.042489
-0.024335
-0.037215
0.078099
0.006285
-0.035553
-0.068774
-0.000353
0.014640
-0.034634
-0.005770
0.310233
-0.000056
-0.017930
-0.023932
0.037150
-0.089560
-0.007858
-0.108898
0.031685
-0.007858
0.033950
0.072250
-0.077729
-0.000067
0.054913
-0.019539
-0.057841
-0.064835
0.084143
-0.053323
0.073430
0.016027
-0.027905
-0.035662
-0.037199
0.037457
0.006900
-0.141617
-0.099560
0.023199
0.017705
-0.107231
-0.114411
-0.052354
0.018391
-0.056146
-0.072201
0.029881
-0.042389
-0.040448
-0.031508
-0.032219
0.231276
0.065154
-0.005244
-0.086851
-0.160699
0.019341
-0.165743
-0.082078
-0.025245
-0.076930
-0.093109
-0.043925
0.027586
-0.060121
-0.031874
0.019533
-0.030843
-0.055772
-0.041180
-0.033865
-0.058443
0.007084
-0.042835
0.018027
0.004383
0.046350
0.080755
0.013657
-0.039033
-0.040711
0.021711
-0.122827
-0.042482
0.005670
-0.044027
0.061969
-0.006349
1.115053
0.020403
-0.017563
0.077028
-0.166008
0.059794
0.000823
-0.016559
-0.143351
-0.045097
-0.073402
-0.034842
-0.034222
-0.084342
-0.084756
0.055274
-0.079152
0.017807
-0.027632
0.161256
-0.017228
0.004660
-0.013800
0.027938
-0.040522
-0.008981
-0.008274
-0.065617
0.109264
0.073173
-0.071328
0.060148
0.024136
-0.007317
-0.113257
-0.045083
-0.012899
-0.073748
0.050774
0.022881
-0.079290
0.091169
0.077196
0.016558
-0.139311
0.043844
0.071195
-0.072643
-0.081115
0.092771
0.066186
-0.211896
-0.105570
-0.099255
0.011688
-0.054287
-0.102469
0.083920
0.072808
-0.099733
-0.081533
0.003284
-0.060054
0.042354
-0.036163
-0.075482
0.116360
-0.012466
-0.001966
-0.105608
-0.002886
-0.008485
0.064700
-0.005999
0.020546
0.003404
-0.019234
-0.035571
-0.060123
0.070414
0.087346
-0.083065
-0.009445
-0.035127
-0.030009
0.006859
-0.026688
-0.007731
-0.029118
-0.062549
-0.032969
-0.054112
-0.075773
-0.038977
0.042793
0.081519
-0.003060
0.055988
0.010987
0.022066
-0.023378
0.047686
-0.052165
-0.016620
-0.039386
-0.090656
0.025578
0.013516
0.029658
-0.017163
-0.065658
-0.062659
-0.100288
-0.033346
-0.032797
0.012732
-0.089707
-0.008996
0.067005
-0.011110
0.028731
0.077864
-0.086043
-0.018093
0.070238
0.030037
0.086629
-0.008116
-0.012419
-0.109786
-0.002876
-0.035042
0.030674
-0.039200
0.058434
0.009932
-0.000478
-0.021057
-0.017023
0.012431
-0.121168
-0.030206
-0.050611
0.062785
0.042749
-0.011636
-0.017013
-0.074298
-0.079975
0.117320
-0.007296
-0.009301
-0.026455
-0.025596
-0.043827
-0.051367
0.032252
0.062836
-0.090609
-0.005685
0.015801
0.059944
-0.083449
-0.040855
-0.049050
-0.032442
-0.011698
0.005790
-0.009858
0.058162
-0.063482
-0.049571
-0.009062
-0.027228
-0.054722
0.026777
-0.038468
0.023472
-0.109240
-0.017473
-0.033213
-0.042726
-0.010981
0.023683
-0.075007
-0.077645
0.090599
-0.047333
-0.083537
-0.015488
0.017559
0.055494
-0.017313
0.040697
-0.010524
0.068532
-0.141007
0.000589
0.016683
0.018274
0.054639
-0.106773
-0.052789
0.000844
-0.037243
-0.074142
0.049981
0.008070
-0.002552
-0.024517
-0.037548
-0.020833
-0.018573
-0.047592
0.028969
-0.001589
0.018946
-0.017401
0.002299
0.020870
0.018078
-0.056992
-0.006682
-0.081693
0.017224
-0.046758
0.089864
-0.044927
-0.017129
0.067178
0.011751
-0.028849
-0.047702
-0.016317
0.026042
-0.041414
-3.559430
0.009479
-0.009160
0.020548
-0.059501
0.000664
0.091390
-0.006278
0.007176
0.048350
-0.041954
-0.000314
0.009282
-0.004546
0.022343
0.047492
0.013587
-0.006966
0.016346
-0.011157
0.004438
0.065400
-0.016580
-0.005748
-0.257454
0.031695
0.016246
-0.049669
0.040463
0.008078
0.048584
-0.023344
-0.033758
-0.001930
-0.052470
-0.025852
-0.040124
-0.012865
0.033696
0.030777
0.024473
0.050766
0.027929
-0.017498
0.003533
-0.012788
0.019829
0.001456
0.065465
-0.010731
0.004166
-0.010096
-0.020889
-0.101536
-0.028472
0.019803
-0.005742
-0.029277
0.001164
-0.032140
0.107695
0.008251
0.028121
0.057866
-0.024539
0.028732
0.022284
0.017174
-0.064922
0.061996
0.052062
-0.020314
0.053414
0.045176
-0.035056
-0.011701
-0.005542
0.064699
-0.063961
-0.032023
0.112748
-0.003491
0.035203
0.023429
-0.045248
0.031948
0.029089
0.037916
0.060429
0.052969
-0.041355
-0.126887
0.011534
-0.059570
0.071544
-0.007555
-0.001543
-0.014778
-0.044226
0.079797
0.088672
0.011936
-0.006572
0.011568
0.003044
0.006879
0.016775
-0.030773
-0.034869
0.017364
0.044903
-0.028282
-0.052684
0.117939
0.014099
0.029392
-0.002907
0.012107
0.022249
-0.007974
0.004927
0.012252
0.018917
0.090659
-0.066250
0.001690
0.009616
0.035059
0.021252
-0.018102
0.026795
0.022542
0.026914
0.071114
0.034207
0.020383
0.037917
0.071792
0.041499
0.103464
0.043112
0.038539
0.020909
-0.002023
0.023488
0.057345
-0.005659
0.029342
0.099679
-0.027025
0.002303
0.014338
0.046914
0.004459
0.017369
-0.043902
-0.030989
-0.003886
0.020947
0.104322
0.010464
-0.068342
0.062724
-0.075726
-0.828603
0.035065
0.091773
-0.180774
-0.054218
-0.000579
-0.005566
0.004324
-0.047457
0.000316
0.005802
-0.000067
-0.002704
0.028878
-0.179864
0.011601
0.109660
-0.033793
0.024176
-1.632254
-0.016394
0.021223
-0.155157
0.001103
-0.029562
-0.008057
-0.004821
-0.031491
0.044139
0.111053
-0.032505
0.420880
-0.059637
-0.024012
0.018075
0.017628
0.067363
0.000577
0.044195
-0.033808
0.261179
-0.010279
-0.051912
-0.053012
0.010666
0.065379
0.115611
-0.058469
0.020534
0.000668
0.004443
-0.030885
0.008483
0.093067
-0.131034
0.012111
-0.025567
0.011094
-0.003110
-0.023502
0.032039
0.028530
0.009453
0.002517
0.080019
-0.016595
-0.043801
-0.009066
-0.032774
-0.064492
-0.018591
0.015956
0.130278
0.080872
-0.039556
-0.100331
0.053513
-0.020978
0.022610
0.066550
-0.024448
0.080748
-0.006839
-0.108903
0.019027
-0.011452
-0.097383
0.080787
-0.107420
0.096131
0.072346
0.010195
-0.001987
0.008456
-0.056651
0.027586
-0.111756
-0.016589
-0.027719
-0.064164
-0.012406
0.009922
0.055006
0.012554
0.015041
0.014887
0.055049
-0.028493
0.011297
0.163237
0.031846
-0.021831
0.000377
-0.173168
-0.042269
0.050974
0.008560
0.049440
-0.054708
0.007340
-0.073517
-0.053867
0.035260
0.293575
-0.081824
0.061829
-0.023266
-0.045488
-0.065767
-0.074542
0.101316
0.128722
0.105265
0.041322
-0.076697
0.114416
-0.004364
-0.008080
-0.009578
0.028969
-0.108376
-0.067307
-0.028321
-0.021242
0.186520
0.056290
0.008701
-0.131003
-0.018081
-0.038460
0.004523
-0.017084
-0.000288
-0.076082
0.026703
-0.109092
-0.101715
-0.022697
0.005545
-0.044612
-0.044622
-0.064026
0.078552
0.103840
0.010572
0.012339
0.028751
0.004592
-0.033505
-0.072915
0.075475
0.052992
-0.016072
0.017963
-0.004286
-0.022792
-0.056884
0.012060
-0.189546
-0.038496
0.063224
-0.029538
-0.007665
-0.088303
0.015338
-0.010585
-0.039807
-0.070231
-0.026566
0.164587
-0.061354
-0.017637
-0.218312
0.018281
0.071318
-0.045903
-0.027517
0.108571
-0.010094
-0.058226
-0.045095
0.051074
-0.066489
0.043983
-0.050637
-0.038953
0.050573
0.046301
0.073282
-0.007971
-0.036063
-0.029008
0.084565
-0.039505
-0.038049
-0.007958
0.031669
-0.015448
0.019240
-0.010136
0.001727
-0.029608
-0.085628
-0.025853
-0.039581
-0.054494
0.046428
-0.024963
0.073206
0.035366
-0.040721
-0.033584
0.017854
0.057414
-0.089549
0.032329
-0.112669
-0.043644
-0.012364
-0.145422
-0.007104
-0.009570
0.079973
-0.072875
-0.019205
-0.063170
0.064284
-0.039178
-0.016134
-0.016143
-0.069231
-0.020755
0.086597
0.065752
0.065597
0.000846
-0.004225
0.027508
-0.058662
-0.005255
0.067759
-0.011679
-0.066370
0.014437
0.014618
0.000499
-0.020940
0.084907
0.043799
0.023484
0.028187
0.027368
0.021615
0.064294
0.020532
-0.030413
0.006623
-0.058476
0.026984
-0.047419
0.014456
-0.094826
0.024518
0.126026
-0.030163
0.043857
0.013908
0.023412
0.026893
-0.024000
-0.021162
-0.012147
-0.948918
0.061177
0.021672
0.025374
-0.048562
-0.581744
-0.002769
0.003307
0.020439
-0.047722
0.032847
0.054828
0.008797
-0.017913
0.047027
0.022046
-0.078559
0.033417
-0.074006
0.058932
0.029793
0.075162
-0.027538
0.021918
0.002570
-0.009314
-0.062791
0.069567
-0.042511
0.018217
-0.060883
-0.001329
-0.013676
-0.003325
-0.055092
-0.024475
0.087089
-0.021948
0.002280
0.011866
0.027363
-0.039107
0.026544
0.040916
-0.015548
0.007336
-0.015627
0.053801
-0.018542
0.105672
-0.000541
-0.083917
-0.093899
-0.011766
-0.009805
0.000920
0.104415
-0.048301
0.075989
0.008790
-0.000625
0.035613
-0.063539
-0.044051
-0.061672
-0.013850
-0.023420
0.031650
0.040730
-0.031003
0.020175
-0.010669
0.031695
-0.005610
0.023660
0.108625
0.010596
-0.044212
-0.000668
-0.004369
0.057027
-0.032415
-0.009293
0.052474
0.011842
-0.027582
-0.048995
-0.054862
0.110125
-0.022858
-0.067549
-0.068189
-0.028951
-0.028125
0.110827
-0.038362
0.060073
-0.005398
-0.007086
0.006618
0.043543
0.092204
0.091584
-0.061655
-0.011583
-0.007793
-0.067246
-0.005842
-0.157527
0.037915
-0.063708
0.085585
-0.073949
0.072581
-0.059010
-0.033920
0.037847
-0.022239
-0.078474
0.042193
-0.073138
0.142411
-0.040052
-0.069277
-0.030167
0.072330
-0.076822
-0.062098
-0.047374
0.009229
-0.082156
0.104915
-0.150627
0.031850
0.056799
-0.041738
0.011045
-0.026947
0.004736
-0.004449
-0.048500
0.077956
0.028862
0.019265
-0.022016
-0.008931
-0.017134
0.013131
0.003904
-0.017643
-0.057986
-0.045104
0.006226
0.054882
-0.210991
-0.037965
0.015047
0.057533
0.204786
-0.043708
0.025586
0.011481
-0.034773
-0.019372
-0.036462
0.074400
-0.020391
-0.025543
-0.007539
0.004351
-0.061246
-0.055195
0.004950
0.035249
-0.034421
0.037000
0.028363
-0.113973
-0.025493
-0.078944
0.009192
-0.035209
0.034068
-0.004386
0.000365
-0.057855
-0.005398
-0.047910
-0.061633
-0.016926
-0.054523
-0.030272
-0.012626
0.089537
-0.082620
-0.034307
0.073704
-0.048581
-0.030395
-0.009726
0.039164
-0.030644
-0.020551
-0.008171
0.033951
0.024381
-0.050697
-0.052248
-0.056372
0.017269
-0.012269
0.074133
-0.106769
0.045526
-0.000462
0.098844
0.042673
-0.023213
-0.019519
0.041397
-0.040445
-0.033083
0.008521
0.070003
-0.089670
-0.048939
0.106534
-0.078805
0.013997
-0.047863
0.066964
0.098786
-0.070224
0.017133
-0.025647
-0.063066
0.096087
-0.076085
0.001811
0.074147
-0.051364
-0.025297
-0.060528
0.037420
-0.047422
-0.023612
-0.005761
0.032190
0.047030
0.028684
-0.001125
-0.013788
0.001117
-0.033803
-0.009095
-0.016464
-0.092458
0.118207
0.085347
0.003379
0.035580
0.011537
-0.010524
0.022371
0.001194
0.016468
-0.029637
-0.002394
-0.149481
-0.063990
-0.039578
0.076547
-0.035015
0.094574
-0.048663
0.026229
-0.095278
-0.014395
0.033529
0.024773
-0.033485
-0.033233
0.067807
-0.020691
-0.036009
-0.137623
-0.076457
0.016875
-0.135319
0.011354
-0.049107
-0.068429
-0.068771
-0.069623
-0.055654
0.027402
-0.074543
0.156712
-0.002660
0.053023
-0.007695
0.032252
-0.022501
-0.107865
0.066253
-0.025596
0.071327
-0.063747
-0.025112
0.002997
-0.045164
0.002134
-0.066704
-0.039690
-0.035999
-0.030879
0.099989
-0.049572
-0.004834
0.091714
0.044366
0.013531
0.007536
-0.042847
0.048862
0.039547
0.035984
0.059914
-0.045029
-0.018124
-0.070994
0.040615
0.043175
-0.004583
-0.061443
0.043747
0.002896
-0.059932
-0.069843
-0.022031
0.119194
-0.031044
0.053309
0.020178
-0.068263
0.011786
-0.104271
0.020967
-0.037113
-0.025449
-0.038930
0.013003
0.013379
0.006201
-0.067657
0.033349
0.008655
0.032596
0.009316
-0.038536
-0.028174
-0.046330
0.026271
0.028923
-0.041320
0.147647
-0.067020
-0.026827
-0.035823
-0.079553
-0.012966
0.032147
-0.362411
-0.070280
-0.043678
0.021096
-0.021684
0.035707
0.013149
-0.047027
-0.011511
0.092075
0.079083
-0.052094
0.027466
-0.053455
-0.013209
-0.021720
-0.013810
-0.025590
-0.040921
-0.010475
-0.074943
0.046397
0.045705
-0.037808
-0.087814
-0.025301
-0.066604
-0.039288
0.031274
0.066025
-0.057467
-0.028660
-0.015739
-0.024044
-0.016304
-0.012668
0.014589
0.076823
-0.081893
-0.023562
0.106320
-0.057963
0.015754
-0.013535
0.042772
-0.024355
0.077216
-0.041307
-0.025183
0.001687
-0.563176
0.062559
0.031426
-0.025586
-0.018550
-0.064645
0.101146
-0.068062
-0.018025
-0.004956
0.098034
0.006312
0.076023
0.073005
-0.048174
0.057557
-0.010987
0.025962
0.074040
0.006587
0.082668
-0.055158
-0.047131
0.025830
0.004417
0.028703
-0.010917
0.028426
-0.002470
0.022615
-0.023498
-0.005983
-0.034565
-0.083618
0.158975
-0.062451
-0.017985
0.039228
-0.024564
-0.028860
-0.096710
0.052593
-0.015778
0.051104
0.082330
0.003120
0.116142
-0.039254
-0.014290
0.118781
0.029176
-0.110477
0.009698
0.001132
0.085210
0.059988
0.104395
-0.026313
0.056886
0.020849
-0.028867
-0.013527
-0.008937
-0.043373
0.057786
0.032999
0.048892
-0.027700
-0.041753
-0.311697
0.038729
0.134551
-0.118492
-0.057513
0.109794
-0.014272
0.046947
0.112381
-0.029780
-0.020229
0.057600
-0.027149
0.020342
-0.086285
-0.030443
0.036761
-0.103466
-0.088463
-0.006134
-0.069898
0.085727
-0.011031
-0.064593
0.016041
0.161695
0.007846
-0.028192
-0.040628
-0.080511
0.090337
-0.036290
0.000977
-0.026288
0.070498
-0.048634
-0.034776
-0.026027
-0.046008
-0.007158
-0.046025
0.018425
0.079726
-0.105782
0.068379
0.110604
0.042351
-0.015338
0.052112
-0.087437
-0.027124
-0.035965
0.079604
-0.001152
-0.023633
0.022019
0.038425
-0.079822
-0.011915
0.102321
0.021284
0.092195
0.040135
0.008051
-0.015044
0.093491
-0.038038
-0.029090
-0.012454
-0.083307
-0.061478
-0.031970
0.006695
-0.007510
-0.025792
-0.071958
-0.017162
0.060806
0.014854
0.041964
0.058652
-0.019120
0.093966
0.119631
-0.051390
0.013108
-0.032053
0.063416
0.091040
0.030606
-0.030142
-0.019719
-0.018450
-0.028044
-0.014969
-0.021190
-0.059509
-0.061509
-0.000566
0.100829
-0.028510
-0.100603
-0.036255
-0.010937
0.005158
0.011030
-0.104934
-0.017220
-0.122153
-0.019471
0.003884
-0.019622
-0.047666
-0.041369
0.012693
0.041319
0.010871
0.005758
-0.015710
0.087921
-0.019633
0.017654
-0.029236
0.047444
-0.024064
-0.020916
0.038773
-0.085178
-0.025468
0.097109
0.102260
0.044957
-0.018169
0.093164
0.035649
-0.066937
-0.075625
-0.062582
0.085444
0.022916
-0.039374
-0.001020
-0.020779
-0.047631
-0.052996
-0.008155
0.016360
0.076558
-0.029632
0.012856
-0.019296
-0.006829
0.051559
-0.039467
-0.024953
-0.025321
-0.019086
-0.056178
-0.077334
0.044881
-0.003022
-0.016095
-0.017372
-0.018068
0.223667
-0.036184
0.005768
-0.007573
0.023791
-0.057484
0.002789
0.039668
-0.061354
0.075645
-0.047412
-0.017366
-0.025713
0.085661
-0.004140
0.044145
-0.043254
0.069360
-0.012606
0.036315
-0.022675
0.062705
0.001671
-0.008656
-0.033040
0.104364
0.009112
-0.039831
-0.010386
-0.040249
0.013393
0.054384
0.061037
0.014434
-0.013313
-0.035854
-0.006584
0.028947
-0.022431
-0.000088
0.036390
-0.046124
0.039242
0.000046
0.073800
-0.028450
-0.013020
-0.000741
0.041043
-0.035598
-0.045137
-0.057155
0.024999
-0.002416
0.094334
-0.039885
0.071926
-0.010099
-0.010595
-0.065009
0.032689
-0.026757
-0.007195
-0.011159
-0.021799
-0.085314
0.041031
0.010020
-0.066159
-0.033337
-0.032376
0.000181
-0.032758
0.005354
0.002282
-0.015594
0.105430
0.020891
-0.010867
0.023787
-0.027117
0.001045
-0.053198
-0.030165
0.019777
-0.104248
-0.026590
0.067208
-0.032646
-0.069215
0.032680
-0.030661
-0.007058
0.170284
-0.017775
0.038964
0.041039
-0.028987
0.038974
0.084482
0.009870
0.082484
0.012687
0.036203
-0.026311
0.079520
-0.030806
-0.000434
0.133553
0.016553
-0.018875
-0.028526
-0.005226
-0.043552
-0.049085
0.029940
-0.004641
-0.037896
-0.035317
-0.029005
0.057730
0.070089
-0.113116
-0.071911
0.010648
0.020422
-0.036201
-0.039178
-0.011870
0.014228
-0.066064
0.032822
-0.008269
-0.046887
-0.039933
-0.036036
0.172250
0.025048
0.076287
0.142385
0.045521
0.133813
-0.083263
0.078166
-0.013258
0.001272
0.113826
-0.022122
0.010691
0.039214
-0.049295
0.131900
0.082900
0.024383
0.062853
-0.087369
-0.007151
-0.035409
-0.063331
-0.049738
-0.014342
-0.007811
0.008066
-0.006400
-0.367233
0.032286
-0.082039
0.088911
-0.008325
-0.024022
-0.027210
0.022099
0.080876
0.009785
-0.044732
-0.019066
-0.033283
-0.037036
-0.000164
0.065901
-0.006058
-0.011863
0.050139
-0.077485
0.036227
-0.040840
-0.068813
0.076991
-0.041074
-0.050769
0.057274
-0.051827
-0.011249
-0.033906
0.086600
0.120063
0.085310
-0.035786
0.010325
-0.017137
-0.020933
-0.029013
-0.008314
-0.038438
0.703132
0.029703
0.070563
-0.028280
0.009675
0.072331
-0.043554
-0.085784
-0.031913
-0.048392
-0.007461
0.103742
0.003923
0.016792
-0.026717
0.059638
-0.024713
-0.027324
0.029763
0.033619
0.090483
-0.363605
-0.024797
-0.000555
-0.021016
0.059272
-0.013146
0.087086
0.010059
0.026164
0.052534
0.102984
0.083462
0.039723
-0.032124
0.018286
-0.049310
-0.029882
-0.061497
0.064752
-0.006706
-0.025014
-0.061008
0.030730
0.138913
-0.045361
-0.038549
-0.001752
-0.011522
0.085062
-0.048702
-0.006756
0.003553
-0.051545
0.027057
-0.031399
-0.138990
-0.025323
0.012900
-0.059120
-0.032665
-0.028609
-0.008955
-0.119841
-0.025175
0.050519
0.002598
-0.029497
-0.009816
0.004481
-0.090417
-0.010423
0.049080
0.078528
0.040278
0.013034
0.029874
-0.002952
0.010900
0.075292
-0.050420
0.040989
-0.067308
0.020212
-0.016424
-0.023435
0.120369
0.034501
-0.177256
-0.004901
0.074557
-0.055286
-0.021768
-0.031672
-0.004400
-0.013224
-0.064932
-0.090623
-0.048179
-0.032830
0.006393
-0.030357
0.067279
-0.018490
0.082605
-0.020756
-0.011112
0.039923
-0.119331
-0.042136
0.013286
-0.013551
-0.025127
0.081696
-0.020702
-0.019366
0.034283
-0.076664
-0.017064
0.017275
-0.064166
0.025188
0.026815
-0.007779
-0.035736
-0.003075
-0.042616
-0.013026
-0.007797
-0.029702
-0.078389
-0.031935
-0.027554
-0.211208
-0.047467
0.072735
-0.027336
-0.114209
-0.036902
-0.041549
-0.026947
0.088621
-0.044615
-0.003847
-0.056744
0.020574
0.103014
0.031219
-0.000695
0.005221
-0.009244
-0.011876
-0.040227
-0.098405
0.053308
-0.030565
0.195315
-0.026562
-0.088529
-0.035410
-0.087385
0.058834
-0.005036
-0.016811
0.038084
0.034738
0.000830
0.000342
-0.012271
-0.014107
-0.017922
-0.065322
0.008367
-0.049182
-0.075792
0.011421
-0.010300
0.012413
-0.142376
0.067909
-0.026910
-0.015683
-0.043227
0.048669
-0.041270
0.075877
0.036644
-0.012316
-0.025710
0.031185
0.040568
0.066085
-0.059510
-0.085413
0.006114
-0.017764
0.087058
-0.018026
-0.021134
0.036290
0.052320
0.003114
-0.009692
0.023197
0.071241
-0.095356
0.006686
-0.032038
0.096750
-0.005358
0.064087
-0.047354
0.044195
0.027967
0.000661
-0.027323
0.099662
-0.001681
0.096451
0.106879
-0.016698
-0.038987
0.055805
-0.087459
0.262337
0.046369
0.029835
0.119545
-0.012619
-0.013513
0.004788
0.065457
-0.001599
0.077537
0.050130
0.027013
-0.051553
0.034566
0.009803
-0.007973
-0.008045
-0.044830
0.047551
0.005657
-0.008940
0.070592
0.018451
-0.029252
-0.006569
0.025108
-0.002762
0.015429
-0.034571
0.066402
-0.004171
-0.077273
0.117127
0.007449
-0.029575
-0.064316
0.039046
-0.002577
0.109962
0.139168
0.039901
0.145712
-0.061491
-0.261348
0.001585
-0.047787
0.011511
0.002972
-0.026544
0.062898
0.095266
-0.006644
0.113545
0.016439
0.049974
0.079613
0.017984
0.006252
0.093281
0.022709
0.000750
-0.050077
-0.014382
-0.050203
-0.003121
-0.016694
0.066863
-0.023553
0.009526
-0.030675
0.034859
0.003088
0.047344
-0.068954
0.070493
-0.039271
0.007432
-0.004406
0.062319
0.072388
0.006680
-0.030102
-0.000167
0.028134
-0.007632
-0.015876
0.094604
0.006387
-0.029616
0.065378
-0.010240
-0.049961
0.014547
-0.002077
0.069665
-0.041470
-0.019444
0.049438
0.052286
-0.027662
0.054148
-0.067544
0.041267
0.163318
-0.018575
-0.051498
-0.011930
0.045327
-0.027732
0.024657
-0.021220
-0.000746
-0.034297
0.018109
0.027861
-0.040348
0.103909
0.004360
-0.034312
-0.011272
-0.044868
-0.021203
0.068605
0.062373
-0.033209
0.051852
0.083713
0.002425
0.070711
0.161617
-0.044898
0.089802
-0.003690
-0.005222
0.137084
-0.016020
-0.010049
-0.017212
0.111625
-0.032322
-0.025116
0.088453
0.026789
-0.011052
-0.012797
0.030634
0.051367
0.009041
-0.002464
-0.034867
0.021576
-0.067862
-0.036726
-0.078097
0.043374
0.005918
0.004941
-0.023918
-0.060768
-0.020924
0.025396
0.094287
-0.008515
-0.014338
0.031480
-0.069352
-0.001107
0.042026
-0.040719
-0.037069
-0.003913
0.069927
0.045909
0.098714
0.044682
0.048248
-0.002281
0.037502
-0.028346
0.011478
0.067962
-0.040906
-0.036432
-0.059347
0.010115
-0.061679
0.054056
-0.029477
-0.049389
-0.008392
0.091915
-0.044670
0.164447
0.042942
-0.010476
-0.034094
0.030041
0.016004
0.000838
-0.036017
0.190637
0.076321
0.048659
0.027584
0.021889
0.052402
0.000616
0.015593
-0.082645
0.040131
-0.041048
0.134022
0.001940
0.015969
-0.050377
-0.026655
0.037062
0.135118
-0.017325
0.043052
0.005140
-0.010767
0.021441
0.041591
-0.024712
0.036047
-0.022978
-0.017857
-0.019444
0.137962
0.051130
-0.201744
-0.111132
-0.287022
0.013664
-0.021259
0.035565
-0.073113
-0.004711
-0.046761
0.067788
-0.108639
-0.005848
-0.014384
-0.011894
0.014364
0.146246
-0.069610
0.012781
-0.017642
0.062587
-0.009042
-0.007308
0.013899
0.047599
-0.003196
-0.012868
-0.017297
0.047813
0.071157
-0.138417
-0.027024
0.036741
0.004456
-0.035838
-0.012691
-0.039198
-0.045330
-0.008352
0.004308
0.011146
-0.009558
0.006057
0.009894
-0.008659
0.029782
0.070050
0.045432
-0.015725
0.062149
-0.006114
-0.007832
0.125612
0.061017
-0.001456
-0.040240
-0.080524
0.061446
0.002187
-0.027460
-0.026018
-0.004437
0.042279
0.098371
-0.023543
0.030591
0.021158
0.030910
-0.006496
-0.031919
-0.011381
0.060737
0.029853
0.009233
0.028725
0.011800
-0.037951
0.011156
0.039467
-0.015792
-0.051727
0.067258
-0.021717
-0.019765
0.092875
0.107065
-0.003194
-0.011583
-0.011936
0.008433
-0.064714
-0.025130
-0.020649
0.065055
-0.066682
0.029537
-0.035276
-0.045119
-6.610674
0.077474
0.051647
0.063157
-0.020301
-0.004896
0.016815
-0.022669
0.045587
0.044920
0.007948
0.000012
0.017389
0.105537
-0.020062
-0.019978
-0.050375
-0.006938
0.054202
0.001189
-0.006018
-0.007450
0.021525
-0.155907
0.040512
-0.011156
-0.234690
-0.031933
-0.038502
0.006707
0.013130
-0.004934
0.003657
0.039917
0.063194
0.065005
-0.066347
-0.028691
-0.427623
0.076609
-0.004982
0.060768
-0.008240
0.018155
0.039375
0.176330
-0.025552
0.061752
0.040001
-0.040169
-0.022653
0.065535
-0.056559
0.002562
-0.103916
0.042820
-0.016337
-0.050480
-0.207667
-0.027611
0.048435
-0.066454
0.113140
0.009463
-0.035585
-0.152462
0.037904
0.000023
-0.018828
-0.083261
0.091571
0.071779
-0.016621
-0.013860
-0.000069
0.075820
-0.019163
-0.024895
0.022161
-0.010875
-0.022535
-0.033889
-0.029677
0.045928
-0.017358
-0.080619
0.177405
-0.042214
-0.037567
0.067403
0.038125
0.058945
0.006923
0.007248
-0.028943
0.013084
-0.020122
-0.048048
-0.039732
-0.019858
-0.072595
-0.025648
-0.008063
-0.016903
0.052813
0.064556
0.012071
0.044977
-0.051527
0.071233
0.109956
-0.016792
0.023620
-0.093402
0.007409
0.010491
-0.019882
0.081038
0.025269
0.081066
-0.168690
-0.006977
-0.040647
-0.019089
0.003069
-0.007113
-0.040046
0.015168
0.102132
0.076367
0.014611
-0.046894
-0.024498
-0.000364
-0.019660
-0.000085
0.004256
0.045198
-0.023290
-0.003137
-0.010645
-0.003729
-0.063547
-0.009589
0.072156
0.072953
-0.047427
0.186789
0.041425
-0.034115
-0.010123
0.024813
0.037948
0.017454
-0.005916
0.048170
0.069783
-0.017995
0.121525
0.003329
-0.042685
0.066517
-0.049271
-0.072637
0.076514
0.022445
-0.001237
0.014872
-0.019326
-0.087218
0.003427
-0.036225
0.031581
0.470919
-0.116377
0.005449
-0.019974
-0.031615
0.008936
-0.053085
-0.049720
-0.036581
-0.038638
-0.028278
-0.020317
0.084216
0.020281
0.019018
0.013169
0.019700
0.068933
-0.081321
-0.009279
0.044565
0.024201
0.031149
0.058873
0.301299
-0.031049
-0.022747
0.039465
-0.065763
0.049658
0.322491
-0.030096
-0.103218
0.107957
-0.022507
0.108948
0.000788
0.009679
0.052863
0.002203
-0.033252
0.027566
-0.014446
0.030711
0.020327
0.177187
-0.088650
-0.070865
0.020868
-0.044885
-0.011643
0.040798
-0.017096
0.004975
-0.015110
0.045165
0.012249
-0.041326
-0.040562
-0.029304
0.059210
0.008116
-0.096926
-0.002368
-0.019429
0.071023
0.105027
-0.001524
-0.003917
-0.043954
-0.040437
-0.006908
-0.063252
0.078410
0.067687
-0.080907
0.026176
-0.046075
-0.001304
-0.025566
0.016877
-0.005557
0.000055
0.078874
-0.011414
0.133041
0.003048
0.119666
0.055037
0.081868
-0.035889
-0.042261
-0.089894
-0.051493
-0.073732
0.003237
0.009940
-0.030201
0.036769
0.121202
0.014232
-0.008705
0.088905
-0.037561
0.067948
-0.045773
0.012002
0.018279
0.041853
-0.004262
-0.018177
0.098517
-0.065029
0.035150
-0.061195
-0.023617
-0.014952
0.014766
-0.028759
0.030420
-0.036354
-0.001683
-0.042600
-0.061753
-0.039471
-0.072288
-0.057958
-0.043415
0.023363
-0.004936
-0.762764
0.035224
0.048651
-0.014285
-0.034343
-0.026738
-0.032172
0.092050
-0.013303
0.074187
-0.043761
0.066177
0.032737
-0.024600
-0.029276
-0.018760
0.021383
-0.004008
0.052970
-0.014151
0.030826
-0.018435
-0.010836
-0.011915
-0.024580
-0.009401
-0.035640
-0.007127
-0.005081
0.018515
-0.013170
0.195530
0.018166
-0.033316
-0.004123
-0.001580
0.050532
0.144255
0.103353
-0.168740
0.036849
-0.279489
-0.229863
0.058888
-0.151239
0.005556
0.030254
-0.040623
0.025233
0.022697
0.077387
-0.027279
0.077766
0.036912
0.035508
0.013838
0.069435
0.030929
-0.057234
-0.048214
-0.020908
-0.026698
0.060061
0.208455
-0.010207
-0.022873
-0.043461
0.034994
-0.015018
-0.039068
-0.006320
-0.005547
-0.038193
-0.030492
-0.005716
0.020877
-0.025952
-0.029619
-0.008479
-0.033351
-0.042991
0.001206
-0.035140
-0.023740
0.068378
0.058456
0.050538
0.014605
0.010355
0.127582
-0.007544
-0.017719
0.091374
-0.003348
0.138724
-0.018262
-0.008649
0.028579
-0.116860
-0.027048
0.043839
-0.005286
0.014816
-0.069894
-0.051144
-0.032748
-0.016851
-0.023783
0.059775
-0.030008
0.032013
0.019268
0.030755
-0.030254
-0.100617
-0.015464
0.003532
-0.026127
-0.042538
0.023800
0.053410
0.027888
0.193346
0.060379
-0.028794
-0.009028
0.052316
-0.020178
0.074807
-0.024038
-0.014051
0.163743
-0.018787
0.042506
0.070347
0.033057
0.113957
-0.017294
0.088220
-0.033487
-0.035003
0.045772
0.026032
-0.063894
-0.083285
-0.043824
0.034392
0.036421
-0.015864
0.078843
0.075728
-0.039111
-0.057458
-0.055054
0.077744
0.016672
0.060402
0.052590
-0.276626
0.003869
-0.012031
0.000791
0.093603
-0.028918
-0.037811
0.009317
-0.045748
-0.062606
0.004044
-0.015956
0.012448
-0.013089
-0.000281
-0.127889
0.151231
0.030246
-0.021038
0.015430
0.065635
-0.052843
0.030547
0.082560
-0.052409
-0.016574
-0.008222
0.062575
-0.065189
-0.021813
-0.018210
-0.039819
-0.008578
0.158094
0.074604
0.016763
0.011973
-0.028797
-0.008875
-0.085010
-0.007706
-0.062023
0.010336
0.034258
0.000571
0.011185
-0.010107
0.010424
-0.137126
-0.164094
0.048915
-0.067220
0.033647
-0.011408
-0.069381
-0.073147
0.192627
-0.051103
-0.054620
-0.028058
-0.020038
-0.014008
0.003466
0.059800
0.002454
0.001132
-0.077244
0.014209
0.046391
0.088656
-0.029227
0.012614
-0.008204
0.020828
-0.008312
-0.003449
0.021242
-0.018881
0.291020
-0.084636
0.066958
0.116006
-0.094969
0.140759
-0.145172
0.062276
0.008054
-0.187183
-0.070723
-0.015061
-0.031249
0.062285
-0.046338
-0.098874
0.002072
-0.044198
-0.040369
0.107222
0.054203
0.024039
0.040242
0.001465
-0.006790
0.077702
-0.040988
0.052565
-0.020037
-0.044953
-0.076100
-0.025496
-0.058470
-0.005941
0.126206
0.061195
-0.160277
0.002280
-0.004863
-0.011120
-0.052294
0.138351
-0.013080
-0.070942
-0.164887
0.035736
-0.092913
0.026858
0.098939
-0.051105
-3.068279
0.017231
-0.106246
0.005174
-0.055232
0.028235
0.031227
-0.017611
0.251019
0.031215
0.061457
-0.035243
-0.034433
0.080055
-0.030846
0.081808
-0.207876
0.036559
0.084266
0.015187
0.104766
-0.029059
-0.020369
-0.025505
0.089553
0.011874
-0.046807
0.075294
0.138641
-0.069140
0.060579
0.035877
0.025861
0.009459
-0.078634
0.076995
-0.023829
-0.030653
-0.008779
0.010774
0.022060
0.039375
0.027245
0.043524
-0.028734
0.084545
0.043839
-0.110175
-0.004712
-0.044176
0.034041
0.110537
-0.007620
0.136824
0.020977
0.000859
0.069964
-0.337637
0.056698
-0.043453
0.063568
-0.054660
0.093325
-0.024439
0.049519
-0.006486
-0.005616
-0.004389
-0.021002
-0.020142
-0.001811
-0.007050
-0.655186
0.057706
0.045515
-0.082056
-0.013097
-0.013717
-0.067774
0.008079
0.031334
-0.027449
-0.029025
0.070433
0.142367
-0.015820
0.013462
-0.034429
0.032020
-0.027088
-0.019860
0.032971
-0.012807
0.038222
-0.013004
0.060216
0.034969
-0.080889
0.007375
0.086513
-0.033602
0.007818
-0.026499
0.007606
0.052780
0.206162
-0.145695
0.102853
-0.006997
0.060702
0.026361
0.026404
-0.015438
0.029663
0.058841
0.109267
0.010371
0.098612
-0.005911
-0.075577
-0.023971
-0.020816
0.065123
-0.028312
-0.063865
0.060094
0.142663
0.022999
-0.074305
0.034282
0.001619
0.001490
-0.016397
-0.005884
-0.006674
-0.015423
-0.039687
-0.054789
0.014349
-0.007453
-0.024379
-0.004472
-0.034014
0.025885
0.010133
-0.000783
-0.032394
-0.004316
0.045722
0.048955
0.008760
-0.013441
-0.017149
-0.011163
0.050347
0.056806
0.021561
0.078801
-0.021999
0.031109
-0.010970
0.153969
0.001397
-0.056083
-0.039870
-0.006216
0.014550
-0.005414
0.010692
-0.031574
-0.014774
-0.023125
-0.053555
0.092020
-0.050957
-0.150548
0.056309
0.001947
0.062867
0.041569
-0.037140
0.032222
-0.008306
-0.000809
0.066631
0.012129
-0.016888
-0.067642
-0.007359
0.038482
0.014204
-0.016408
0.003158
-0.013610
-0.004639
0.002128
0.016684
-0.019783
0.013292
-0.028273
-0.031532
0.020824
0.009073
0.044493
0.049442
-0.015663
0.006123
-0.007524
0.042590
-0.011739
0.015625
-0.018592
0.015874
0.118568
-0.021344
-0.063634
0.021382
0.038387
0.010240
-0.101920
-0.016512
-0.069511
0.083160
0.001808
0.006776
0.060755
-0.015447
-0.024120
-0.003883
0.014978
0.000619
-0.001997
0.104454
-0.007543
-0.039617
0.023680
0.021386
-0.031395
0.011414
-0.017953
0.034686
-0.003657
-0.047949
-0.044070
0.049983
-0.003582
-0.007106
0.008092
-0.015101
0.024484
-0.062622
-0.021048
-0.020599
-0.022588
-0.029606
-0.066644
0.073796
-0.011330
-0.065193
-0.023757
-0.040846
-0.014513
0.006341
0.005267
0.004582
0.049328
0.004505
0.109264
0.019673
0.023276
0.057286
0.040209
0.000755
0.118841
-0.028195
-0.001268
-0.009631
-0.013333
-0.003492
0.123587
-0.014288
0.011911
-0.047019
-0.036530
0.029114
-0.020685
-0.004915
-0.031474
0.248709
0.032386
0.045972
0.002659
0.019077
0.026216
-0.022661
-0.004516
0.007780
-0.031950
0.019216
-0.026557
0.033705
0.070581
-0.026478
-0.025945
0.025983
-0.017302
0.003703
-0.118120
0.018125
0.057267
-0.015369
-0.054099
0.005909
-0.038414
0.133014
-0.031590
-0.007659
-0.019321
0.036517
0.069267
0.002071
0.019683
0.134333
0.012781
-0.023762
-0.022175
-0.006487
-0.023165
0.013544
-0.022191
0.020252
-0.013056
0.069286
0.069151
0.050056
-0.005476
-0.007152
-0.009716
0.007703
-0.105680
-0.036768
-0.014446
0.043357
-0.000201
0.019632
-0.048527
0.018571
-0.030228
-0.013399
-0.032614
-0.043965
-0.013192
0.049861
-0.016276
0.006118
0.016591
-0.003615
0.040857
0.096595
-0.018013
0.047484
0.010708
0.315419
-0.028428
-0.020088
0.125880
-0.015928
0.101608
-0.025128
-0.093648
-0.028535
-0.023240
-0.071574
0.000024
-0.119030
-0.005433
0.046884
-0.024741
-0.177571
0.107017
0.007310
-0.011259
0.010271
0.086935
0.035646
-0.014677
-0.006649
-0.029924
-0.021495
-0.111845
-0.027185
-0.008830
-0.033812
0.040155
0.001156
-0.086066
0.017151
-0.013268
0.132340
0.064034
-0.042103
-0.027564
-0.027229
-0.025248
-0.025567
0.042153
0.060953
-0.046368
-0.046692
-0.019213
-0.051307
-0.053586
-0.024108
0.025146
-0.035618
0.085049
-0.030602
0.066343
-0.041831
-0.015886
-0.041105
0.011209
-0.024728
0.056412
-0.050995
-0.084094
-0.057799
-0.007760
-0.038005
-0.051630
-0.024645
0.037644
-0.086032
-0.009056
-0.045012
0.129817
-0.014995
0.076360
-0.035319
-0.013059
0.017924
-0.032524
-0.002040
-0.025839
-0.010175
-0.006716
0.109186
0.011276
-0.000447
0.010263
-0.007170
0.121211
-0.061820
-0.034525
-0.009708
0.001485
-0.087372
-0.001142
0.009528
0.068815
0.053324
0.004149
0.047904
-0.018056
-0.030831
-0.001257
0.021323
0.066846
0.037800
-0.002135
-0.011178
0.010662
0.011892
-0.014051
0.084629
-0.018171
-0.046495
-0.022055
-0.063714
-0.003737
0.047991
-0.086197
0.067359
-0.201918
-0.188464
0.068630
-0.004704
-0.057794
0.021626
-0.046138
-0.088903
-0.023214
-0.041280
-0.006048
-0.095139
-0.010092
-0.014224
-0.081110
-0.017013
-0.002553
0.038107
-0.037630
-0.040974
-0.019635
-0.006882
-0.041419
-0.016222
0.001226
-0.040678
0.012363
-0.000796
-0.004521
-0.022700
0.002116
-0.007606
-0.015859
-0.041612
-0.016134
-0.043088
0.206453
0.139723
-0.040584
-0.003960
0.059395
0.049889
-0.032021
-0.044073
0.008102
-0.044186
-0.028674
0.045481
-0.012235
-0.043162
-0.014713
-0.003446
0.085731
-0.041610
0.025129
-0.009022
-0.000490
0.061423
0.024721
0.000817
-0.030192
0.071430
0.048384
-0.022177
-0.019188
-0.048698
0.138963
0.120023
-0.051933
0.270445
0.098097
0.507895
0.072896
-0.015017
-0.002261
0.116318
-0.057182
0.018344
-0.073526
-0.003343
0.086794
-0.052142
-0.055310
0.032283
-0.016833
0.006323
0.034184
-0.058688
0.153564
-0.019792
-0.010322
0.008187
-0.040960
0.006257
-0.008920
-0.017872
-0.011463
-0.007709
-0.027894
0.042381
0.010047
-0.046190
-0.054001
-0.341749
-0.009362
0.067515
0.223066
-0.006330
-0.065202
-0.063018
0.004054
-0.076369
0.112018
-0.016345
-0.027459
-0.007434
-0.079702
-0.012822
0.065874
-0.022819
0.109279
-0.033901
-0.025907
-0.255446
0.011033
0.146965
-0.087436
0.064838
0.033589
0.012073
-0.039712
-0.018776
0.010716
-0.031874
-0.002444
-0.006020
-0.009659
-0.017268
0.013341
-0.002061
-0.033172
-0.030003
-0.010015
-0.011483
-0.054182
0.022767
-0.026900
-0.044110
0.050351
-0.004550
-0.052121
0.040042
-0.044388
-0.077360
-0.010313
-0.002157
-0.013224
-0.033544
-0.003266
-0.061113
-0.020055
0.113921
0.004065
0.115992
-0.018159
0.008557
-0.016161
-0.156379
0.110548
-0.029311
0.008670
-0.271743
-0.020182
-0.010552
-0.002702
0.037029
-0.097126
-0.000664
0.025849
-0.018403
-0.038190
-0.006916
-0.000005
-0.009311
-0.039370
-0.043863
0.076647
0.016137
-0.012217
-0.057982
-0.008703
0.000585
-0.059539
0.003613
0.193996
-0.047611
-0.037360
0.093346
0.074984
-0.016357
-0.004728
0.020708
0.051406
0.048415
-0.103243
-0.021773
-0.031922
0.046599
0.000524
0.112467
0.062258
0.019332
-0.026171
-0.009573
-0.020449
0.004310
-0.010293
-0.088212
0.049151
-0.011127
-0.038671
-0.009817
0.029388
0.012610
-0.024088
-0.032844
-0.011043
-0.032022
0.006598
-0.027293
0.008608
0.096909
0.027493
0.013452
-0.044581
0.074523
0.009716
0.000706
0.003204
0.012222
-0.031726
-0.018939
-0.006387
-0.531821
-0.407745
-0.020405
0.085657
0.011795
-0.017162
-0.003616
-0.035238
0.042190
-0.009131
-0.042596
0.011309
0.010064
0.197930
0.021784
0.118606
-0.016808
0.100462
0.000348
0.061732
0.101052
0.002445
-0.006664
-0.029594
0.182623
0.019862
0.002798
0.075929
0.001661
-0.000542
0.108494
0.012844
0.009989
-0.033312
0.154665
-0.048173
0.040929
-0.048409
-0.024145
-0.015584
0.014284
-0.016889
-0.033583
-0.022283
-0.024784
0.108244
0.113281
0.067352
0.066903
-0.040895
-0.002021
0.008858
0.028431
0.064254
0.038338
0.070607
-0.069675
-0.014331
0.081871
0.069191
0.016159
0.043723
-0.033301
-0.004324
0.059735
-0.026764
0.015234
-0.010717
0.004381
-0.171329
0.043825
-0.048193
-0.009872
0.044721
0.009645
-0.038374
0.016023
0.005272
-0.034723
0.080646
0.080665
0.054153
0.032870
-0.068853
0.025769
0.025719
-0.030460
-0.015236
0.054435
0.007003
-0.019202
0.045523
0.043222
-0.024635
-0.055562
0.038503
-0.008984
-0.044955
0.053899
-0.005238
0.003019
0.045713
0.014987
-0.014166
-0.024007
-0.019341
0.003971
-0.003880
0.021915
-0.012909
-0.038001
0.063602
0.032395
-0.040173
0.080127
0.068692
0.054738
0.003481
-0.034853
-0.017784
0.015037
-0.047386
0.113125
0.139974
0.091478
0.002653
0.018212
-0.036929
-0.032718
0.023574
0.002743
-0.067862
0.000198
-0.013385
-0.008675
-0.053128
-0.033459
0.008707
0.050730
-0.015173
0.084108
0.005638
0.005958
0.060888
0.011951
-0.012194
-0.011792
0.193058
0.042101
0.032795
-0.023357
0.034428
0.005454
-0.017157
0.010377
0.111405
0.000459
-0.039669
-0.054827
-0.009021
0.004520
0.048387
-0.021417
-0.054026
0.003701
-0.052344
-0.022990
0.013730
0.101067
0.033692
0.029287
-1.246262
-0.046807
0.039867
-0.033021
-0.030509
0.223074
-0.043080
-0.006358
-0.043799
0.001140
0.022606
-0.082310
0.009590
-0.044638
-0.075964
0.011795
-0.008738
-0.014398
-0.021551
0.008081
-0.017058
-0.294018
-0.024993
-0.065670
-0.004625
-0.006848
0.049141
0.021340
-0.081641
0.018781
-0.011930
-0.015622
-0.072577
-0.006845
0.074331
0.162018
-0.004170
-0.032520
0.003251
0.056926
-0.034670
-0.029163
0.045778
-0.097592
0.101986
0.013587
0.120314
-0.003862
0.000074
-0.053141
0.036241
-0.025490
0.052772
0.063250
-0.051316
-0.033628
-0.025105
-0.033772
0.039352
-0.117817
0.000674
-0.075837
0.059512
-0.100272
0.040816
-0.004605
-0.138717
0.066411
0.086404
0.058059
-0.002445
-0.045114
-0.057505
-0.002954
-0.009821
0.013944
-0.033590
-0.043921
0.063715
-0.029426
-0.010269
0.011636
-0.015047
0.141830
0.048269
-0.026983
0.065719
0.006617
0.033405
-0.045169
0.057719
-0.110888
-0.032545
-0.061440
-0.011621
-0.177623
-0.059682
-0.005471
0.161538
-0.053885
0.053858
-0.017738
-0.028005
0.049896
-0.038812
0.007036
0.000710
0.047047
0.066722
0.246538
-0.079450
-0.013850
-0.008915
-0.034906
-0.002451
0.001081
-0.154942
-0.009590
0.016161
-0.032790
0.073997
-0.045118
0.003110
0.133180
0.009461
-0.046961
0.028039
-0.022696
0.003073
0.014992
-0.038118
-0.027034
-0.024305
-0.203292
-0.003027
0.089716
0.061630
0.023117
0.072843
-0.044619
0.053814
-0.104112
0.006446
0.117495
0.145916
-0.075843
-0.026001
-0.058715
0.031206
0.037507
0.031393
0.159505
0.110482
0.005867
-0.027871
0.089692
0.090846
0.007289
-0.064789
0.044316
0.096669
-0.027404
-0.025757
0.066012
-0.035697
0.137235
-0.031715
0.233022
0.086541
0.079372
-0.017593
-0.032826
0.100073
0.004095
0.047534
0.071148
-0.030441
-0.051517
0.038489
0.012939
0.007904
-0.018116
-0.044318
0.040008
0.015605
0.005070
0.001366
-0.068317
0.001138
-0.023948
0.024328
0.006210
0.086805
-0.027109
0.185142
-0.028515
-0.079614
-0.018115
0.015658
-0.044447
-0.031945
-0.037080
0.202756
-0.026924
0.010584
0.030685
-0.047264
0.001827
0.003308
0.082141
0.046405
-0.009191
-0.110082
-0.063545
0.013367
-0.056064
0.034200
0.173148
-0.097532
-0.015050
-0.031289
-0.002510
0.116238
0.021364
0.051366
-0.049235
0.043853
0.133889
-0.025275
-0.029380
-0.168106
0.011716
0.074975
-0.001672
-0.011828
-0.032088
0.016404
-0.010544
0.025432
0.027821
-0.177315
0.021545
0.017502
0.160053
0.068654
0.005925
-0.049192
0.011060
-0.039518
0.000971
-0.019841
0.071489
-0.002906
0.006697
-0.052130
0.119099
-0.029079
-0.008765
-0.035732
-0.060091
-0.025637
-0.003954
-0.042993
-0.004383
0.138419
-0.088591
0.055295
0.042124
0.077201
-0.099441
0.011604
0.062491
0.007974
-0.045454
-0.014959
0.022770
-0.044225
-0.007272
0.029334
0.192160
-0.027319
0.028566
-0.011047
0.001161
0.055787
0.043486
0.077685
0.005548
-0.064983
0.010420
-0.031181
0.019117
-0.045215
0.016315
0.014828
-0.062540
-0.060245
-0.027377
0.040080
-0.054266
0.001337
-0.059689
-0.076410
-0.030401
-0.026776
-0.073562
-0.094199
-0.002492
0.020137
0.000680
-0.016923
0.043432
0.068917
-0.101240
-0.014752
-0.021742
-0.027644
-0.000633
-0.000242
-0.061342
0.135977
0.102374
-0.007203
0.305884
0.046183
-0.004221
-0.025659
0.010709
0.001173
-0.042702
-0.029734
-0.001839
-0.010337
-0.039239
-0.018865
0.091265
0.071661
-0.104308
-0.025540
-0.031119
-0.005454
0.000187
-0.026804
0.112445
-0.001233
0.033637
-0.019294
-0.019847
0.009288
-0.203840
-0.072960
0.052919
0.091440
0.065605
0.024411
0.080896
-0.051518
-0.034284
-0.020297
0.031563
-0.035981
-0.002162
0.017371
-0.014057
0.000628
-0.013874
0.049215
-0.036797
-0.011687
-0.002667
-0.078692
0.019230
0.072852
0.076405
0.051608
0.033136
0.025405
-0.074459
-0.014109
-0.012994
0.013879
-0.037607
0.082789
-0.005360
-0.021874
0.063597
0.002579
-0.017590
-0.016345
0.092632
0.067513
-0.023805
-0.080501
0.025986
0.058914
-0.033907
0.095606
0.067443
-0.036106
-0.031778
-0.013681
-0.013345
-0.039386
-0.038573
-0.034386
-0.044915
0.054963
-0.016131
-0.108853
0.098990
-0.001200
-0.071063
0.060390
-0.079458
0.105476
-0.057865
0.004902
-0.018679
0.010439
0.036789
-0.007585
0.007561
-0.085426
0.049264
-0.049421
0.023745
0.010290
0.028261
-0.020065
-0.017907
-0.045540
0.028392
0.038428
-0.007692
-0.033628
-0.029732
-0.016919
0.001082
0.025558
-0.009179
-0.058453
-0.143450
-0.018468
-0.265977
-0.094541
0.051397
-0.021277
-0.035721
-0.054972
0.050720
0.001985
0.025856
-0.023856
-0.001835
-0.003166
-0.034818
0.066163
0.024918
0.006984
-0.074587
-0.023696
-0.022121
0.014638
0.093630
-0.014243
-0.003319
0.095412
-0.012261
-0.021287
0.083132
0.019400
-0.002982
0.052860
0.051962
0.104459
-0.022615
0.000908
0.002444
0.018705
-0.019047
0.030664
-0.045173
-0.027438
-0.067609
-0.009096
-0.023851
0.024503
-0.054013
-0.019572
0.248280
-0.101179
0.164205
0.029341
0.099093
-0.013736
-0.033408
-0.245157
-0.006602
0.055365
-0.014737
-0.042188
0.002221
-0.016579
0.111215
0.044957
0.072996
-0.039103
-0.103319
-0.024736
-0.140555
-0.042616
0.008620
-0.026219
-0.020276
-0.006100
-0.032393
0.089455
0.110892
-0.048757
0.003551
0.087339
-0.012549
-0.012239
0.103948
-0.074410
0.016033
-0.000200
0.050494
-0.053104
0.029257
0.017329
-0.057899
0.173898
0.021311
0.004858
0.030404
-0.000492
-0.048286
-0.064396
-0.040816
-0.056472
-0.025053
-0.000684
-0.021146
-0.057643
-0.042732
-0.068820
-0.000993
-0.066821
-0.012505
-0.008551
0.037523
-0.014116
-0.022533
0.070809
0.069352
-0.047338
-0.037773
-0.081160
-0.084982
-0.038728
-0.055501
-0.002705
-0.033660
0.033564
-0.061590
0.077084
0.088121
-0.062102
0.116727
-0.004416
-0.034662
-0.012088
-0.055602
0.041518
-0.006292
-0.072665
-0.007352
-0.023232
0.131787
-0.017664
0.006474
-0.069784
0.053691
-0.073381
0.059970
-0.039641
-0.035594
0.042071
-0.040501
-0.006054
0.062712
0.051482
-0.026221
-0.117000
-0.223490
0.003310
-0.135014
0.025203
-0.075528
0.027272
-0.036466
0.029462
-0.124073
-0.022241
0.013117
-0.003401
-0.033455
0.010010
-0.054976
-0.013151
-0.044050
-0.000435
0.003240
-0.004618
-0.002250
0.094573
-0.022759
0.042672
0.011692
-0.132435
0.180200
-0.070328
-0.027957
-0.111828
0.060262
-0.044873
0.055683
-0.014203
-0.016015
0.024725
-0.036154
-0.046960
0.047585
0.010404
-0.004246
-0.011396
-0.219465
-0.044364
-0.013575
0.053715
0.019576
-0.026080
0.029387
-0.019223
0.154060
-0.108270
0.010716
-0.021766
-0.084788
-0.022414
0.008946
0.003669
-0.120553
-0.057496
-0.053770
-0.021348
0.036144
0.004948
-0.005921
0.271864
0.024231
0.064773
-0.033479
0.052746
-0.048103
-0.015693
-0.040711
-0.063616
-0.004615
-0.040071
-0.022413
0.051340
-0.076462
-0.036526
0.055827
-0.142630
-0.020629
0.081487
0.095748
0.009873
-0.017772
-0.029630
0.002267
-0.015521
0.078721
-0.010993
-0.016568
-0.063793
0.082415
0.065675
-0.034305
0.000964
0.014698
0.017468
-0.018910
0.015526
-0.005312
-0.020476
0.074773
0.112258
0.016899
0.026360
-0.102789
0.016115
-0.026779
-0.003807
-0.009518
0.127001
-0.025427
-0.008652
0.001976
-0.038368
-0.027079
-0.028260
-0.014647
-0.117845
0.036660
-0.018652
0.155927
-0.007158
-0.065726
-0.012959
-0.040111
-0.008986
0.031488
-0.003851
-0.035807
-0.023024
-0.011487
0.052235
0.078613
0.037142
-0.028394
-0.046793
0.005900
-0.097104
-0.014131
-0.014948
-0.010911
0.097164
0.082234
-0.016280
-0.074060
0.057453
0.057038
0.004373
0.008895
0.004595
0.397664
0.010444
0.140762
-0.007701
-0.092985
-0.035803
-0.021657
0.018250
-0.039463
-0.091389
0.002951
0.057769
0.052452
0.087827
-0.006516
0.001051
0.026782
-0.011777
0.031281
-0.004197
0.000812
-0.015915
-0.037610
0.077096
0.047946
0.012001
0.013929
0.071707
0.099912
0.023345
-0.059493
0.006015
-0.061116
-0.047915
0.049065
0.006195
0.225450
0.055592
-0.011275
0.093249
-0.001846
-0.014599
0.022079
-0.013529
0.017927
-0.010692
0.134814
0.096786
0.025678
-0.007554
0.009109
0.014099
0.018092
-0.006800
0.023595
-0.494461
-0.011991
0.007903
-0.040910
-0.034415
-0.008850
-0.018902
-0.003922
-0.052185
0.012970
-0.026412
-0.016870
0.025275
-0.002523
0.105735
0.067300
0.021450
0.016216
0.049235
0.016255
0.036129
0.046064
-0.046736
0.141734
-0.046061
0.050368
0.062077
0.106925
0.045645
0.024969
0.082521
-0.015292
-0.038802
-0.038146
-0.026339
0.007221
-0.020280
0.119486
-0.023445
0.033689
0.007636
-0.012955
0.001373
0.138885
0.019100
-0.028905
0.006332
0.019367
0.112752
0.032770
0.248981
-0.042285
0.054977
0.000932
0.096295
-0.000190
-0.013122
0.008040
0.037342
0.045735
-0.029346
0.016988
0.057833
-0.003464
0.013546
-0.012693
-0.199831
0.030240
-0.030983
-0.006965
0.027266
0.027406
-0.029729
0.068099
0.039234
-0.033748
0.035172
-0.014527
0.164509
0.002951
-0.000684
0.025597
0.032203
0.046043
0.063639
0.078919
0.031077
-0.002528
0.054626
-0.030665
0.012956
0.020253
-0.021363
-0.057437
-0.003222
0.020862
-0.020602
-0.003797
0.072970
0.025314
0.022589
0.042475
0.019536
-0.018058
-0.022617
0.047777
-0.005918
0.049643
0.011107
-0.024362
0.044669
0.027672
-0.003721
0.229207
-0.033928
-0.012976
-0.334043
-0.030040
-0.044963
0.094736
-0.096326
-0.013707
0.053702
-0.009211
-0.026895
0.006196
-0.114405
0.068327
-0.040386
-0.067245
-0.013234
0.067320
-0.008019
-0.031129
-0.027943
-0.048984
0.004394
-0.053608
0.082706
0.005473
-0.080288
-0.010309
0.088775
0.006623
0.243235
0.132076
-0.103964
0.063118
-0.033216
0.050812
-0.017016
0.180767
-0.016384
0.002461
0.000016
-0.003247
0.136351
0.104628
-0.079630
-0.048178
-0.010128
0.028729
0.088363
0.037383
-0.023748
0.012935
0.025415
-0.006378
-0.040033
-0.003222
-0.009841
0.026127
0.017830
0.089791
0.068580
0.000802
-0.002662
0.004106
0.026669
0.051129
0.049879
0.118197
0.136513
0.025366
-0.054013
0.020388
-0.006222
-0.086626
-0.013260
-0.011878
-0.001664
-0.010245
-0.002328
-0.021258
0.008297
0.116021
0.073205
0.001471
0.011494
-0.046999
0.012648
0.001505
-0.071821
0.022024
-0.008631
0.027230
0.032610
-0.038275
-0.020517
-0.003846
-0.014329
-0.007641
0.037246
-0.014481
0.071485
-0.060011
-0.017875
-0.056412
0.062933
0.049569
-0.014743
0.000928
0.012536
0.041959
0.081827
-0.028575
0.041862
-0.011010
0.016231
-0.000783
0.083509
-0.028296
0.062029
0.018601
0.057490
-0.011090
0.109558
-0.013898
-0.031899
-0.083554
0.320154
0.135655
-0.002208
-0.096775
-0.011193
-0.047736
-0.005425
0.035905
0.127700
0.035510
-0.011669
0.200292
-0.058907
-0.168482
0.031826
-0.057849
0.032584
0.079169
0.009330
-0.009605
0.006032
-0.013607
0.160216
0.039061
0.014017
0.012829
-0.064397
0.301451
0.031627
-0.004687
0.030565
-0.038739
0.053565
0.014295
-0.152887
-0.008846
-0.002396
0.018867
-0.003011
-0.005846
-0.013169
0.003231
0.018048
0.223926
-0.034785
-0.012203
-0.082328
-0.026672
-0.000251
-0.070554
-0.016114
-0.024314
0.021141
-0.014735
-0.021184
0.038456
0.030069
0.004846
-0.028115
0.010431
0.063265
0.021192
0.019623
-0.052281
-0.054217
-0.062336
0.035464
-0.031465
-0.123792
-0.020763
-0.014951
0.037104
0.156041
0.041183
0.014826
0.003152
0.113851
-0.087098
-0.052054
-0.001525
0.040614
-0.025919
-0.173612
-0.136624
-0.022323
-0.022722
-0.002902
0.001816
0.099117
-0.092872
-0.006500
0.015087
0.000870
0.024445
-0.037415
0.117312
-0.064237
-0.024756
-0.033970
-0.102877
-0.014723
-0.072936
-0.043946
-0.020213
-0.035167
-0.028788
-0.027113
-0.124139
-0.014888
0.016428
-0.081252
-0.029271
0.253354
0.033102
-0.008898
-0.026290
0.040729
0.062031
0.072294
0.062041
0.085220
0.055206
0.051014
0.084120
-0.057078
0.047254
-0.034541
0.094890
0.035324
-0.010632
-0.035871
0.006987
0.060317
-0.037246
0.005434
0.003062
0.166378
-0.011343
-0.020629
-0.046060
-0.032160
-0.052194
0.043507
0.018126
-0.003825
-0.053569
0.039774
0.014882
0.013292
-0.010752
-0.019279
-0.018750
-0.081735
-0.003268
0.005338
-0.012791
0.061068
-0.000398
-0.056427
-0.015445
-0.025659
0.053628
0.116491
-0.069823
-0.007919
-0.031997
0.015779
0.039909
0.140055
0.006671
0.026009
0.003438
-0.002825
-0.036278
-0.075709
-0.132092
-0.006287
0.064542
-0.092083
-0.046293
0.094763
-0.224447
-0.018204
0.007314
-0.108283
-0.049540
-0.008488
0.094919
0.002382
0.021667
-0.008284
-0.014312
0.043521
0.063092
-0.048702
0.019537
0.010086
-0.024242
-0.022589
-0.053950
0.028610
-0.004462
0.075832
-0.029434
0.035431
-0.082065
-0.043483
-0.015343
-0.048359
0.016999
0.005080
0.076587
0.005345
0.054511
0.067479
-0.023282
0.029139
0.023123
-0.013536
-0.024574
-0.051043
-0.022284
-0.010700
-0.008726
-0.061786
-0.019227
0.069556
0.124009
0.328520
0.086228
-0.097233
0.104849
0.086351
-0.013743
0.003999
0.047370
0.008556
-0.126632
0.007772
-0.003407
-0.024508
-0.008929
-0.004564
-0.003299
-0.009419
-0.029494
-0.007253
-0.048092
-0.011230
0.001758
0.000132
0.068177
0.005568
0.065737
0.074915
0.061365
0.033816
0.004083
-0.024218
-0.001437
0.037507
-0.023729
-0.038293
0.069708
-0.067930
-0.028511
0.095868
0.126171
0.005368
-0.085625
0.047637
0.111528
0.003559
0.050714
-0.033606
-0.021226
0.078415
0.072774
-0.020274
0.072739
-0.200258
-0.045333
0.004539
0.022185
0.047657
-0.189378
0.043387
-0.003182
-0.020211
0.029933
0.012906
-0.068197
0.007839
-0.046239
0.026968
-0.001112
-0.042147
0.015689
0.048732
-0.000697
-0.004992
0.033754
-0.096848
-0.058383
-0.010156
0.012703
-0.015386
0.036512
-0.108041
0.031713
-0.017951
-0.000917
0.075445
-0.013905
0.002821
-0.004281
-0.016345
0.025308
0.084706
-0.008929
-0.017007
0.004535
0.036834
-0.009882
-0.022022
0.039366
0.011705
0.012740
0.001474
0.088514
-0.015616
0.024388
0.108883
-0.002698
-0.017308
0.115753
0.031155
0.037593
-0.039682
-0.008162
-0.005619
-0.006274
-0.004200
-0.054096
0.060550
-0.081159
-0.006022
0.081734
0.060784
-0.043880
-0.019651
-0.034997
-0.013798
0.074434
0.035252
0.051334
-0.024770
0.067944
-0.028079
-0.008988
-0.006979
-0.026383
0.025172
0.089255
-0.038053
0.063499
0.024594
0.078038
0.013392
-0.053633
-0.002281
-0.016320
-0.048726
0.063893
0.011155
-0.015150
0.002319
-0.067717
-0.004061
0.026381
-0.018415
0.027266
-0.015768
0.037919
-0.290235
-0.053613
-0.023159
-0.028242
0.036769
-0.037187
-0.036622
-0.008416
0.019339
-0.013497
-0.020585
0.129609
0.029629
-0.012570
-0.023813
0.023965
0.014875
0.067136
0.029080
-0.006001
-0.018625
0.082144
-0.047109
0.050364
0.011483
-0.007246
0.158164
0.024689
-0.045104
-0.006922
-0.005727
-0.057884
0.066097
0.029433
-0.043642
0.007660
-0.018055
-0.016999
-0.049709
-0.007062
-0.006258
0.040054
-0.049329
0.017825
-0.038513
0.003165
-0.023834
-0.003548
0.078039
0.067417
-0.038915
-0.041555
-0.033383
0.007484
-0.099697
0.023473
0.010978
-0.034633
0.001598
-0.005606
-0.004070
-0.007039
0.030398
-0.069147
-0.033174
-0.005883
-0.074869
-0.040917
0.035868
0.088140
-0.037986
-0.137916
-0.005135
-0.042873
-0.044495
0.029684
-0.008694
-0.048739
-0.018998
0.037116
0.025713
-0.039650
-0.006003
-0.088414
-0.008150
-0.016304
0.032185
-0.022723
0.095394
-0.015959
0.102129
-0.085915
0.012168
-0.018061
0.015631
-0.014036
-0.070325
-0.062893
-0.009794
-0.047087
-0.070464
0.045955
0.258652
0.037575
-0.038904
0.006686
0.046488
-0.913230
0.041404
0.057302
0.031088
-0.062183
0.006388
-0.011514
-0.053251
-0.016172
0.052002
0.064595
0.018820
0.061948
-0.026422
-0.023531
-0.072616
-0.079194
0.087845
0.119689
-0.023339
0.080313
0.045059
0.000365
-0.001493
0.029121
0.000368
0.087445
-0.001686
0.084685
-0.098182
0.013441
0.014406
-0.069791
-0.011601
-0.039719
-0.048291
-0.103277
0.027738
0.055395
0.054821
-0.004002
-0.029474
0.141629
-0.007497
-0.090948
-0.044167
0.036894
-0.036744
-0.014465
0.040756
0.168875
-0.020784
-0.006746
0.027801
-0.032362
-0.025978
-0.050291
0.038879
-0.012768
0.048749
0.029554
0.054125
-0.006177
-0.012483
0.103941
-0.012000
0.051615
-0.022038
-0.032579
-0.075451
-0.038795
0.074621
-0.063562
-0.033682
0.056777
-0.053308
-0.043073
0.022928
-0.020383
-0.040262
-0.044841
0.015914
-0.023654
-0.018658
-0.032508
0.042617
-0.217430
-0.050206
0.172073
-0.007551
-0.007211
-0.030373
0.005990
-0.032509
0.049157
0.097115
-0.012440
-0.048659
-0.043226
0.026991
-0.050431
-0.075400
0.050365
-0.289746
-0.084131
-0.019960
-0.015045
-0.022650
-0.096076
0.005528
-0.072224
-0.095757
-0.010947
0.089459
0.036822
-0.123088
0.039300
-0.028570
-0.046223
-0.032737
0.010238
-0.079060
0.105609
0.031035
0.051223
-0.084098
0.039503
-0.022536
0.020651
-0.005707
0.082925
-0.089649
-0.126139
-0.029909
-0.221238
0.039163
-0.085081
-0.012917
-0.043798
0.003359
0.076252
-0.015694
0.054792
-0.013797
-0.028473
0.030177
0.011982
-0.215429
0.087295
-0.002717
-0.043274
0.046122
0.002227
-0.050905
0.089436
-0.019898
-0.025259
0.029969
-0.003601
-0.079394
-0.004527
-0.036582
-0.044137
0.040512
-0.012477
-0.011581
0.147179
-0.019685
-0.034697
0.056706
0.089136
0.017034
-0.031864
0.029512
0.131684
-0.000448
0.002528
-0.016381
0.153864
-0.117590
-0.047333
0.033409
-0.022662
-0.033465
0.086436
-0.021657
-0.006706
0.019746
0.044608
-0.036573
0.002046
0.046515
-0.003030
-0.033705
-0.035634
-0.026461
-0.072192
-0.126034
0.069315
-0.010613
0.367192
-0.004215
-0.097768
-0.039513
0.004122
-1.953990
0.078876
0.097810
-0.000030
-0.022407
-0.051180
0.000725
-0.028333
-0.021587
-0.029159
0.029633
-0.050403
-0.023281
0.031578
-0.048311
-0.040090
-0.053387
0.099186
-0.052012
0.129944
-0.046686
-0.007360
-0.018337
-0.023250
0.214805
0.069000
-0.097253
-0.033936
0.166902
0.012751
-0.014866
-0.065456
-0.060582
-0.021952
-0.012350
-0.041550
-0.012145
0.114067
0.006186
-0.097866
0.026488
0.105020
0.270150
-0.013618
0.038486
0.208803
0.013741
-0.012765
0.033030
0.110402
-0.053504
-0.042116
-0.027654
0.172288
-0.016133
-0.005908
0.005691
-0.023500
-0.044627
-0.009008
0.028636
0.080482
0.039638
-0.002396
-0.037193
-0.012063
0.008240
-0.061284
-0.010553
-0.011315
0.056699
-0.008533
-0.032936
0.174248
0.041665
-0.040162
0.104779
-0.133510
-0.014084
-0.008919
0.009520
-0.033475
0.073620
0.019447
0.016840
0.080815
0.053367
0.050938
0.078033
-0.016713
0.036003
-0.006071
0.026314
0.046371
0.077543
-0.038146
-0.041807
-0.097224
-0.033056
0.150388
0.076016
0.039210
-0.039975
0.019550
-0.010999
-0.003926
-0.006708
-0.067400
0.034080
0.033808
0.072591
-0.012491
-0.051821
0.027211
-0.018480
0.071275
-0.020666
-0.040543
0.013108
-0.110827
0.080225
0.063537
0.011974
0.001359
0.013169
0.027696
-0.008325
0.016672
-0.006025
-0.035276
0.025466
0.144630
-0.006787
0.030201
0.054768
0.079707
0.067268
-0.014253
0.026732
0.019112
0.073221
-0.008781
0.052840
0.047879
0.001506
0.051617
0.024653
-0.002609
0.043846
0.032785
0.036672
-0.004183
-0.009805
0.006832
0.008819
0.019716
0.004105
-0.063642
0.018943
0.006412
0.035067
0.001868
-0.004995
0.013915
0.042157
0.116793
0.008717
-0.011527
0.000149
0.003501
0.022870
0.034456
-0.000451
0.062178
-0.008137
0.066457
-0.061298
0.099509
-0.011974
0.002723
-0.021982
-0.014665
-0.008252
-0.026730
0.023148
0.027160
0.036727
0.075762
0.069149
0.045572
-0.010800
0.015936
-0.057988
0.093581
0.007900
0.011126
0.009124
-0.036267
0.068320
0.007704
-0.004798
0.076470
-0.020123
0.074172
0.116476
-0.027326
0.008198
-0.015478
0.011513
0.036020
-0.000298
0.022523
-0.023131
-0.025383
0.010723
-0.002581
0.004461
0.040455
-0.013752
0.004715
-0.001774
-0.009544
0.025239
-0.001105
-0.045403
-0.024972
-0.005606
-0.011884
0.141320
-0.015790
-0.001422
0.056918
0.012140
0.030373
0.011507
0.021272
0.003343
-0.010823
-0.103351
0.012255
0.003223
-0.014143
0.014950
0.002890
0.039177
0.044043
0.026550
0.008691
-0.043730
-0.022391
-0.003571
0.077982
0.003276
-0.006622
-0.037634
0.009214
0.041056
-0.010309
0.117937
0.035500
0.086940
-0.036297
0.017830
-0.005836
0.053401
-0.013227
-0.018103
0.150627
0.016327
0.051292
0.038516
0.082317
-0.011049
-0.001619
0.021665
-0.010100
0.020218
-0.018172
-0.000699
0.010210
-0.005880
0.013488
0.046828
0.006434
0.301351
-0.027269
-0.013307
0.013367
-0.076588
0.051345
-0.035837
-0.043616
0.208286
0.205146
-0.140201
0.003569
-0.021255
0.005257
0.155762
-0.026799
-0.003648
-0.028448
-0.039254
-0.058178
0.113139
0.026262
-0.046361
-0.069183
-0.082610
0.042332
0.033747
-0.029210
-0.058319
0.101864
-0.049818
-0.030998
-0.028042
-0.000924
-0.010093
-0.057964
0.029072
0.004808
-0.012894
-0.033297
0.037970
-0.064983
0.081622
-0.030075
0.044260
-0.029526
0.009785
-0.029062
-0.014042
0.002761
-0.014749
-0.055766
-0.022294
0.059203
0.141149
-0.073823
0.017532
-0.032369
-0.051740
-0.006515
-0.030166
0.078424
-0.017356
-0.033849
0.026960
-0.015483
-0.013012
-0.055536
0.123454
0.015003
0.056940
-0.157945
0.029462
0.068050
-0.065593
-0.041117
0.092513
0.075853
0.009171
-0.015940
-0.030857
-0.016831
0.010147
0.051266
0.027872
-0.134750
-0.123987
-0.009211
0.012695
-0.075492
-0.032333
0.083406
-0.156128
-0.018790
-0.041121
0.034511
-0.047238
-0.001492
0.028090
-0.030821
0.272112
0.018958
-0.045023
-0.129382
0.090270
-0.055961
-0.059003
0.087899
0.064578
-0.065646
-0.010808
