0.543917
1.337719
0.846330
0.576381
0.974004
0.957909
1.057467
1.036372
0.832601
0.820386
1.021419
1.168687
1.008611
1.011611
1.033068
1.503289
1.405314
1.038586
1.016376
1.302180
0.972617
0.841368
1.033340
0.880958
1.183532
1.010877
1.095923
0.927598
1.051480
1.118353
0.874297
1.058669
1.495829
0.563999
0.898555
0.558465
1.048771
0.736068
0.833773
1.332361
1.011594
1.066485
0.636498
1.002781
1.249334
1.041830
0.790919
0.999714
1.403378
0.702903
1.001451
0.976270
1.001352
0.998088
1.003137
0.871710
1.177921
1.021994
0.797799
0.931350
0.463697
1.304923
1.000000
1.000000
1.079297
1.003047
2.429068
1.013665
0.711438
1.014852
0.980213
1.115051
1.754127
1.241385
1.072571
0.953988
1.053987
1.000505
1.003516
0.951824
0.767210
1.163737
0.812724
1.000000
0.985015
1.022041
1.001446
0.976261
0.867657
1.000000
1.000000
1.007491
0.952647
1.160359
0.856848
1.024478
1.035450
0.925246
1.107963
0.894725
1.468785
0.975804
1.063603
0.935823
1.115562
1.003818
1.148294
1.315768
0.941436
1.023511
0.864242
1.025370
1.000125
1.009048
1.134374
1.000000
1.130351
1.006329
0.986337
1.083234
0.878438
0.998437
0.817011
0.914637
1.004600
0.916710
1.096043
1.002110
0.968791
1.123166
0.906518
1.049322
0.841742
0.960985
0.957653
0.577287
1.111663
0.931148
1.002070
0.907611
0.881006
1.003937
1.035029
1.078468
1.000000
1.121485
1.000000
0.941916
0.972110
1.000000
0.943551
0.981985
1.000000
1.277080
1.109878
0.548833
1.000000
1.037760
0.997806
1.054074
0.860953
1.064211
0.933824
1.133937
0.861626
0.934399
0.783003
1.120686
1.049335
1.064177
1.246300
0.698870
1.006134
1.020493
1.000000
1.000000
1.000000
0.932265
1.014965
0.852485
1.000000
1.017842
1.569606
0.962741
0.889817
0.931000
1.009817
1.046929
1.065916
1.155198
1.007307
0.970875
1.027058
1.125604
1.199263
0.984366
0.641684
1.532100
1.022863
1.006505
1.225739
1.137125
0.986603
0.999507
1.068195
1.757729
0.895058
1.257809
0.995625
0.987387
0.848069
1.117476
0.848333
0.820049
1.000411
1.329282
1.154142
0.923099
0.836479
0.965156
0.891620
0.781385
1.022659
1.000000
1.008150
0.869260
0.298456
1.149377
0.932633
1.004785
1.343992
1.019782
0.758672
0.942404
1.331615
1.046678
1.080293
1.000000
1.000000
1.237292
1.174856
1.069238
0.855132
0.724099
0.865994
1.033590
1.027985
0.830247
0.985748
0.410495
0.969486
1.283063
1.057079
0.856574
1.022700
1.077259
0.540955
1.064222
1.069773
1.023057
0.724825
0.962324
0.925766
1.017791
0.791542
1.126450
1.052225
1.234918
0.932016
0.787696
1.229256
1.000000
0.989082
0.973218
1.003103
1.055826
0.725188
0.895420
0.705632
0.980566
0.987225
1.001542
0.952732
0.954703
0.650634
0.488377
0.826870
0.950680
0.989788
1.022736
0.860165
1.036362
1.162202
0.497607
0.972268
2.150171
0.788900
0.648082
1.271425
1.096348
1.094459
0.858493
1.203691
0.774687
0.494458
1.112671
0.849922
1.027385
0.874309
0.421955
1.000000
1.024190
1.121774
1.386887
0.914463
2.353997
1.108408
0.946220
0.944177
0.846778
1.077620
0.447324
1.182362
1.119122
0.901680
1.253221
1.120633
0.756960
1.000000
1.231949
1.023352
0.844989
0.985420
1.073499
0.914218
1.120850
1.142002
1.525291
0.253530
0.258364
1.594721
1.474109
1.099723
1.421067
0.983931
1.137958
0.585713
1.049637
0.728190
0.998016
1.047379
0.826742
0.874661
1.356559
0.570275
1.065407
1.843692
0.974069
1.059265
1.308903
1.000000
1.465352
1.081121
1.167250
1.180145
1.212868
0.962028
1.987453
1.063651
1.825513
0.915220
0.761019
0.520853
0.743743
0.764468
1.238866
0.708928
1.431991
1.727212
1.061983
0.924284
1.151339
1.244220
0.225982
1.101107
1.361100
0.561824
0.859757
1.000000
1.000615
0.901099
0.931862
1.735077
1.089826
0.899494
1.284304
1.002746
1.006436
1.171375
0.938856
1.059125
0.629023
1.001061
0.689084
0.808167
1.872967
1.000000
1.000000
1.000000
0.903434
0.517204
0.932779
1.325655
1.000000
1.398534
0.518920
0.454164
0.719170
0.586679
1.001924
1.014106
1.010727
0.547080
0.958456
0.686832
1.009725
0.902523
0.959124
0.774301
0.691077
2.957009
0.775072
0.974039
0.930075
1.365498
0.439091
2.470446
0.786061
0.998673
1.102822
0.610371
1.569851
0.539815
0.997947
0.861185
0.905203
0.996310
0.959841
1.001267
1.182780
1.245340
1.088896
1.019551
1.685264
0.942161
1.044455
0.889740
0.927511
0.380478
0.498096
1.133266
1.941678
0.968062
1.456024
0.869434
1.023245
1.124616
0.998763
1.596972
0.321618
1.513432
0.653337
0.349370
0.980132
0.991933
1.322545
0.968115
0.799732
0.757779
0.952916
0.495467
1.085854
0.797698
0.284288
1.066908
0.881576
0.916090
0.982041
1.268909
1.030549
0.999015
0.955181
0.518709
0.478084
1.032074
0.752767
0.924874
0.972644
1.006945
0.871526
0.947473
0.940198
0.922836
0.600007
1.709359
0.970335
0.781401
0.967260
1.042435
0.665363
0.657612
1.393097
0.914053
1.157776
0.317431
0.986350
1.121485
1.007203
0.935258
0.602779
1.423220
1.016977
1.082069
0.165237
1.136642
1.020650
1.137706
1.019158
0.988926
0.526093
0.304786
1.153116
1.487809
1.030258
1.895501
1.002500
1.387052
1.006491
3.200604
3.685114
0.503478
0.470590
1.000000
1.014321
1.894146
1.171488
0.581021
0.537268
1.149548
0.740683
2.223381
0.546063
0.866399
1.377599
1.007936
1.040385
0.702419
1.271130
0.622641
0.836188
0.953241
2.483124
2.140137
1.268196
1.007486
0.899623
0.999228
2.104322
0.579602
1.691046
0.964317
0.979969
0.904243
0.969114
0.990499
1.027307
0.850570
1.405601
0.953547
0.968646
0.930946
1.471273
0.951691
1.041763
1.018324
0.574266
1.127220
1.076661
1.094466
1.501067
0.995828
1.374233
0.870213
1.117956
1.019041
0.962779
0.442808
0.875886
0.610174
0.160267
1.011127
0.373037
0.669300
2.051559
2.199825
0.719837
1.241142
0.962622
0.858860
0.778042
1.013968
0.969770
0.987130
0.974050
0.978989
1.498030
1.032541
0.237882
1.062935
1.040211
1.789506
0.285207
1.493393
0.991692
0.997118
1.032434
0.433377
0.277542
0.868981
0.648479
1.147582
1.066815
0.148400
1.115995
0.154317
1.070710
0.958660
0.308299
0.848464
0.927991
0.813600
0.711874
1.428507
1.233814
0.995896
1.732263
3.534108
1.037288
1.015502
1.377015
0.853591
1.215798
1.162531
1.018147
1.089840
0.575365
1.271631
0.988944
0.618104
0.766600
2.834674
1.000000
0.652727
1.098672
1.155267
2.437644
0.929079
0.939677
1.703734
0.846206
0.290796
1.000000
0.651417
1.779981
0.963367
1.055894
0.252297
0.818379
0.980779
1.062939
0.803440
1.036313
0.125833
0.956781
0.836697
1.136470
0.994965
1.033274
1.028364
0.848812
0.664997
0.780412
0.668824
0.358778
0.932299
1.766443
1.000000
0.423042
0.433868
0.989050
1.775353
1.006867
0.993364
0.847875
1.108778
1.086818
0.970471
1.218350
1.145847
0.947678
0.994986
1.621312
0.997648
1.168664
0.721827
0.917582
0.486287
0.728560
1.832415
1.002864
0.997429
0.838101
1.132240
0.998552
0.997055
0.994036
0.527689
1.028710
2.148914
1.012909
1.218099
0.199221
0.881981
1.508925
0.897504
0.389455
0.893220
1.410994
0.672419
2.421964
1.148637
1.103328
0.986798
0.891711
0.953427
1.257106
0.822075
0.560308
1.843771
0.493213
0.982735
1.332439
1.017193
0.994371
0.628443
1.000000
1.000953
0.745064
1.051316
0.830708
0.986046
1.227554
0.837858
0.663575
0.984089
1.160325
0.974610
1.262035
0.970858
0.969759
1.310711
1.082265
1.480481
0.607650
0.959355
0.740658
0.995328
0.980645
0.976426
1.283903
0.691667
0.997818
0.613283
1.004874
0.990693
0.922774
1.087015
1.265298
0.940699
1.007803
0.790845
0.900411
0.948379
2.234740
0.939533
1.436536
0.963406
1.064241
0.930372
1.501725
0.934422
0.913724
0.890785
0.854191
0.979321
1.335847
0.818446
1.146851
1.010175
1.615726
0.970018
0.701881
0.932350
0.949013
1.118553
1.252031
0.893851
1.019718
0.912922
1.070167
0.470456
1.005253
1.532266
1.000000
1.021682
1.471625
1.109929
1.122138
0.438274
0.648058
1.009432
0.256996
1.687397
0.922417
1.000274
1.108979
1.044244
0.884496
0.940114
1.236776
2.381721
1.011514
0.988939
1.227795
0.828945
0.690253
0.952069
0.524776
0.977445
0.988452
0.543308
0.700589
0.993930
0.858512
1.085750
0.491782
0.471533
0.664755
0.998637
0.348159
1.325859
1.012001
0.522412
0.888271
1.033293
1.040373
1.119850
0.906462
1.521975
0.940378
1.044150
1.162850
1.009399
1.097823
0.790008
0.954861
0.955959
0.875367
0.901966
1.352540
1.136396
0.817179
0.995753
0.532834
1.023212
0.337288
0.111615
0.348748
1.161938
0.331793
0.656105
0.769525
0.542451
1.045976
0.268553
1.002363
0.613934
1.227997
0.981089
0.974527
1.896677
0.677145
0.560189
0.929742
0.910712
1.199039
1.119922
0.623529
0.983240
0.551602
1.240014
1.229686
1.151567
0.969293
0.926720
2.215267
0.620715
0.212277
1.078886
1.068666
1.133869
1.007791
1.102667
0.730019
0.827214
0.878217
1.003049
1.105847
1.339018
0.882236
0.971719
0.764378
1.275555
0.928157
1.173364
1.014646
1.242635
1.188378
0.983457
0.329848
0.800900
3.296561
0.365503
1.022338
0.982590
0.351221
0.975958
1.494717
0.927476
0.968815
0.978080
1.016408
1.001374
0.745385
1.062395
0.611083
0.984169
0.984197
0.797305
0.982436
1.140696
1.137110
1.012168
0.584544
0.984403
0.950924
0.960430
0.976866
0.849114
0.972761
0.594897
0.894192
1.033926
0.629558
0.977629
1.113538
0.968176
1.025926
0.915437
0.692814
0.452254
1.561942
0.980966
0.605690
0.613876
2.063313
0.994477
0.969713
0.764074
0.473293
1.220946
0.615910
0.399144
0.921312
0.831431
2.409488
0.651201
1.087898
0.966439
1.066394
1.281629
0.500621
0.275471
1.045435
0.349535
1.047957
0.943607
0.957648
0.393169
1.639533
2.314880
1.029717
0.406343
0.977460
1.293311
0.603809
0.849020
0.969587
0.169289
1.141771
0.988920
3.469446
1.045206
1.320495
1.149104
0.587882
1.012211
1.021360
0.959891
0.954778
1.026370
0.057545
0.568706
0.045778
1.249565
0.816692
0.949536
0.459163
1.032568
1.000000
0.959587
0.827040
0.261468
1.283146
1.425267
0.906353
1.001255
0.961041
0.953427
2.478250
1.609180
0.538373
0.213628
1.000000
1.260474
1.152295
1.935612
0.364501
1.946782
1.636764
1.519342
1.923642
0.909004
1.003759
1.323273
0.577507
0.564250
0.644726
1.000000
0.869353
0.841633
0.833792
0.423917
0.570238
1.450492
1.574627
0.975867
1.372982
0.491430
1.031640
0.906741
1.023218
0.932633
0.730700
0.974527
0.996735
1.029876
0.761136
0.336154
1.072595
1.264991
2.729641
2.165765
1.148481
0.287870
0.371272
0.829493
0.786110
0.586750
0.184393
0.890331
0.899584
0.922230
0.728629
1.492220
1.578123
0.284367
1.000000
1.261789
0.926506
1.025112
1.506121
1.127138
0.473772
0.881465
0.868982
0.993082
0.972587
1.208778
1.295407
1.170501
0.915261
0.445717
1.053502
0.210418
0.872533
0.358649
1.759758
1.005999
1.150128
0.876080
1.005005
1.034300
1.102968
1.117220
1.155957
0.632632
0.754146
0.938507
1.267620
0.821723
1.037047
0.831277
0.878627
0.765290
1.477380
0.976990
0.981898
0.341419
0.688491
0.460292
2.126870
0.953135
0.842606
1.361644
1.035303
0.563875
0.816620
0.556296
0.891326
1.137078
0.971160
0.877343
1.643534
0.230427
0.313148
0.924493
0.168294
0.993850
0.860777
0.839529
0.759115
0.995301
0.630827
1.046210
0.742761
1.377176
1.087392
1.086362
0.392497
1.093701
1.606598
0.724571
0.642768
0.954443
3.028692
1.494045
1.050493
1.104460
0.302565
1.311424
1.062179
0.765934
0.256080
0.789548
1.255525
0.921557
0.426825
1.034770
0.837348
0.112733
0.958418
0.454969
0.727906
1.939347
1.000000
0.939986
0.092746
0.908249
0.578000
0.447808
0.586670
0.544585
0.998107
1.548786
0.780830
0.217978
0.724162
0.163875
1.324434
1.074633
0.878027
0.991457
0.486127
0.255745
0.752686
1.000000
2.086485
1.924607
0.089316
0.950537
0.913328
1.034907
1.132101
1.062877
0.218940
1.000000
1.742757
0.891029
3.158215
1.314678
1.635437
0.754590
0.788017
1.580553
0.720407
2.114326
0.913220
1.934704
0.715549
7.346645
1.961118
0.529724
1.075214
0.120184
0.107463
1.130747
0.879665
0.455422
0.831591
0.942926
0.726911
0.808363
0.964191
0.358547
0.384232
0.997837
0.861331
1.959297
0.890149
2.619275
0.755434
0.575669
0.970970
0.512771
0.990079
1.362689
0.658421
1.041190
0.602524
0.021094
1.077036
0.980838
1.462758
0.884820
0.316718
1.043362
0.215183
1.821491
0.819981
0.801386
4.773097
1.013183
1.000000
2.680945
0.543675
0.374936
1.116666
2.021346
1.676166
0.700643
0.292240
1.254812
0.632343
0.611264
0.300453
1.562261
1.398648
1.000000
0.647418
0.850954
1.000000
0.358123
0.307198
0.993633
0.380331
1.186845
1.000000
0.989071
0.789255
0.994183
1.087911
0.553842
1.044944
0.807920
0.099959
1.371083
1.296963
0.754091
1.000000
0.819038
4.602934
0.907733
0.644605
1.169457
1.109208
0.667306
1.750751
0.975238
0.362147
0.648399
0.727673
0.489914
1.331475
1.472040
0.647093
0.612592
0.885842
0.806102
1.328813
0.364433
0.668301
0.701842
1.267823
1.248389
0.838418
0.605242
1.846632
0.980260
1.692065
0.588133
2.267911
1.374495
0.810801
0.547572
0.219576
1.463930
0.681619
0.805948
1.684177
0.165888
0.568155
1.759778
1.310401
1.117994
0.391198
1.068705
0.466009
0.171973
0.580255
0.909746
0.496450
0.257256
0.807954
1.997599
0.109081
0.134006
0.627460
0.512358
0.142618
1.092221
0.902598
1.822708
0.797166
2.462228
0.771524
1.294542
0.224446
1.000000
2.385095
0.259873
0.465446
0.727021
0.908665
3.168426
1.135883
0.570982
0.704826
0.697975
0.181619
0.866337
0.526429
0.101728
0.343112
0.742104
0.298465
0.459242
0.990392
0.839704
1.743980
0.847467
0.668058
1.011598
11.187328
0.849702
2.079187
0.175719
0.574792
1.006612
1.228461
1.667158
0.497662
1.509997
1.971361
1.978035
1.354000
0.429105
0.916424
1.985042
0.849974
1.411773
0.780656
1.382993
0.154774
1.209255
1.141013
3.108699
0.224303
1.000000
1.164970
0.760191
0.251527
0.388545
1.497102
0.931913
0.756210
0.338719
1.108624
1.000000
1.122555
0.208500
0.502125
0.850999
0.955587
0.555191
0.624414
0.845911
0.672892
0.378898
1.322625
1.073757
1.625893
0.974281
1.000000
0.825177
0.773970
0.714336
0.998441
0.960613
2.371021
0.138323
0.382475
4.258895
0.365964
0.997180
2.352938
0.523349
0.976144
1.157955
5.598763
6.924610
0.421392
0.548610
1.136944
0.284594
1.559065
2.504011
0.314628
0.741807
3.964611
1.158413
1.023793
0.205996
0.263824
0.967826
0.973552
0.124782
0.160011
0.950622
0.720269
0.975055
5.694991
1.581415
0.362732
1.331456
2.567560
1.011059
0.945492
0.654794
0.231930
0.248766
0.915199
4.122269
1.370921
0.499312
0.035104
1.001440
0.145451
0.223518
1.006862
0.931880
0.510463
0.929047
0.408324
0.496796
1.039341
0.301475
1.899569
1.185284
4.106862
1.367444
0.201537
0.656593
1.103774
0.635227
0.901198
0.975140
1.558348
0.623446
0.402485
0.453305
1.000000
0.743861
0.490484
1.463149
1.139634
0.289982
0.454585
0.551635
1.008304
1.332700
1.541990
0.886762
6.069026
2.175615
1.028671
1.032018
0.006929
1.124134
1.384031
1.026090
0.674593
1.599498
0.862137
0.388146
0.960870
0.443385
0.441716
0.835680
0.205592
0.960807
0.864680
0.928250
0.647782
0.828741
0.892368
1.589997
0.860149
0.750509
0.157320
0.804863
1.428755
0.118038
0.335653
1.955566
1.382151
0.763627
0.368824
0.721311
0.338707
0.759426
0.347900
1.646000
0.486764
0.297962
1.185156
1.012914
1.390875
0.234924
0.858365
0.175744
2.081511
0.959961
3.193888
4.071722
1.756719
0.176197
1.021953
0.288797
1.536584
4.336737
1.916436
0.527987
0.891911
4.525301
1.804262
0.327377
1.526186
0.557661
0.833304
1.433481
1.076578
0.928300
0.342792
0.600246
0.683169
1.068525
0.959971
0.334141
0.123493
0.126502
0.024455
0.956689
0.942786
0.821382
0.986902
0.388787
1.063823
0.804139
1.339782
1.140408
1.197181
0.706207
0.588974
0.273324
0.208418
0.948588
1.217258
1.053210
0.298835
0.260444
0.235402
0.366325
0.715040
0.984998
0.468313
0.909695
0.179764
2.084572
2.113749
4.867229
3.383719
1.207550
0.994388
0.735288
2.757009
0.509987
12.280683
0.853815
0.997214
0.695625
0.868833
0.997088
1.422765
0.538377
0.076648
0.999963
0.085562
0.461750
1.880669
0.114332
1.000285
0.231665
1.152440
1.432769
1.188818
1.062381
1.060965
0.290253
0.554504
0.921193
0.509935
6.642125
1.102675
0.387553
0.810694
1.247202
8.504379
1.024212
0.985923
1.055091
0.167408
1.045013
2.153697
0.658062
1.003365
0.998230
1.500594
2.686105
2.850574
0.502551
0.246481
0.106032
0.895341
1.042355
0.524987
0.978873
0.750130
0.644551
0.659202
0.559295
0.431452
0.999733
0.125619
2.111915
0.945374
0.706076
1.138064
0.960243
1.155113
0.856422
0.971007
0.950205
0.410376
0.848082
0.947272
1.153695
0.130894
0.199388
0.752164
0.045961
0.913172
0.217113
0.997543
1.914302
0.856854
1.916891
0.732907
0.985931
0.539034
0.569164
0.881748
0.726631
1.362341
0.785222
0.069083
0.677560
1.007741
0.628267
0.695215
0.580370
1.068752
1.029599
1.506071
0.256657
1.458540
0.843186
1.465981
0.877491
0.932700
1.005028
1.778132
0.278574
0.953228
0.192980
0.388290
0.222156
0.199166
0.847119
0.965568
0.496156
1.088418
0.352585
1.879710
1.519614
0.083453
0.813268
0.584677
0.987171
0.410346
0.084871
0.398728
0.541978
1.103837
0.690966
1.542134
0.303095
0.469698
0.242834
0.972926
0.983919
0.891176
1.095465
0.158904
1.774030
0.550215
1.573503
1.517415
1.096246
0.879478
1.000200
1.036907
1.066676
1.255898
4.047619
2.614297
0.990068
1.005692
0.970793
1.226744
1.103626
1.484279
0.541052
0.936242
0.710390
1.033553
1.936968
1.338126
0.337711
1.003869
1.044521
0.289678
0.531800
0.165001
0.996228
5.540786
0.999374
1.080390
0.321566
0.317046
1.020018
0.695409
1.697797
0.956017
0.968272
0.999051
0.390137
2.085858
1.067518
0.534056
0.105387
1.343703
1.202618
1.905709
0.149898
0.892040
1.005037
1.788105
1.218607
1.032049
0.358292
0.653283
0.994964
0.815592
1.005373
0.571758
0.224140
0.248398
0.754913
1.493555
0.981384
0.080768
0.998823
0.177664
1.049092
3.048708
1.047833
0.430421
0.036670
0.167215
0.985462
1.006752
0.633492
0.520437
1.172295
0.987713
0.975469
0.223886
0.766704
0.934119
0.546525
0.978821
0.657696
0.931148
2.229572
0.988262
0.681765
1.126521
0.212183
1.045799
0.579772
1.610670
0.092187
1.155635
0.741653
1.110312
1.002987
1.786177
0.882518
0.499189
1.015365
1.270084
2.140983
0.341644
0.088786
2.234468
0.982938
0.233240
0.980438
0.236786
2.219577
0.367023
0.653493
0.935816
0.999802
0.642165
0.697619
0.287753
1.370971
1.005747
0.939117
1.002968
1.007690
0.787762
0.767534
0.801227
0.506656
0.948906
0.669263
0.078624
0.722166
1.539723
0.277492
0.602349
0.040366
0.118307
0.321401
1.008853
0.998750
0.964248
0.598889
1.356642
1.630714
1.002478
1.810448
0.078594
0.477098
0.745332
1.407611
0.987892
0.259735
0.797375
0.837596
1.142527
0.996525
0.946300
0.292068
1.641044
1.000000
0.325697
0.273287
1.027671
1.772051
1.039283
2.740451
0.576418
0.661311
0.809034
1.093504
1.238380
2.717640
0.713824
0.255307
0.582377
0.674124
0.200276
0.356750
0.941879
0.996296
0.339219
0.603534
0.933963
1.010738
0.639655
0.723935
1.024641
1.161173
3.401836
2.808768
1.011898
0.998654
0.864726
0.994300
0.953603
0.492851
0.896669
0.857669
0.935735
1.108200
0.538250
0.638235
1.029623
1.057458
1.025105
1.574916
0.439596
1.065470
0.404910
0.593789
1.534488
1.004343
0.811300
1.031558
0.870742
1.333885
1.101082
0.956063
1.031872
0.983324
2.679996
0.271686
0.966927
0.264414
1.010007
1.015785
0.180416
0.908307
1.169728
3.513449
0.062672
0.652647
0.538903
1.008378
0.989613
0.940974
0.958896
0.290602
1.653525
1.008210
1.048085
1.537122
0.121931
1.108778
0.467022
0.354213
0.982970
0.996023
1.722014
0.159419
0.964144
0.332886
0.940174
0.985882
5.746121
0.740184
0.931455
0.440693
1.093882
1.050611
1.852040
0.631436
0.989830
1.745550
0.692209
2.431403
0.111313
0.112403
0.249316
0.625051
0.880627
1.009293
1.043184
0.931125
0.614742
1.086616
1.034261
0.914034
1.026465
1.065801
1.166925
2.656176
0.479629
0.016701
0.874023
0.558285
0.829439
0.535486
0.441870
1.143767
1.032394
1.071706
1.000000
0.239460
1.018008
0.855204
0.298811
0.074066
1.043695
1.132168
1.104568
0.894849
1.111278
1.086732
1.026378
0.231169
0.808660
1.021723
0.882472
0.092863
0.186090
0.927501
0.114449
0.135872
0.667514
2.185402
0.405074
1.014727
0.324747
0.765668
1.046909
0.421023
1.006197
2.588848
1.102902
1.106585
0.969643
1.669744
0.271902
1.013429
0.985243
0.318416
1.066055
0.510858
0.931984
1.269863
0.994194
1.047013
1.514156
1.187890
0.355069
0.273928
3.101260
0.997016
0.769886
0.994064
1.051094
0.667541
0.532207
0.078665
1.532503
1.257656
0.768351
1.009695
1.517972
4.944817
1.464125
0.169697
1.123959
1.088366
1.725004
1.006769
0.993204
1.774610
0.903105
0.907197
1.019397
0.442384
0.837259
0.973515
1.109577
0.195856
0.987057
0.544501
1.393767
0.154082
0.806247
0.946982
1.020898
1.378496
0.999941
0.989673
1.743643
0.930564
0.253839
1.433747
0.190524
0.993533
0.781713
1.160228
0.656763
2.393245
1.641853
2.391694
0.535996
0.518979
1.235003
0.727994
1.600449
0.989898
0.705084
0.298371
0.981396
1.205466
1.002570
1.533031
0.916528
0.715681
0.848560
0.871292
1.067788
0.996426
3.104143
0.995228
0.646960
0.431087
0.956762
1.003011
1.045907
0.946344
0.214138
0.874273
0.996689
0.938073
0.288986
0.978978
0.137293
0.227603
0.692661
1.452556
0.112913
1.278050
1.078356
1.031567
0.997182
0.983892
0.229821
0.932853
2.073663
0.598268
0.551071
0.534485
1.036192
1.000000
1.025057
0.769226
1.141689
0.721290
0.966849
0.141762
1.122139
2.417840
1.074342
0.315435
0.976151
0.951398
0.173931
0.940549
0.981983
1.937895
0.970747
0.994871
1.531770
0.650611
1.493551
1.004425
0.068135
0.993417
1.067379
2.406500
3.019922
0.180955
8.553531
0.866897
2.972307
0.938311
0.395640
0.322654
0.613139
1.069110
0.711028
1.004655
0.999702
0.351939
0.972265
1.035077
0.746787
1.270093
1.223089
0.798158
0.566449
0.590486
0.391303
0.240233
0.834858
1.274330
0.236964
0.573324
1.014740
0.536385
1.516932
1.023446
0.725271
1.064704
0.288707
0.808921
0.965566
0.967213
0.766941
1.012579
0.997755
1.000000
1.096634
1.000363
1.013479
0.920853
0.210610
8.569640
1.002739
0.973204
2.433907
1.040624
0.851285
0.995376
1.267038
0.505973
3.731658
0.241695
0.651522
0.315088
2.369747
1.455959
0.771071
0.748404
2.444654
0.084370
1.060349
1.404378
0.991362
1.000036
1.057974
0.988188
0.995178
0.940913
1.484087
3.674725
1.050625
1.044680
0.327463
1.047694
0.893135
0.221760
2.640380
0.801047
0.514347
0.990485
0.999672
1.054038
1.033147
1.659269
0.563221
0.014274
0.256097
0.408661
1.363453
0.997238
0.998456
1.071709
0.357552
0.396753
0.864161
0.982599
0.969020
0.893891
0.989929
0.294698
0.087349
0.997652
0.493806
1.112830
0.960419
1.189137
2.691379
0.889126
1.178794
1.099460
0.762743
0.888149
1.023567
0.313384
1.076883
0.132179
0.412653
0.994637
0.253840
0.929372
0.968436
0.993055
1.139652
0.945622
0.863768
0.518569
1.387277
0.626456
1.007149
0.318208
2.472169
0.878910
0.969659
1.592169
0.984365
1.003097
0.997724
0.834156
0.995864
1.013847
1.079340
1.015514
0.931752
1.191487
1.098613
1.011483
1.675153
0.535957
0.570664
0.951271
1.018356
0.999725
0.985891
1.696348
0.939196
0.990829
0.861575
0.211046
0.443848
0.927978
1.000497
1.224812
0.587801
1.036231
0.976045
1.113407
0.818511
0.569828
1.013220
0.979016
0.194155
0.543611
1.186736
1.015961
1.073910
1.002319
0.801361
0.680340
0.875530
0.853413
1.004996
0.737807
1.074814
0.518051
0.925017
0.316240
0.970104
1.002292
0.769511
0.990989
1.429842
1.344828
0.989145
0.279159
0.399001
1.034238
0.953273
0.982844
0.999942
0.993094
0.902275
0.572255
1.033475
0.961506
0.983676
0.944108
1.207908
2.012362
1.010594
0.793958
1.236054
1.050544
0.825672
0.258273
1.050999
0.990535
3.652861
0.994113
1.040231
1.647997
1.393566
0.852849
1.040496
2.548627
1.464510
1.098115
1.072784
0.952672
1.106579
0.993828
0.941642
0.947612
0.731791
1.004159
1.033695
0.976618
1.499712
0.968683
1.016934
0.803618
1.072412
0.252160
0.144507
1.019927
0.825637
1.039347
2.080846
0.498263
0.954244
2.057217
0.999662
0.839809
1.001124
0.224888
0.455713
0.965573
0.673416
1.007168
0.995324
0.881619
0.685223
1.501728
0.290456
1.018524
0.928780
1.083488
1.053478
0.705203
1.021922
0.859210
1.012605
1.069308
0.995431
0.795634
1.060562
0.982969
1.167310
1.420891
1.014519
1.004469
1.035624
0.418300
0.800496
0.433712
0.863850
0.840224
0.966945
0.145256
0.560710
0.037856
0.932135
1.012027
0.999984
0.312250
1.058479
0.999175
0.956215
1.058121
0.781965
0.878269
1.018726
0.916449
0.279028
1.001667
0.808274
0.871961
0.681090
1.347769
0.187129
0.974579
0.989222
1.182219
0.626057
1.001907
0.843351
0.976903
0.943438
0.748425
1.670893
0.194409
1.092919
0.806216
0.920194
1.744215
1.060654
0.058381
0.995943
0.825154
1.049388
1.008445
2.116462
0.041821
0.952819
0.481736
0.880509
1.173827
0.942837
3.009567
2.084348
0.978306
0.846473
0.250907
1.019352
0.982103
0.357772
0.239250
0.999728
1.058758
0.993175
0.951474
1.181250
0.600588
0.999114
0.356706
0.471172
0.892225
2.440771
1.318714
3.541747
1.180597
1.002231
0.968126
1.000985
1.147838
0.321071
0.954016
0.058334
0.920793
0.770613
1.004524
0.320757
0.636033
1.008835
0.838267
0.155050
1.060668
0.984764
1.090835
0.427025
0.100002
2.415552
0.404395
0.994336
4.000563
0.333079
0.980468
1.606421
0.158779
0.873489
1.125136
0.959044
1.008099
1.071813
0.907975
0.999945
1.372647
0.993347
0.918739
0.996782
4.908425
0.915910
0.928444
0.988634
0.859256
0.681433
0.552338
1.465366
0.901770
0.975993
1.032895
2.298402
1.122758
0.988702
0.990154
0.345439
1.005679
0.903338
0.975662
1.005348
0.999309
0.925807
1.005418
1.004729
0.882233
0.982180
1.047916
0.986209
1.174051
0.123834
1.894302
0.118288
0.919343
0.980091
1.000585
1.012567
1.032496
2.473610
0.147274
0.991710
0.960733
1.002772
0.839986
0.982618
1.040524
0.887104
1.227577
1.648283
0.945169
0.975235
1.100358
0.994701
0.988992
1.000000
1.016576
0.973853
0.156622
0.881751
0.972128
0.936670
0.844335
1.000205
0.990080
0.381705
0.058582
0.721090
0.872604
1.030772
0.932139
0.998290
0.933992
0.303589
0.868317
1.005880
0.975971
0.298801
1.148475
0.279135
2.929280
1.053455
0.889632
0.874915
0.961749
0.959609
1.282548
0.971255
2.076120
0.371968
0.674568
1.005254
0.752934
1.028257
0.980119
0.854478
0.719242
0.937871
1.322004
0.066260
0.788187
0.858695
0.819237
0.912117
0.761000
1.006150
1.552254
0.950711
0.986214
0.847324
0.999177
2.143869
0.669556
1.051865
1.054164
1.172465
2.500111
0.812019
1.103264
0.998034
1.011130
1.101437
0.856698
1.846002
0.863707
1.607580
0.999827
0.294769
1.072646
1.023273
0.372720
1.487331
0.961784
0.286467
1.008527
0.873053
1.004858
0.136980
1.615001
1.053074
1.001915
0.977968
0.138784
0.974980
0.036536
0.509448
2.290124
0.995755
1.099139
0.684113
0.935900
1.002368
0.943212
1.021857
0.847804
1.146267
1.202439
1.038852
0.998513
0.920154
0.987130
1.041715
0.813045
0.072257
0.826226
1.146301
0.976025
1.076571
0.806813
0.572660
1.408187
0.879869
0.949643
1.592340
1.725522
0.627286
0.995052
0.031608
0.470182
0.903610
0.979328
2.811646
0.803249
0.633177
0.943010
1.041359
1.000327
0.991333
0.476836
0.998151
2.768591
0.986814
2.039885
1.458868
0.997362
1.230134
1.088992
1.006300
1.085396
0.144140
1.025675
0.330543
1.008797
0.837777
0.664503
1.240902
0.643096
0.809732
0.528129
0.502386
0.459325
1.002075
1.173879
1.043436
1.775508
0.900068
1.006184
1.003832
0.999816
1.583207
2.035810
0.795798
0.861498
1.022649
1.014334
1.172522
0.004379
1.048491
0.902328
0.828259
1.059636
0.168050
0.386210
0.979761
0.980910
1.009173
0.977026
1.108191
0.606338
0.152011
0.353250
0.912316
0.794348
1.733027
0.787316
1.087190
0.089126
0.997819
0.998439
1.159379
0.941758
0.941822
2.400905
1.178598
1.049782
0.829483
0.963225
0.642564
1.095464
0.961495
1.000376
1.084107
0.303821
0.990289
0.875628
0.965944
1.065230
1.054521
0.967795
1.000000
0.335523
0.715367
0.600589
1.005697
0.998934
1.036352
1.093208
0.065448
0.982000
0.991964
0.950856
0.420635
0.914376
0.877097
0.922353
0.930393
1.109387
1.014371
1.012235
1.049817
1.002535
0.551062
0.885683
1.171389
0.854338
0.715273
0.739606
0.973915
0.831937
0.772491
0.349029
0.646564
1.600256
1.276195
1.092173
0.545123
0.896154
3.398439
1.283952
1.046702
1.211295
1.102519
1.140005
0.831382
1.951844
0.419950
0.136351
0.362915
1.056842
0.945763
1.117965
1.060189
1.194273
1.039093
0.982378
0.151978
0.012942
1.394220
0.638138
1.163865
0.493746
0.044550
1.346523
0.997845
0.321195
1.168043
0.878720
0.895476
2.132174
0.385566
1.280328
0.830442
3.009851
0.841427
1.138517
1.049892
1.643840
1.007764
1.116996
0.558652
1.090052
0.259285
1.034002
2.386813
0.342958
0.085556
0.977708
3.345554
0.275016
0.862263
0.705868
0.017557
0.815790
0.844417
1.054720
1.333850
0.279460
1.257688
0.732836
1.493287
0.962749
0.885520
0.988837
0.228388
1.068884
0.976714
1.307982
0.970795
1.024469
0.550052
0.758864
0.745415
1.330609
0.920770
0.884953
2.236155
0.993662
1.007248
0.998965
0.842599
1.171237
1.026695
1.345601
0.994001
0.980401
0.492482
0.480507
0.193526
1.120612
0.815328
0.957432
1.155070
1.033474
1.023927
2.555468
0.777036
0.370546
0.508631
1.199209
0.930618
1.327637
1.058730
0.737650
0.912670
1.140363
0.993185
0.991539
0.691449
0.880982
0.336460
1.212804
0.878850
1.705199
0.989064
1.459734
1.089645
0.931792
1.022220
0.338882
1.122852
0.911685
1.063962
0.809700
1.055000
0.103595
0.698391
1.000000
1.037094
0.460779
1.883456
0.809838
0.483079
0.956772
0.841909
0.978943
0.365251
0.728548
1.624805
0.987652
1.136528
0.474538
0.764557
0.988772
0.108486
0.942916
0.916042
1.024446
0.774991
1.096194
1.064687
0.919203
1.028088
0.938599
1.166823
0.973588
1.244226
0.980665
0.896408
1.230779
1.052043
1.103857
0.980294
0.311850
1.008561
2.092340
0.962563
1.051660
0.307702
1.162619
1.049607
0.984776
0.952490
1.102230
1.083028
0.992704
1.843164
1.531537
0.782689
1.245106
0.725004
0.905297
0.898324
1.196272
1.045468
1.625700
1.000503
1.411263
0.379352
0.955065
1.195102
0.982148
0.820881
1.025877
1.284927
0.997889
1.011328
0.449067
1.000909
0.840171
0.719684
0.705559
0.611461
1.042999
0.755669
0.643913
1.227254
1.086486
0.737630
0.926770
0.399534
0.719897
0.990551
1.206261
1.307504
0.479738
0.994794
1.000945
0.614590
0.552548
0.968924
0.932673
0.898241
1.000977
1.024164
1.045460
0.856573
0.977366
1.300939
0.989455
0.897418
0.980501
1.024759
0.896920
1.017646
0.832340
0.609128
0.668160
1.758124
0.946095
0.764759
0.470762
0.194820
2.978230
1.022202
0.913379
0.885173
1.134869
0.987439
2.513884
1.477447
0.615721
0.952727
1.074662
0.989273
1.108916
0.402597
1.326243
1.005436
1.429465
0.923561
1.008293
0.703339
0.930119
1.069687
2.680550
0.590223
0.950030
1.053525
1.259286
1.004522
0.602289
0.545186
1.011689
0.997095
1.197766
1.082120
0.374955
0.400615
1.094935
0.858189
0.592675
0.825537
0.999627
0.901791
1.098772
1.114019
0.904320
0.673415
1.008637
0.918797
0.920913
0.839625
1.021594
0.594586
0.965223
0.706766
1.549548
1.020863
1.007892
1.357288
0.929287
1.100478
0.705391
0.992252
1.030825
0.928514
1.186075
1.331872
1.338513
0.807259
0.406792
0.991017
0.966729
1.026164
1.392013
0.966626
0.688684
0.592409
0.883674
0.941621
1.275680
1.066609
1.047517
1.319626
1.080154
1.083206
0.676401
1.051161
8.575670
1.026112
0.998408
0.901008
1.205757
1.011536
1.023498
1.023442
0.902975
1.000015
1.000106
1.055003
1.385446
0.972210
1.292456
0.931142
0.862706
0.676391
1.016787
0.364550
1.544298
0.938656
1.267798
0.763143
0.858001
0.812890
0.920380
1.051331
0.989598
0.044661
1.159750
0.575014
0.923199
0.743594
0.250142
0.897982
1.379864
1.781818
1.002834
1.019629
1.005535
0.803565
0.686292
1.022128
0.964323
0.490094
0.991553
1.205095
0.991649
0.827046
0.998330
1.008546
1.421636
1.343043
0.841252
1.000000
1.438266
0.987044
0.852925
0.696355
1.105594
0.490228
0.836839
1.096462
1.002197
0.867627
1.034234
1.473665
1.048889
3.567771
0.481942
0.543815
0.731178
2.018478
0.678586
1.069334
0.780005
0.982562
1.130647
1.127763
0.994812
0.910921
0.978943
0.998451
0.522140
0.314620
1.043507
0.964208
1.088752
1.000000
1.004813
0.978969
0.892202
0.999731
0.998795
1.164709
1.003080
0.519442
0.205137
0.604557
0.366710
1.278018
0.678667
1.004929
3.075999
0.996962
1.253589
0.239441
1.024846
1.028535
1.018683
0.997670
1.099222
0.741871
0.561149
1.402361
1.037702
1.018101
1.044812
0.651129
0.667081
1.003713
1.002235
1.095098
0.829892
1.055348
0.951215
6.779948
2.037225
0.971242
0.916239
0.942262
1.417097
0.853268
1.034306
1.238610
1.044846
0.999150
2.382331
0.984625
0.915136
1.252658
1.057379
0.944879
0.680939
0.996198
0.957234
1.368318
1.063071
0.984713
0.997623
1.320028
0.633402
0.999984
1.017685
1.253114
1.034943
1.092475
1.510037
0.939320
0.794288
1.004299
0.920873
1.623151
1.320202
0.861980
0.873391
5.508149
0.080334
0.635129
0.869681
1.017406
0.464656
0.986215
0.999432
0.631815
1.000347
1.021424
1.037659
0.983246
1.201199
1.113931
3.497085
1.839945
0.978538
0.985860
2.622547
0.649596
0.567701
0.116487
0.974062
0.997121
0.423009
1.046463
1.010233
0.814500
0.942986
0.968517
0.893964
0.852111
1.025442
1.022277
1.081376
1.670260
1.008241
1.129823
0.576134
0.892993
0.635948
1.080860
1.476974
0.987882
1.141776
1.085698
0.993359
0.991360
1.097928
0.993431
1.166068
0.996471
0.823499
1.017870
0.999618
0.966808
0.553055
1.443224
0.956249
0.940593
1.049444
0.951844
1.021260
1.012779
0.997199
0.976677
0.799595
0.997486
1.019817
1.295992
0.558355
0.630899
1.026230
0.331379
1.206763
0.611137
1.215022
1.055017
1.038885
0.205058
0.652134
0.931241
0.989338
1.412416
0.995499
1.065196
0.971149
0.743633
0.217519
1.003904
0.824084
0.601946
0.200486
0.988420
0.906797
0.919266
3.014266
1.687834
2.003116
0.735221
0.985670
0.998785
0.945812
0.981906
0.994176
0.980294
0.069236
0.979456
1.112188
0.979666
0.949708
0.610795
0.848332
3.129496
0.970957
0.452953
0.782083
1.001677
1.011385
1.072478
0.718586
1.062558
1.399782
2.314878
2.057085
1.000393
1.012571
1.136696
1.055371
0.924194
0.515862
0.999237
0.965290
0.967598
1.684004
0.511161
0.939132
1.947006
1.403526
0.976609
0.296187
0.887759
0.707400
1.151570
1.766561
1.087460
0.989218
1.044880
0.939519
1.044743
0.608230
1.107469
0.859181
0.986350
1.036581
0.978073
1.046286
0.982809
0.978830
0.994833
1.040411
0.838238
0.981808
0.996793
0.452109
1.078883
0.921247
1.136487
2.140358
1.077188
0.757711
0.819367
0.461982
0.976886
0.999940
0.611441
0.985055
0.980859
1.315290
1.001304
0.973321
0.950952
0.755468
1.972479
1.060255
0.964238
1.169215
0.992486
1.017679
4.908255
0.748255
1.053428
0.947459
0.189869
1.101492
2.434075
0.413858
0.915149
1.029015
1.624444
0.963001
0.775618
0.866172
1.028333
1.013994
1.036955
1.171939
0.276819
0.961842
1.657426
0.586184
1.101254
0.974425
0.998121
1.039129
0.828781
0.707417
2.967152
0.310414
0.952184
0.743436
0.977321
2.019623
0.750274
1.004668
0.900354
0.823714
1.108569
1.326395
0.784162
0.694034
1.378044
0.997967
1.064266
0.039840
1.042371
1.016833
1.051947
1.017745
0.810216
0.071171
1.000000
0.187669
0.998802
1.342073
4.018404
0.796169
1.348090
1.057628
0.979668
0.973740
1.030513
0.988775
0.989435
1.515015
0.878403
0.982618
0.847216
1.020991
0.548841
1.077100
0.591737
3.633262
1.040958
1.115893
0.994538
0.739448
0.985396
3.314140
0.734335
0.971803
0.796305
0.997075
1.438668
0.638963
0.912517
1.155698
0.933485
0.089594
0.926461
0.767624
0.822662
0.886561
0.658785
0.981215
1.006654
1.010372
1.191213
0.983333
0.260719
0.976752
0.990051
3.655795
0.947536
0.854811
1.006175
0.957906
1.025793
0.975163
1.194231
1.045915
0.091208
1.036556
0.752500
0.928113
0.976605
1.115395
0.977645
1.154950
0.564883
0.876563
1.043216
1.054800
0.169829
0.888623
0.924655
1.149203
0.971189
0.894206
1.034269
0.858166
0.989447
1.030623
0.964220
1.050353
0.820462
0.975885
0.960862
0.893083
2.565268
0.924175
0.873674
0.694513
1.015254
1.002525
0.844305
0.961106
1.090328
0.930206
1.015654
1.091005
0.953729
0.424780
0.433810
0.583065
0.831192
1.019307
0.960226
1.085679
1.009795
1.012856
1.113947
0.868225
1.015733
0.824306
0.969592
1.226892
1.074446
1.194152
1.146613
1.055135
0.150577
0.942360
1.041189
1.262304
0.906234
0.721722
0.286681
0.893356
1.086588
1.169236
0.942211
0.800073
1.006320
0.998134
1.521269
1.022493
0.953898
0.738434
0.276368
1.330596
1.854020
0.488846
1.048674
1.274381
1.028122
1.014502
0.998420
1.018011
2.468128
1.006945
0.722495
0.481729
0.915325
0.947889
1.032582
1.488918
0.899827
0.959730
0.977831
0.060087
1.037102
0.870223
0.741181
1.116501
0.698697
1.074732
1.049414
1.520041
0.999659
0.944765
1.017087
0.987276
0.986571
1.142233
0.847638
0.025774
0.825827
1.000321
0.977229
0.989128
0.841446
0.714561
1.132015
0.482581
0.975271
0.920893
1.942841
0.677078
1.512457
1.109810
0.900289
0.958993
0.754636
0.171460
0.890237
1.052328
0.893428
0.853453
0.963544
1.281888
1.301094
1.087083
0.998275
5.761815
0.405649
1.218067
1.000846
0.862869
1.051797
1.282937
0.203518
0.976151
1.012342
1.107284
1.031879
1.030656
0.924166
0.415435
0.702062
0.983971
0.737968
1.437543
0.770052
0.921694
0.967738
1.188328
0.873987
0.969834
0.944516
1.111536
0.987800
1.036684
0.986791
0.437388
0.968983
1.143288
1.123019
1.153943
1.008489
0.823633
0.960233
1.269732
0.386886
0.924007
10.904815
2.195044
1.081630
0.575555
0.541509
0.055056
1.000000
1.008954
1.149259
0.850871
0.613805
0.986581
0.889769
0.739437
4.955223
0.239132
1.102666
0.885105
0.970336
1.000689
1.010387
1.237611
0.883530
1.008898
0.917558
1.032312
1.058173
1.107437
1.024834
1.144440
1.076680
0.971050
1.638128
1.080487
0.910855
0.653023
0.993433
0.995567
0.999947
0.910004
0.811377
1.074116
1.208276
1.185256
1.223814
0.994508
3.586540
0.992530
1.079904
1.031619
0.922048
1.076976
1.105142
0.839526
0.982578
0.799785
1.008402
0.531103
1.340100
1.453986
1.093409
0.577920
0.417113
1.537785
1.034476
1.952186
0.998728
0.960632
1.945285
0.962716
3.361065
0.989991
1.074733
0.940559
0.743110
1.088614
0.933532
1.540722
0.809721
0.975757
1.067651
1.162129
1.456501
0.623631
1.039032
0.775470
1.664192
1.088339
0.316331
0.381803
0.963289
0.858461
0.952360
1.000094
0.905811
1.029815
0.995152
0.616685
0.989778
1.002743
0.911349
0.866681
1.272891
0.976293
0.782039
1.023228
1.046834
1.237457
0.377128
0.187322
0.982326
0.043411
0.859451
1.141696
0.409309
0.517553
1.044840
1.021411
0.777387
0.836331
0.930109
0.730990
1.088384
1.015665
1.013750
1.002173
0.473686
1.241535
1.427361
1.063280
1.025066
0.997335
0.901011
0.369064
0.987510
0.874493
1.987304
0.647616
0.941813
1.006204
2.126974
1.128403
0.917455
1.057475
0.873696
0.996470
1.069653
0.574050
1.109332
0.663953
0.705480
1.989019
0.385952
0.819235
1.038272
0.781087
0.694414
0.954445
0.997623
0.668730
0.996802
0.786225
1.777617
0.922898
0.807440
1.181467
0.714836
1.097028
0.994234
0.643034
0.770194
0.625484
0.920377
1.024581
1.017213
1.049049
0.036784
0.931404
0.824751
0.915901
0.391900
0.991514
1.006637
1.008510
1.056283
0.980751
1.246532
0.971224
1.043982
1.007884
0.952272
0.914162
0.919325
0.938948
0.663397
0.976906
0.976022
0.903535
0.882767
1.000000
0.679123
0.806746
1.191170
0.955964
0.604152
0.616370
1.063054
0.928999
0.834199
1.001714
0.781133
1.001540
1.490446
1.051132
0.843518
0.911305
1.042335
0.980439
0.574670
0.705399
0.653145
0.851488
0.982558
0.879496
1.050456
2.907735
0.468000
1.116554
0.439172
1.909827
0.999837
1.030085
0.929035
0.942498
2.633818
0.029282
1.153294
0.879313
1.024306
1.266601
0.856985
1.003929
0.090131
0.921768
1.860624
1.036055
1.206440
0.976524
0.910808
1.198143
0.994071
0.517448
0.974732
0.782987
1.398255
0.943129
0.998077
1.028404
1.022150
1.019768
1.030662
0.999667
0.938343
1.009773
0.918666
0.614595
1.000440
0.721967
0.745167
0.483038
1.623464
0.117858
1.082399
0.231990
0.893968
0.932059
1.011525
1.138757
1.006162
0.952725
1.007015
1.007205
2.036046
0.443803
1.015003
1.481435
1.193964
1.000846
0.191602
0.719806
0.317659
0.350913
0.834371
1.232402
1.232668
0.409895
0.836391
0.992769
1.773199
0.754365
0.953131
1.053359
1.368829
1.676814
0.263728
0.030609
0.975335
0.912832
0.837530
1.024713
0.145500
0.699742
1.000218
1.003742
0.961464
1.140832
0.269789
1.049114
1.015911
0.998342
1.020943
0.967744
1.234060
1.067392
0.994156
0.878845
0.996959
1.005845
1.002886
1.007335
1.540088
0.541694
0.165762
0.076644
0.969248
0.993084
0.201927
1.036740
1.165001
0.731751
0.996407
0.980387
1.001374
1.030365
1.173736
0.841226
1.145949
1.135234
0.801092
0.984404
0.507158
0.978821
1.349290
0.849926
0.999525
0.822800
1.031197
0.995989
1.001243
0.445017
0.078007
0.982430
1.120331
0.999580
1.075325
0.943043
0.981046
1.099675
0.990938
1.048666
0.080633
0.985221
0.990231
1.072149
0.899781
1.026654
1.218788
1.022549
1.189803
0.831151
0.951503
0.903532
1.026761
0.982098
0.922307
0.947054
1.127598
0.845249
1.012311
0.751680
0.129536
0.890464
1.059329
0.931774
1.422432
1.020048
1.074845
0.845696
0.933558
0.968859
0.376700
1.002385
1.020054
0.903766
0.940512
1.000367
0.986859
0.967449
0.954754
1.174992
1.657119
0.152722
0.962112
10.986910
1.006405
1.166789
0.959013
0.793388
1.000894
0.816790
0.970347
0.934214
0.944197
1.027445
1.132132
0.994144
0.485524
0.680307
0.966070
0.894751
1.301390
1.016276
0.982605
1.028294
0.218052
0.937884
0.998217
0.715369
1.110292
0.140162
0.987419
0.958251
1.065572
1.307852
0.308620
0.989715
0.970423
1.108747
1.045511
1.001706
2.209552
0.444618
0.571308
0.927383
1.004772
1.071210
1.056908
1.104134
1.051215
0.960204
1.016486
1.046326
1.019213
1.001228
1.019153
0.279275
0.986262
0.965535
0.392627
1.013228
0.666631
0.968099
0.943411
0.684667
1.050131
0.287413
1.037807
1.281159
1.085017
0.999878
0.991518
1.078104
0.806530
1.032223
0.996418
0.501579
0.961202
0.266867
1.152616
1.026549
0.766988
1.483512
0.789591
0.829719
0.988197
0.879381
0.830558
0.999880
0.997611
1.036952
1.856187
1.134772
1.442044
0.955919
0.177969
1.076377
1.298348
1.209742
1.247406
1.052764
0.998471
1.018325
0.801958
0.898908
0.990330
0.869539
1.023536
0.754445
1.281174
1.006037
1.090949
1.056573
1.104356
1.102229
1.013250
1.388282
1.257785
0.930928
1.225447
8.674930
0.999320
1.094260
0.100032
1.002627
1.149105
1.073772
0.457822
0.897641
0.942692
1.209084
0.856922
0.923456
0.894184
0.698495
0.853298
0.845729
0.986493
0.552960
0.992328
2.322795
1.008684
0.591153
1.079429
1.062170
1.027399
1.476198
1.026644
0.998802
1.001940
0.585336
0.581065
0.992139
1.138071
0.624905
1.002322
1.119252
1.007477
0.366249
1.033262
0.968684
0.862904
1.063919
1.134475
0.929559
0.991709
1.033719
1.547356
1.042661
0.972685
1.000000
0.957509
0.989647
1.115776
1.032644
1.130026
0.626634
0.751439
0.951541
0.783344
0.489245
0.993691
1.560350
1.004255
0.792096
0.782878
1.195493
0.381179
1.005173
0.982717
0.249509
1.095060
0.992777
0.872933
1.006283
1.063066
0.862611
1.087950
1.065296
1.031041
0.977670
1.037441
1.016357
1.148501
0.964867
0.874961
0.920028
0.182063
0.731074
1.002382
1.089968
0.893310
1.163573
1.304136
0.519700
1.081491
0.869326
0.792119
2.216146
0.789458
0.754041
0.979841
1.086014
1.038606
0.746287
0.885962
1.108209
0.990770
1.129920
0.768334
0.915088
0.496856
0.797805
1.801636
1.160889
0.607108
1.040922
0.978984
0.429340
0.860990
0.901308
1.006853
1.115056
0.970792
0.665977
0.643272
0.718135
0.781386
1.011256
0.821514
1.223164
0.873383
0.343816
0.318147
1.556173
0.943965
0.216829
0.891814
1.032743
0.878234
1.041837
0.988030
0.927323
1.090939
0.958680
0.857562
0.807981
1.005352
0.967380
0.966037
0.483346
0.905308
0.802472
0.654828
0.922425
0.981370
0.796114
1.005228
0.908035
1.571791
0.977270
1.030494
0.159074
0.987600
0.797251
1.042743
0.836024
0.830066
0.997882
1.085181
0.948773
0.164441
0.935825
1.087029
0.353992
1.005679
1.096912
0.882949
0.746408
0.846551
1.122294
1.045534
0.585304
1.154608
0.313926
1.006415
1.013194
0.834839
0.968255
0.889049
1.100569
1.033424
0.891906
0.855334
1.110234
0.683317
0.987651
0.954523
1.023931
0.956695
0.936217
1.241713
1.018837
0.996401
1.080556
0.494303
1.027422
0.074907
0.885811
1.002992
1.264751
1.185527
1.036636
0.664267
1.015848
0.567480
0.297974
1.077446
1.011660
1.054157
0.631264
0.137402
1.001838
0.968183
1.000346
0.338050
1.102040
0.905938
1.000000
0.717910
0.948035
0.956773
1.056494
1.148332
0.997845
0.662337
1.036855
1.091378
0.958391
1.063487
1.037957
1.188181
1.286521
1.287563
0.852941
0.785037
1.058646
0.887837
0.984051
1.685216
0.667278
0.895695
1.051658
1.002026
2.091781
0.900402
0.461389
0.513226
1.022976
1.572120
0.696868
0.874102
0.969946
0.854256
2.148250
0.998636
0.836763
0.995335
0.959033
0.324977
0.997664
1.023703
1.008733
1.003241
0.343040
1.098378
1.351154
0.890088
1.190911
0.924162
0.956584
1.000653
0.837532
0.723498
0.745213
1.126871
1.162673
0.992095
0.301723
1.223282
0.209351
1.105128
0.926120
1.217581
0.915840
0.373034
0.966866
1.556517
0.874109
0.405106
1.244108
0.878688
0.959306
0.271369
1.152967
0.949784
0.275977
1.676747
0.970317
0.974018
0.526081
0.961709
0.962158
0.733035
1.080752
1.017535
0.161317
1.002567
0.662033
1.601662
0.986149
0.969983
0.927603
1.067426
0.847299
1.027456
1.011892
0.036094
1.208355
1.134723
1.019479
0.780698
0.853100
0.913939
0.933968
1.150501
0.206567
1.278644
0.952956
0.811742
0.430027
0.976323
1.037604
1.325249
1.213700
0.982299
1.005039
0.756835
0.977494
0.996011
1.100548
1.019085
0.886929
0.696847
0.905677
1.025499
1.491207
1.027481
0.664850
1.231862
1.139436
0.788320
0.845261
0.787999
0.826936
1.004658
1.451877
1.042641
0.995045
0.784699
0.708358
0.935763
1.021737
1.014682
0.977025
1.002341
0.980849
1.060603
0.835572
0.978351
1.002573
0.118826
0.625666
0.394984
1.056938
0.811768
0.546497
1.076777
0.804576
0.799490
0.331678
0.342083
0.916380
0.145226
0.933915
1.004188
0.762850
0.919442
0.895337
0.908220
0.435560
1.102321
1.315081
0.930016
0.916596
0.985302
1.028350
0.967399
0.657928
1.011541
1.010936
1.157878
0.080578
0.889016
1.000060
1.019510
1.003279
2.798988
1.020856
0.961709
1.004556
1.023132
1.015343
1.639641
0.013133
2.336756
1.063175
0.337140
0.014414
0.084526
0.993975
0.847884
0.890901
0.498061
1.529554
0.939299
1.151944
0.838036
0.435267
0.990286
0.947682
0.706722
0.917393
0.986362
0.874747
1.000467
1.226418
0.934291
1.293299
0.848982
0.982146
0.786415
0.858781
1.135215
1.013509
0.931213
0.790004
0.889493
1.040317
0.985605
0.763979
0.991221
1.257036
0.467328
1.015989
0.958758
1.040501
1.450296
1.077773
0.997198
0.447042
1.182570
0.906091
1.007587
1.009933
0.990289
1.579364
0.766735
0.924524
1.198249
0.787891
0.874502
1.418916
1.025435
0.853859
0.879058
0.634701
0.270947
1.197330
0.971297
0.980603
0.907279
1.057059
0.829411
0.987483
0.525785
0.983038
1.128293
0.983874
0.914180
1.030516
1.138539
0.999083
1.732187
0.831925
1.075196
0.333303
1.030744
1.307323
0.821080
0.436751
1.918264
1.002157
1.417923
0.944490
1.335285
0.955526
1.559511
1.144809
0.975624
0.941695
1.012288
0.631746
0.482586
1.683630
0.974004
0.642451
0.695329
0.765931
0.606683
1.137314
0.240757
0.680061
1.578395
0.926032
1.050317
1.059201
1.115265
1.197495
0.879219
0.857652
1.311857
1.252441
1.165237
0.931484
1.050141
1.244249
1.169096
0.947386
0.958214
1.043037
1.596862
0.970936
1.042055
0.367400
4.595117
0.914658
0.927403
0.944419
0.992306
1.305009
1.001430
0.781476
1.003975
0.570604
0.313399
0.747990
0.914238
1.008067
1.010729
0.869101
1.224637
1.003661
1.611229
1.413413
0.882012
0.996638
1.004118
1.000194
0.178357
0.949663
0.920389
1.250122
0.903544
0.999307
0.960294
0.742206
1.161205
0.890189
1.009485
1.019472
1.058455
1.336942
0.594545
1.066276
0.994787
0.928782
0.329532
1.231218
1.057869
0.259210
3.273092
0.710976
0.475459
1.886640
1.061906
1.003722
0.337607
0.961334
0.980312
0.871273
0.589336
0.492253
0.805052
0.975376
0.967688
0.884519
1.203028
1.034118
1.611152
0.915408
0.924717
1.218534
1.000531
1.009312
0.940851
1.188702
0.837476
2.498781
1.064448
0.366541
0.993517
0.969675
1.246968
0.398921
0.739668
1.267601
1.024538
0.933571
0.991811
0.941758
0.927563
0.772160
0.648121
1.124951
1.070375
0.546736
1.099403
1.532309
1.010607
0.990960
1.023400
0.255033
0.991649
2.465861
0.069873
0.910827
1.090513
0.961632
1.098455
0.881994
0.996712
0.898361
0.907243
0.469063
1.243329
1.104814
1.129772
1.028094
0.837343
3.136466
1.420787
0.312738
0.247490
1.615434
0.419270
1.029010
0.896665
1.058770
0.995576
1.000926
1.052833
0.969367
0.903231
0.942244
0.996277
1.583043
0.973387
1.086643
0.885700
0.939115
1.000334
1.032532
1.274155
1.462446
0.789507
0.567804
0.989522
1.286094
0.960901
0.915125
1.145588
0.882866
0.976938
0.896585
0.873714
1.005468
1.051737
0.983740
1.001100
3.617531
1.065723
0.962020
0.895003
1.170624
0.269174
0.758464
1.207718
0.218231
0.954933
2.500429
1.075287
0.682415
0.994292
0.975725
0.432216
1.165349
0.991367
1.061511
0.922930
1.102345
0.994133
1.127810
1.038592
1.005831
0.995350
0.732803
0.095976
1.096866
1.136944
1.275546
0.948574
0.715841
1.014475
1.592983
1.175005
1.195771
1.249343
1.016601
1.184359
1.253546
1.074534
0.979163
1.019833
1.093415
0.293063
0.884997
0.976286
0.138748
0.693468
0.954213
2.003754
1.092228
0.777991
0.178834
0.092485
1.102059
0.894801
0.996183
1.079691
0.801568
0.873492
1.131217
0.939643
0.978919
0.298468
0.946857
0.874735
0.933445
1.113065
0.941920
1.153909
0.993758
1.135381
0.980154
0.563043
1.067904
0.971316
0.876840
0.998696
1.021177
1.034246
1.070097
1.347588
0.522779
0.978327
1.067606
1.030721
0.966332
0.895696
1.030023
1.133543
1.207041
1.037840
0.937497
1.336429
0.989664
0.588888
0.703666
0.855057
0.532285
1.422574
1.127466
0.992377
0.997821
0.791517
0.821740
1.089678
1.201330
1.005226
0.690483
1.183129
0.967353
0.871191
0.991184
0.011300
1.132100
1.019478
1.041888
1.030928
0.528249
1.057988
0.894118
1.047175
0.970052
1.033287
0.971839
0.899641
1.569667
1.144830
0.887708
1.044383
1.004502
0.940512
0.730343
0.920664
0.960562
1.112442
0.943394
1.189945
0.513502
0.839425
0.831855
0.996215
1.074197
1.053178
0.229612
0.862084
0.641115
1.105369
1.127994
1.311623
1.354783
1.022363
0.481657
0.896850
1.284076
3.620581
0.998160
0.805021
0.991966
0.969346
0.724585
0.992620
0.989749
1.006141
1.201278
0.672566
1.056360
1.016055
0.588938
1.006753
1.019948
0.832008
0.624528
1.055090
0.778568
0.554470
2.039820
1.009025
0.177305
0.579298
0.114333
1.128721
1.011691
0.627716
0.845773
1.198340
1.053599
0.509173
1.429587
0.856719
0.752216
0.983510
0.564694
0.744101
1.088987
1.036885
0.141623
0.614559
0.577859
0.961924
1.560964
1.044541
0.897605
0.928286
1.003869
1.089937
0.530971
1.005662
0.576030
1.096723
0.864751
0.967640
0.731675
0.853772
0.908483
0.926087
1.051757
0.771507
1.014093
1.009939
0.962891
0.618357
0.780234
1.263199
0.780290
0.922256
1.014851
1.283329
0.910081
1.219611
0.947542
0.996867
0.943428
1.139684
0.693163
0.998132
1.580843
0.969017
0.719130
0.997872
1.025071
1.040845
1.042840
1.000087
0.652415
0.726529
0.964651
0.708585
0.768770
0.954253
1.183684
0.994324
0.951891
1.137493
0.996958
0.966923
1.023615
0.956661
0.161535
0.968692
0.967190
0.926079
1.142952
0.931645
0.943903
1.065037
0.984321
0.484116
1.053870
1.327083
1.027673
0.963372
1.054649
0.950976
1.089888
0.926975
0.320486
1.038802
0.958626
0.990038
1.042660
1.191365
0.891300
0.963721
0.927633
1.007276
0.680366
1.227085
1.154842
0.910035
0.809285
0.668338
0.941380
1.005767
1.059955
0.468346
1.441986
0.544116
1.127962
0.999231
1.137286
0.213258
1.099269
1.003340
0.944741
1.033348
1.008996
0.997211
1.039995
0.809022
0.983027
0.829851
1.037285
0.868936
0.992193
0.551968
1.225772
0.721591
0.886815
1.033880
1.002137
0.896961
0.851743
0.393167
1.004753
0.051220
1.119948
0.878145
0.055574
0.544256
1.043819
0.889939
1.000000
0.706106
1.143912
0.931168
1.126392
0.998913
0.993305
0.798672
0.974439
0.995291
0.956359
1.163892
1.003327
0.875173
0.740860
1.273512
0.914408
0.914528
1.093761
0.447633
0.989573
0.659483
0.340994
1.007171
0.824141
0.598940
0.601906
1.201933
1.221994
1.133685
1.041496
1.013062
0.820739
1.080100
1.015664
1.006503
0.925429
0.995496
1.002018
0.870856
0.228573
1.001773
1.103619
1.090590
0.726565
1.004965
1.146325
1.144186
0.513539
0.841248
1.180296
0.980056
1.504471
1.011402
1.191761
1.423448
0.823691
1.364668
1.414860
1.160846
1.611222
0.991768
0.661880
1.627752
1.016717
1.140972
0.995808
0.553981
1.017022
1.013975
0.628608
1.029144
1.023666
0.051489
0.164160
0.969832
0.941288
0.988331
0.725879
1.552220
0.845164
1.030933
0.673748
1.163500
0.991913
1.505692
0.983381
1.219143
0.939265
0.537827
1.012316
0.491617
2.767261
0.827096
1.018556
0.991012
0.840373
0.916667
1.025179
0.885488
0.233287
0.907844
0.994516
1.050127
0.992643
0.988835
1.004872
1.060394
0.929559
0.742078
0.999865
0.997944
0.831392
0.835503
0.187883
0.824162
0.863192
1.119123
0.986205
1.004813
0.361748
1.000079
0.996498
1.255002
0.847321
0.706009
1.007507
0.880818
0.638551
1.043969
0.986013
0.937667
0.995433
1.098203
1.067734
1.332796
0.173453
0.871338
1.168759
0.521580
1.009123
0.966492
1.108163
0.978078
0.561695
0.997599
2.626008
0.294108
1.118369
0.367162
1.164522
1.016024
0.096961
0.986848
1.002776
0.982573
1.850015
1.725091
0.790299
1.022790
1.315719
0.988146
0.981202
1.350396
0.985291
0.805553
0.300802
0.452088
0.911981
0.542288
1.253250
1.046967
0.978050
0.684396
0.807331
1.079024
0.872130
1.077617
0.356731
0.882222
0.717397
1.007702
1.005992
0.294207
0.930823
0.998560
0.832912
0.114489
1.145310
1.138103
0.994259
0.965770
0.288460
1.424195
0.983114
1.095043
0.930928
0.744910
1.123535
0.801025
0.930471
1.070823
0.950229
1.031698
0.728044
0.937299
0.999236
1.318224
0.549022
1.021521
0.627476
0.988267
0.984549
0.563238
0.925188
0.500209
1.009836
1.335461
0.650457
0.879575
1.042229
1.003282
0.876571
0.965297
1.005899
0.821333
0.184458
0.910367
0.969598
1.172508
1.022132
0.680212
0.982187
0.999555
1.064009
0.997791
1.004103
4.820811
0.963852
0.993340
1.015770
0.920367
1.068248
1.488766
0.998505
0.993395
1.031267
0.577529
1.104162
1.036530
1.109857
0.990432
1.194017
0.967663
0.889985
1.140328
3.318042
0.923669
0.934300
1.083792
0.804626
0.570177
0.270049
1.435107
1.093950
2.916450
1.040363
0.996995
1.489072
0.986342
0.971974
0.899308
0.978548
1.080469
0.066239
1.066492
1.054739
0.958948
0.128681
0.874917
1.075593
0.854560
1.146269
1.560634
1.195877
1.048630
0.970330
0.810518
0.868120
0.875406
0.675232
0.928333
1.034250
1.000185
1.061516
1.421763
0.958518
1.039621
1.004786
0.782268
1.063947
1.248938
1.918860
1.001631
0.990006
0.643289
0.983285
1.000000
0.975486
1.335689
1.003105
1.017681
0.893176
0.857134
1.130670
1.196296
1.157364
1.063461
0.752254
1.065247
1.017088
1.001668
1.079267
0.926236
0.311254
0.989003
1.933525
1.132144
0.879299
1.010966
0.982411
1.005342
1.042803
1.300013
0.951805
1.066969
0.868129
0.555802
1.869701
0.862880
0.883265
0.937845
0.995450
1.022599
1.026622
1.028756
0.821911
0.519197
0.828107
0.734188
0.372625
1.111172
0.917729
1.266622
0.127922
0.336097
0.686447
0.284132
0.992820
0.980024
0.342519
0.988314
0.982666
0.973834
0.883647
0.871534
1.389548
1.060722
1.157185
1.015707
0.817603
0.911800
1.000582
0.990765
0.454656
0.583278
0.731390
0.888343
3.812903
1.019031
1.183561
0.911361
0.464663
0.957341
1.155933
0.939436
0.776843
0.827103
1.034224
1.091241
1.060670
0.968996
0.975300
0.994788
1.045600
1.142075
0.997945
1.058377
0.849734
1.398545
1.004874
0.953904
0.564813
0.987283
0.945998
0.782387
0.903625
1.201082
0.997769
0.252024
0.884836
1.077450
0.969243
0.436786
1.000985
0.529851
0.639481
1.002979
0.790365
0.892678
1.038033
1.009165
0.056450
0.616118
0.997710
0.854381
0.800574
0.769549
0.686704
1.219482
0.998994
1.119824
1.146489
0.544561
0.342689
0.811425
1.118850
0.981997
1.064316
1.178352
1.626428
1.125930
1.355124
0.911106
0.278228
0.987022
0.720963
0.100634
1.282218
0.800511
1.261075
0.711212
1.169415
1.035979
0.985862
0.705888
1.036900
0.940855
0.882855
1.000156
0.875205
0.872397
0.890760
1.560290
1.006680
1.114750
1.133685
0.737740
0.836995
0.829456
0.312725
0.964042
1.303688
0.981670
0.989940
1.085353
0.941799
1.255156
0.823058
1.004435
1.023965
0.972679
0.993769
1.072401
0.733151
1.006813
0.987758
1.114644
1.722826
0.981836
0.815287
0.907684
1.751424
0.993539
0.708304
0.999509
0.913284
0.028321
1.112710
1.035903
0.913791
1.033597
0.997803
0.993146
0.940241
1.002612
1.002009
0.611968
0.784606
0.936145
1.108622
1.071078
0.986926
1.260305
0.663694
1.021849
1.001774
0.739293
0.879162
0.915974
0.910174
2.105607
0.282909
0.914276
1.045339
0.988000
0.945861
0.478535
1.057832
1.019065
0.814609
0.346503
1.002236
0.263708
1.002562
1.008167
1.090535
1.053555
0.966223
0.985182
0.998156
0.928759
0.905482
1.027134
0.410586
1.452672
0.489225
1.000000
1.057974
1.180799
0.965559
1.173768
1.020916
0.990660
0.865416
1.167298
0.978229
1.862316
0.897117
1.007790
0.664569
0.679541
0.915144
0.953411
0.834903
0.964428
0.858415
1.062810
1.224499
0.515093
0.952933
0.949202
1.355237
1.102529
1.020200
0.576144
1.250117
0.869832
0.962092
1.050317
0.853918
0.430645
1.100034
1.103824
0.960831
0.946004
1.464698
1.048593
4.565120
0.989001
1.613245
0.323102
4.755679
0.258385
1.072669
0.687207
0.982825
0.999272
1.150012
1.299290
0.406734
0.652140
1.096106
1.098511
7.116509
0.890682
1.015655
0.960490
0.824677
0.848880
0.665997
2.466772
0.945348
1.648282
0.280610
0.989630
1.008191
1.059000
0.953184
1.075413
1.214858
1.181886
0.830675
0.985471
0.981636
1.094200
0.429003
0.845313
0.946659
1.002202
0.918914
0.958880
1.366516
0.668769
1.435975
0.235369
1.035590
1.136229
0.794868
0.961405
1.427036
0.697235
1.090446
1.148443
0.493340
3.626347
1.214588
1.239457
1.275032
1.554722
0.748101
0.743674
1.058316
0.785789
2.199381
1.854190
0.948169
0.763906
0.983193
0.871039
1.175637
0.615082
0.946207
1.039791
0.976618
1.434292
1.156831
0.676940
1.132452
1.095293
0.999906
0.918704
0.950644
0.723923
1.038768
0.217493
1.008665
1.419455
0.782098
1.181243
0.662727
0.983366
1.034591
1.054788
0.764331
1.301147
0.991491
1.189095
1.001598
0.959962
1.003445
0.304996
0.935298
1.043317
1.051195
0.754160
1.627928
0.877546
0.926563
1.057284
1.820220
1.017496
1.048341
0.275089
1.130142
1.222252
1.312907
0.286123
0.862629
0.964097
1.050110
1.310456
1.523371
0.858932
0.942237
0.862604
0.596364
0.272826
1.551471
0.341004
0.183772
1.285520
1.329066
1.183819
0.921229
1.406916
0.908119
0.954577
1.011815
0.410471
1.336249
1.020792
0.775179
0.592970
0.884452
0.978227
0.926948
0.956180
0.825679
0.975717
0.944971
1.269968
1.034559
0.584839
0.772712
0.453697
1.021753
0.954911
0.588055
0.993736
1.824689
0.066440
1.293663
1.227750
0.762935
0.922368
0.865475
0.889896
0.982316
1.038982
2.200568
1.057245
0.800552
0.858038
0.964110
1.149668
0.964489
1.359630
1.086875
1.345715
1.186471
1.545747
1.185544
0.673432
1.003886
0.964485
0.611083
1.079413
0.487205
0.964293
0.823806
1.304402
1.151342
0.656862
0.965799
1.075721
0.996357
1.592895
1.008657
1.125295
0.955854
0.599369
1.613211
0.701374
1.005827
0.989573
1.007724
0.910421
1.068466
0.492453
1.410248
0.953875
0.999425
1.000153
1.010165
0.716450
1.035501
0.970673
1.712586
0.928577
1.826113
2.140822
0.916197
1.310282
1.133694
1.024924
0.668194
0.925236
0.723845
1.022704
1.015493
0.972883
0.856063
1.013841
0.741885
1.141757
0.967592
1.095228
0.932436
0.878337
1.210879
0.777986
0.824884
0.871509
0.795000
0.884893
0.915847
0.784750
0.991076
1.031592
1.025574
0.993114
1.511939
0.933866
0.862855
1.449538
0.973675
0.839739
1.006351
1.346656
0.944332
1.022793
1.541648
1.305661
0.676173
0.961022
1.038073
1.306570
0.995396
1.245627
0.399227
0.697089
0.989112
0.337678
0.328872
0.681067
0.909422
0.606440
1.271675
0.772707
1.332300
0.719036
0.944651
1.171616
1.022637
0.063727
0.865841
0.997059
1.064341
1.103766
0.991201
0.860428
0.994162
0.607229
0.735077
1.630645
0.808504
1.048410
0.995879
0.966674
1.046245
2.194252
0.831728
1.003125
1.015674
0.951421
0.864668
0.806234
0.762512
0.867012
0.721765
0.763869
0.997934
1.049107
0.926355
1.176564
0.978188
0.475346
0.991852
1.332082
1.003321
1.004164
0.148766
0.895360
0.903769
0.914191
0.746502
0.754544
0.162111
2.483115
0.986043
0.462231
1.724831
0.198157
1.076664
1.150265
0.634895
1.464281
0.737525
0.971430
0.999882
1.025278
1.870999
0.993964
1.021815
2.140268
1.034357
1.077425
0.731527
1.046171
0.880703
1.071235
0.632190
0.891083
2.681672
0.970575
0.922601
1.254522
0.903125
1.014073
0.281452
0.998377
0.977494
0.911914
0.982241
1.046733
0.434692
1.093078
0.547095
0.997329
1.102516
0.948432
0.076617
1.114601
0.973762
0.993533
1.007361
1.011608
1.202640
1.120082
1.590183
1.008056
0.875906
1.011280
1.053969
1.003580
1.071857
0.951532
1.200599
0.983936
0.626028
1.183645
1.023296
0.328764
0.736696
0.027021
1.345375
1.378943
0.678331
0.879287
1.048906
0.906372
0.996669
1.236491
1.131397
1.017803
1.062924
0.450359
1.504957
0.934198
1.163903
1.019210
1.690104
1.748024
0.231996
0.769047
0.782984
0.726883
0.939731
0.206879
0.917059
0.970140
0.722397
0.130797
1.018483
0.871845
1.136260
0.707752
1.265635
1.056712
0.651398
0.945167
1.000985
1.023583
1.006350
0.922904
1.208219
0.153932
3.407362
0.998269
0.763144
1.052020
0.967609
0.990749
1.002148
0.943771
1.006252
1.017739
0.777163
0.568259
0.978650
0.997857
0.272529
0.730529
1.002852
1.056613
0.420116
0.595720
0.408377
0.986846
1.002691
0.976536
0.942136
1.000124
1.011910
1.120076
1.331693
1.000869
0.460779
1.002048
0.205572
1.533214
1.050587
1.024175
0.995116
1.380340
0.775483
0.393679
2.637070
0.917991
1.083122
1.065694
1.017674
1.010833
2.141437
0.909953
0.909816
0.998680
0.511227
0.726292
1.585970
1.286093
0.673225
0.382098
1.002367
0.941230
0.732534
1.170033
0.755282
0.785036
1.004723
0.982862
1.151059
1.044572
1.095694
0.575554
0.586606
0.631254
0.999906
0.946117
1.009368
1.968935
1.050822
1.093543
1.209196
0.759228
0.870982
0.904561
0.853060
0.979636
0.873568
1.082358
1.007923
1.605730
1.123396
1.284424
0.783266
0.809245
0.633081
0.989351
0.991708
0.517998
1.005697
1.010790
0.976412
0.376554
0.851218
0.958102
0.869542
0.906382
0.980168
0.975395
0.764306
0.682371
0.962397
0.841021
0.347232
1.138596
0.044451
0.955913
0.916752
0.992632
0.944313
1.042957
1.016211
0.973424
1.062751
0.996479
1.008023
1.221297
1.088897
1.016508
0.964334
0.945864
0.884549
0.752081
1.927965
0.964002
0.825852
1.000963
0.519386
0.824137
0.479106
0.907600
0.691590
1.612924
0.464263
0.875078
0.951640
1.221230
0.777624
1.072836
0.912741
1.003930
1.076508
1.684252
0.893216
1.572891
2.616188
0.912569
0.670479
1.024878
0.490832
0.158137
1.026327
1.113782
1.121413
1.341530
1.016837
0.770846
0.994493
1.049760
0.970204
1.230802
0.989899
0.966903
1.045804
0.013719
0.836395
1.112334
0.898767
1.183251
1.127171
0.999820
1.078598
1.605993
1.030214
3.667003
0.546936
2.042421
1.058782
1.390212
1.157025
1.080120
0.933559
1.035493
4.305930
0.984748
0.858541
1.067236
0.990673
1.044431
0.696346
1.852061
1.035414
0.979098
0.724676
0.993415
1.750165
0.932111
0.982378
1.995014
0.990578
0.925900
1.194959
1.109502
1.321745
0.389635
0.359410
0.971423
1.007787
0.862773
0.941999
0.985033
1.078647
0.925977
1.340934
0.690708
0.972565
0.612209
0.961731
6.602134
1.499572
0.356323
1.077751
0.426097
0.008648
1.030798
0.994204
0.817397
1.095252
1.025613
0.999168
0.557584
1.001824
1.312763
0.879311
1.132965
1.203013
1.116933
0.352011
0.358158
1.074491
1.073796
0.752861
1.018393
0.999210
0.973582
1.081948
1.171597
0.964751
0.947404
1.275757
1.668797
0.891662
0.954172
0.983385
0.958070
0.429523
0.749995
0.769790
1.177797
0.775684
1.021744
0.941798
1.265549
1.098652
0.939656
0.970583
0.978400
1.106478
1.033584
0.677901
0.898140
0.884010
0.922839
1.074917
1.026886
1.155384
1.069016
0.853857
1.272625
1.040952
0.999646
0.287317
1.078417
1.025950
1.041548
0.716344
0.792866
1.293743
1.103622
1.154985
1.036663
1.013289
0.703096
1.381082
0.963499
0.468233
0.975681
1.017464
0.857142
1.041448
0.285843
1.189834
1.248572
2.322196
1.170344
1.070032
1.036657
1.066458
1.031490
1.320083
0.800026
0.926310
0.834982
0.900028
0.912335
0.963992
1.005612
0.859631
1.515373
1.003263
0.769952
0.995332
0.739660
1.011641
1.132555
0.935037
0.525117
0.997538
1.076632
0.807977
0.307930
1.108952
0.836207
0.009661
0.778540
0.861591
1.213177
0.902959
0.828343
1.016574
0.821251
0.987656
1.112984
0.900752
0.826608
1.300049
0.798543
1.169113
1.453745
1.089334
1.045891
1.065380
1.041802
0.428241
0.645843
0.963758
0.667278
0.653247
0.939662
1.001252
1.072394
1.386413
1.095315
0.967076
1.040081
0.897360
0.457566
0.966737
0.922068
0.846923
1.240502
0.792742
0.659359
0.641758
0.894466
0.999103
1.028558
0.711896
0.998176
0.930381
1.172062
0.529613
0.993524
1.015051
1.059835
1.018036
1.192091
1.027651
0.493956
1.210320
1.055777
0.970367
1.352903
0.943051
1.068494
0.981701
0.990149
0.202385
0.980949
0.916293
0.805842
0.724782
1.470773
0.518962
1.170886
0.979549
1.185921
0.778833
0.249283
0.998975
0.070976
0.980915
0.499283
0.906538
1.149881
0.923119
1.052714
0.205992
0.997525
1.003713
0.752011
1.079350
0.897583
0.953697
0.870909
0.903922
0.831208
0.306653
1.208539
0.632158
1.000706
1.563419
0.838849
0.961866
0.083070
1.165058
0.996420
0.944665
0.978271
1.137600
1.305380
0.777878
1.330277
0.839405
0.852092
1.040405
0.959941
1.633523
0.953066
0.940845
1.010248
0.973184
1.036363
0.207979
0.913690
0.153056
0.970155
1.025090
1.166764
1.364989
1.138568
0.985505
0.984923
0.795753
0.960424
0.730072
0.840127
1.245624
0.677620
0.912749
0.756183
1.261831
0.840640
1.045646
0.946362
0.997976
1.071397
1.078052
1.188904
0.756498
1.032819
1.200893
0.907422
1.075829
1.000101
1.059173
0.901314
0.873578
1.389852
0.885132
1.109992
0.659976
0.817741
1.396869
0.907284
0.130287
1.169699
0.841458
1.048680
1.052822
1.551382
0.926476
0.302135
0.945362
1.685048
1.255577
2.298858
4.201502
0.748820
0.837812
1.078701
0.736585
0.870753
0.707221
0.959698
1.041455
0.786450
0.624212
0.923613
0.537878
0.906091
1.392861
0.953847
1.158444
1.427100
0.869809
0.806238
1.136457
0.786731
0.964680
1.613232
0.980641
1.240290
1.063255
1.075854
1.195644
0.735701
0.888900
1.093357
0.955053
0.781170
0.888947
0.998808
0.888015
0.788328
0.994261
0.654562
1.030037
1.869972
1.107422
1.735519
1.606161
0.972790
0.891739
0.913260
1.144614
1.131878
0.923009
1.161842
1.017932
0.677030
1.456895
1.239436
0.308451
0.737160
0.926700
0.779997
0.826706
0.889004
0.882594
1.077491
0.227579
1.072127
1.462156
1.202761
0.983429
0.844871
0.630973
1.005450
0.741468
0.552264
0.848197
0.573764
1.231632
0.987250
0.978265
0.942616
1.400574
0.976709
0.789653
0.370246
1.106238
1.165377
0.125671
0.982348
0.989137
0.997190
0.919270
0.506082
0.971893
0.548430
0.751734
1.000137
0.757778
1.070329
0.638687
1.323532
0.276251
0.954045
0.947229
0.863429
1.099437
0.785721
0.982264
0.898905
0.198946
1.000036
1.406722
0.084691
1.002487
0.995344
0.880641
0.944967
0.632068
0.745212
0.872700
1.437721
0.589895
1.004141
1.194264
0.450163
0.961875
0.950556
1.013487
0.971562
1.473772
1.005874
1.088081
0.654927
0.706248
0.933734
2.298007
0.956901
0.677575
0.590704
1.069838
0.858367
1.114861
0.980280
0.268469
0.508511
0.843786
0.310666
0.795654
0.568242
0.968029
0.881378
0.996258
1.433236
1.050730
0.855565
1.118498
0.229706
1.158884
0.652308
1.019134
0.822301
0.827719
0.351651
1.122971
1.024813
0.962826
0.991408
0.793812
0.323884
2.410647
0.397165
0.911389
0.242230
1.036740
1.036847
2.237721
1.002239
0.742377
0.861604
0.866857
1.095599
0.990093
1.098680
1.544312
0.712103
0.979206
1.084861
0.401973
1.029558
0.666239
1.020035
0.857733
1.049327
0.793443
0.997595
0.964761
1.090100
0.997222
1.094024
0.456745
0.970826
0.730185
0.833383
0.419483
0.870485
0.999693
1.120084
0.639074
0.969177
1.147895
0.941869
0.917557
0.998961
1.065367
1.401784
0.944194
0.968019
0.036183
0.552905
0.997953
1.045286
0.960507
1.518165
0.996438
1.014929
0.895570
1.018394
1.014373
0.804039
0.920738
1.288629
0.946446
1.007999
0.502605
1.001357
2.333267
0.960394
0.831448
0.963675
1.049690
0.783761
1.714580
0.896362
1.005932
0.952219
0.895286
0.985532
0.843459
1.309290
2.924830
1.279397
1.163837
0.923219
1.081567
0.969750
1.160293
1.430912
0.958649
0.989120
0.902815
0.544577
0.859159
0.996980
1.085996
1.076173
0.913154
0.009517
0.918147
1.152712
0.442723
0.554776
0.831827
0.521647
1.029258
1.265650
0.891243
0.793345
1.017073
1.000972
1.372817
1.029654
0.704046
0.907200
0.927521
2.929501
1.085171
1.041831
1.032143
0.436134
1.048649
2.484643
1.266220
1.405968
0.879450
1.000000
0.952447
1.061659
1.516240
1.101622
1.088848
0.921919
0.980138
1.017493
1.476365
1.033091
0.964270
0.682968
1.142902
0.965926
0.622891
0.827534
0.700211
1.013234
0.999999
1.081357
1.068193
1.164585
1.026621
1.025587
0.997578
1.707118
1.366493
0.960016
2.694255
1.185910
1.051633
0.189555
0.974083
0.928767
1.410367
0.549584
0.879556
0.990004
0.923550
1.118832
0.964350
1.201230
1.315231
0.786472
1.003398
0.590915
1.238830
0.884146
0.996849
1.141565
0.766291
1.017663
0.898233
0.927431
1.048920
1.026556
0.881917
0.976550
0.986873
0.859016
0.939368
1.395654
0.447215
0.072018
0.993036
0.790695
1.004037
0.998243
1.045062
1.002154
1.261956
1.060845
1.050897
1.040626
1.032432
0.945685
1.241514
1.032127
2.115029
1.199407
0.949314
1.061625
1.128826
0.901031
1.020695
0.925125
0.749776
0.991669
1.002817
0.809740
0.136111
0.436582
1.798816
1.171060
0.107806
0.703948
0.959368
0.970390
0.302027
1.064938
0.419677
0.994274
0.893470
1.013915
0.996060
1.016868
0.909414
1.014190
0.905058
1.126097
0.947999
0.961682
0.758357
1.113168
0.881258
0.991595
0.232334
0.884746
1.297144
0.528572
0.719355
1.453877
1.396995
1.169906
0.997183
1.028275
0.956213
1.128137
0.637839
1.018931
0.927571
0.719705
1.345402
1.080209
1.070416
0.523042
0.975508
0.633347
0.980106
0.995165
2.093360
1.032819
0.278408
1.076290
1.141489
0.998257
0.974216
1.006250
0.537327
1.012142
0.993157
1.095590
0.631123
1.172078
1.189980
0.896274
0.982687
0.720888
1.131036
1.766438
1.035006
2.618636
0.915588
0.313600
0.659995
0.784872
0.842569
0.510969
0.535659
0.978996
0.592037
1.056034
1.012194
0.990427
0.489469
1.132143
0.962374
0.894210
2.342593
1.307787
1.098222
1.101367
0.854802
0.363313
1.002895
1.024060
1.191076
0.703474
0.442588
0.155935
1.001416
0.951629
0.993587
1.917151
1.039170
0.492362
1.037367
1.053810
0.870175
1.067928
0.987038
1.010065
0.789492
1.591845
1.131024
1.030864
0.971425
1.024781
1.155118
0.358019
0.961975
0.624963
0.798179
0.837688
0.241659
0.636077
0.952549
1.230742
0.710735
0.810216
0.868831
0.455160
0.965781
0.532456
0.897321
0.929012
1.319919
0.217623
1.477228
1.288738
0.887398
0.738093
1.134676
0.980766
0.884163
0.923587
0.935213
1.468025
0.984296
0.947560
0.654088
1.335559
0.957241
1.134494
0.471420
0.959968
0.930957
1.307334
0.584007
0.848367
0.998994
0.887313
0.805969
0.747189
1.026572
0.712711
1.585395
0.820833
1.222233
1.464630
1.042668
0.693885
3.074296
1.362283
0.908974
0.952413
0.893778
1.089311
0.904292
0.599971
0.970588
1.020906
1.010340
0.801099
0.624524
1.000097
1.709952
1.014683
0.619335
1.175925
1.045568
0.986622
0.577542
1.515854
0.906774
1.068507
0.232373
0.935578
1.312790
1.012918
1.029452
1.006799
0.558929
1.028273
1.067482
1.302092
1.200759
1.023650
1.410114
0.362519
0.826461
0.991871
0.539933
1.011527
1.532753
1.079630
0.967039
1.327875
0.163348
0.445870
1.192033
0.318281
0.931651
1.256520
0.834375
0.921594
0.992215
0.832200
1.109423
0.262320
1.263029
0.536608
