0.00000	-300.00000	300.00000	17.37038	0.46017	
0.00000	-300.00000	300.00000	82.41447	1.00199	
0.00000	300.00000	300.00000	196.11327	0.57971	
0.00000	300.00000	274.98181	-238.01035	-0.68050	
0.00000	-21.94891	-14.80814	-108.34763	-0.57164	
0.00000	-163.08015	-145.89871	-47.12523	-0.66635	
0.00000	-97.51648	-207.06695	-59.56898	-0.18584	
0.00000	-54.31305	-108.71317	-33.79626	0.00361	
0.00000	4.64965	-90.61695	-14.76456	0.10142	
0.00000	34.41782	-53.23831	-2.84446	0.09322	
0.00000	34.52660	-34.85363	-1.10920	0.06543	
0.00000	27.12515	-23.46927	-1.36537	0.04312	
0.00000	16.15299	-14.20458	-1.82258	0.02551	
0.00000	9.82535	-9.67326	-1.77982	0.01868	
0.00000	5.29121	-6.52169	-1.53320	0.01496	
0.00000	1.37455	-3.93912	-1.13679	0.01260	
0.00000	-0.43577	-2.88337	-0.88224	0.01183	
0.00000	-1.56685	-2.33289	-0.68781	0.01147	
0.00000	-2.32026	-2.06105	-0.51106	0.01125	
0.00000	-2.49412	-2.03352	-0.42599	0.01111	
0.00000	-2.44885	-2.05265	-0.36624	0.01093	
0.00000	-2.18385	-2.08617	-0.31650	0.01059	
0.00000	-1.90750	-2.08312	-0.29089	0.01026	
0.00000	-1.61153	-2.05672	-0.27369	0.00988	
0.00000	-1.22421	-1.98070	-0.25566	0.00931	
0.00000	-0.95876	-1.90188	-0.24450	0.00885	
0.00000	-0.72407	-1.81459	-0.23579	0.00840	
0.00000	-0.45103	-1.68405	-0.22402	0.00779	
0.00000	-0.28186	-1.57906	-0.21363	0.00735	
0.00000	300.00000	23.39864	-300.00000	-1.31246	
0.00000	-300.00000	-255.27624	208.82654	0.10175	
0.00000	300.00000	-144.71275	300.00000	1.13219	
0.00000	300.00000	188.97664	129.64705	1.58556	
0.00000	-222.40640	-6.85852	10.40161	-0.28299	
0.00000	-208.49336	37.54915	-59.10403	-0.25275	
0.00000	-199.68282	212.22799	-90.88091	0.58492	
0.00000	-95.40363	-10.12942	5.55203	-0.19869	
0.00000	-144.70415	-104.38768	13.75763	-0.26922	
0.00000	-114.63633	-85.78392	11.08658	-0.12071	
0.00000	-37.67929	-36.72735	13.39417	-0.00752	
0.00000	-8.35349	-15.51384	12.23457	0.01986	
0.00000	2.20162	-5.12039	9.50681	0.02694	
0.00000	4.65656	0.63480	5.88947	0.02607	
0.00000	4.39974	2.40276	3.85311	0.02336	
0.00000	4.32905	3.24294	2.42464	0.02017	
0.00000	5.02537	3.59832	1.24945	0.01546	
0.00000	5.90589	3.48834	0.75106	0.01161	
0.00000	6.75467	3.14368	0.46780	0.00762	
0.00000	7.40164	2.43173	0.30064	0.00241	
0.00000	7.34148	1.78382	0.27314	-0.00116	
0.00000	6.80550	1.10068	0.29938	-0.00428	
0.00000	5.50232	0.22225	0.36994	-0.00764	
0.00000	4.24338	-0.37350	0.43606	-0.00956	
0.00000	2.88038	-0.89409	0.50238	-0.01103	
0.00000	-300.00000	-131.33490	300.00000	0.17283	
0.00000	300.00000	99.20753	-22.53973	0.83720	
0.00000	-300.00000	14.35736	-300.00000	-0.95213	
0.00000	-300.00000	-227.24260	-113.42195	-1.60627	
0.00000	-58.62810	-300.00000	52.38708	-1.29120	
0.00000	78.19210	28.57193	40.00491	0.23732	
0.00000	228.61621	86.29493	12.83271	0.44183	
0.00000	299.39419	105.72550	-19.46933	0.30329	
0.00000	242.05995	92.10860	-26.55029	0.14900	
0.00000	114.54241	50.73835	-24.15325	0.02632	
0.00000	50.90932	26.30025	-19.25729	-0.00714	
0.00000	17.50083	11.99770	-14.15115	-0.01528	
0.00000	-0.27146	3.44739	-8.74917	-0.01151	
0.00000	-4.33660	1.09370	-5.96993	-0.00604	
0.00000	-5.11212	0.30850	-4.07804	-0.00089	
0.00000	-4.03870	0.32169	-2.52894	0.00449	
0.00000	-2.66614	0.63165	-1.84141	0.00738	
0.00000	-1.22362	0.99581	-1.40792	0.00945	
0.00000	0.53182	1.43465	-1.06780	0.01117	
0.00000	1.61400	1.68330	-0.91927	0.01187	
0.00000	2.45119	1.84733	-0.81764	0.01219	
0.00000	3.19845	1.94244	-0.72417	0.01214	
0.00000	3.50139	1.93020	-0.67067	0.01183	
0.00000	3.60683	1.85717	-0.62066	0.01135	
0.00000	3.49657	1.68675	-0.55661	0.01049	
0.00000	3.26222	1.51764	-0.50984	0.00973	
0.00000	2.94034	1.32897	-0.46374	0.00892	
0.00000	2.41716	1.06267	-0.40071	0.00778	
0.00000	1.98091	0.85985	-0.35499	0.00692	
0.00000	1.54651	0.66785	-0.31219	0.00609	
0.00000	0.97415	0.42964	-0.25687	0.00502	
0.00000	0.57248	0.27040	-0.21896	0.00428	
0.00000	-283.18655	-298.55019	-300.00000	-1.39870	
0.00000	-300.00000	-300.00000	-125.48124	-2.43313	
0.00000	300.00000	-300.00000	300.00000	0.26914	
0.00000	300.00000	248.67691	108.49448	2.64730	
0.00000	300.00000	300.00000	39.51680	0.42467	
0.00000	300.00000	300.00000	110.75089	-0.02830	
0.00000	-113.59944	300.00000	42.57497	0.28647	
0.00000	189.99311	300.00000	71.48475	-0.19662	
0.00000	128.52260	45.00514	-13.07082	-0.43405	
0.00000	-106.29464	-94.43458	-58.23618	-0.32297	
0.00000	-221.81095	-97.39662	-47.77579	-0.19355	
0.00000	-212.39676	-77.36417	-33.06019	-0.10908	
0.00000	-163.47107	-50.55035	-19.08108	-0.05228	
0.00000	-95.13933	-21.43187	-6.40624	-0.01440	
0.00000	-58.72048	-8.80221	-1.57898	-0.00328	
0.00000	-35.14573	-2.28036	0.59488	0.00067	
0.00000	-17.34184	1.10686	1.38893	0.00131	
0.00000	-10.07603	1.81243	1.33737	0.00066	
0.00000	-5.73225	1.91599	1.12410	-0.00013	
0.00000	-2.51438	1.73470	0.81587	-0.00100	
0.00000	-1.19647	1.55483	0.62790	-0.00145	
0.00000	-0.41017	1.38811	0.48305	-0.00174	
0.00000	0.14974	1.20436	0.34774	-0.00194	
0.00000	0.35455	1.09001	0.27759	-0.00200	
0.00000	0.45142	0.99072	0.22591	-0.00200	
0.00000	0.48829	0.88269	0.17956	-0.00194	
0.00000	0.47174	0.81041	0.15472	-0.00188	
0.00000	0.44023	0.74533	0.13521	-0.00180	
0.00000	0.38516	0.66898	0.11624	-0.00169	
0.00000	0.34405	0.62093	0.10679	-0.00161	
0.00000	0.30142	0.57373	0.09736	-0.00152	
0.00000	0.24892	0.51812	0.08777	-0.00141	
0.00000	0.21228	0.48007	0.08163	-0.00133	
0.00000	0.18042	0.44471	0.07583	-0.00126	
0.00000	0.14077	0.40270	0.06979	-0.00116	
0.00000	0.11910	0.37649	0.06661	-0.00110	
0.00000	0.09640	0.34818	0.06146	-0.00103	
0.00000	0.07265	0.31795	0.05785	-0.00096	
0.00000	0.05799	0.29592	0.05427	-0.00090	
0.00000	0.04243	0.27466	0.05077	-0.00085	
0.00000	0.02835	0.25001	0.04656	-0.00079	
0.00000	0.01520	0.23228	0.04409	-0.00075	
0.00000	161.57950	300.00000	300.00000	0.61019	
0.00000	65.63445	300.00000	50.65009	0.71293	
0.00000	-300.00000	300.00000	-300.00000	-2.83739	
0.00000	300.00000	300.00000	-250.03425	-0.32185	
0.00000	-103.01938	-300.00000	-37.71704	0.25947	
0.00000	300.00000	-300.00000	-22.99866	-0.17273	
0.00000	300.00000	-300.00000	-122.95384	-0.26853	
0.00000	-73.73876	-300.00000	-138.98014	0.84848	
0.00000	-300.00000	-274.81764	-74.94556	0.14332	
0.00000	-300.00000	-162.60721	-37.10957	-0.02529	
0.00000	-300.00000	-130.27529	-26.42642	-0.03735	
0.00000	-79.40744	-34.60887	-9.73893	-0.00666	
0.00000	132.25580	62.05333	12.08139	-0.00241	
0.00000	153.68274	73.45718	17.32400	-0.01097	
0.00000	122.96902	58.67599	14.24590	-0.01655	
0.00000	90.79172	42.84492	10.32378	-0.01895	
0.00000	58.12120	26.80915	6.19457	-0.01839	
0.00000	41.38206	18.71434	4.13075	-0.01649	
0.00000	29.62103	13.12582	2.74627	-0.01417	
0.00000	19.24604	8.30613	1.60655	-0.01116	
0.00000	14.11858	5.98053	1.08710	-0.00920	
0.00000	10.49056	4.36650	0.74469	-0.00754	
0.00000	7.21308	2.93992	0.46086	-0.00580	
0.00000	5.53343	2.22369	0.32767	-0.00478	
0.00000	4.30307	1.70767	0.23707	-0.00396	
0.00000	3.13941	1.22863	0.15901	-0.00311	
0.00000	2.51101	0.97402	0.12025	-0.00261	
0.00000	2.03153	0.78231	0.09275	-0.00221	
0.00000	1.55430	0.59427	0.06778	-0.00178	
0.00000	1.28209	0.48776	0.05408	-0.00152	
0.00000	1.06357	0.40269	0.04352	-0.00131	
0.00000	0.84146	0.31808	0.03433	-0.00108	
0.00000	0.70342	0.26402	0.02727	-0.00094	
0.00000	0.59475	0.22298	0.02307	-0.00082	
0.00000	0.47476	0.17678	0.01761	-0.00068	
0.00000	0.40633	0.15158	0.01548	-0.00060	
0.00000	0.34731	0.12959	0.01337	-0.00053	
0.00000	0.28051	0.10404	0.01051	-0.00044	
0.00000	0.23933	0.08868	0.00902	-0.00039	
0.00000	0.20622	0.07617	0.00770	-0.00035	
0.00000	0.16734	0.06153	0.00619	-0.00030	
0.00000	0.14441	0.05304	0.00539	-0.00026	
0.00000	0.12071	0.04316	0.00362	-0.00023	
0.00000	0.10028	0.03607	0.00334	-0.00020	
0.00000	0.08827	0.03219	0.00338	-0.00018	
0.00000	0.07468	0.02687	0.00267	-0.00016	
0.00000	0.06103	0.02172	0.00211	-0.00014	
0.00000	0.04919	0.01639	0.00091	-0.00012	
