2.000000,	345.179929,	167.907003,	135.381357
2.000000,	288.968123,	87.841663,	-17.409294
2.000000,	190.623506,	112.193652,	1.731467
2.000000,	120.620595,	100.231130,	-15.095029
2.000000,	55.434213,	68.292208,	-31.481920
2.000000,	-0.156756,	25.987799,	-23.379149
2.000000,	-40.426178,	-3.119592,	-16.542799
2.000000,	-77.186296,	-25.298246,	-11.759015
2.000000,	-99.798004,	-29.293935,	86.565163
2.000000,	-56.462967,	-89.838828,	-45.735949
2.000000,	-122.406314,	-40.266298,	-24.206938
2.000000,	-128.510971,	-51.162985,	-16.942783
2.000000,	-126.557972,	-61.343727,	-20.729023
2.000000,	-122.439647,	-62.047933,	-17.951273
2.000000,	-112.965519,	-61.193754,	-14.897335
2.000000,	-100.204339,	-56.826360,	-10.491251
2.000000,	-83.985509,	-50.119069,	-6.223238
2.000000,	-65.073442,	-39.375075,	-4.740018
2.000000,	-44.072212,	-26.173129,	-0.756480
2.000000,	-22.334078,	-13.877435,	1.099308
2.000000,	-4.504270,	-2.427023,	2.571971
2.000000,	10.713846,	8.843880,	3.397663
2.000000,	23.079838,	15.263364,	4.466407
2.000000,	32.090834,	18.847797,	4.855909
2.000000,	37.058006,	20.790437,	4.911287
2.000000,	38.815247,	21.625702,	3.534416
2.000000,	37.800922,	21.108281,	2.997502
2.000000,	34.641086,	19.403382,	3.233715
2.000000,	30.232378,	16.889585,	2.859441
2.000000,	25.181352,	14.397393,	2.394865
2.000000,	20.119265,	11.878389,	1.971935
2.000000,	15.347023,	9.067607,	1.503307
2.000000,	10.612482,	6.365340,	0.981956
2.000000,	6.204592,	3.813682,	0.462459
2.000000,	2.285403,	1.515674,	-0.024833
2.000000,	-1.318006,	-0.471461,	-0.425102
2.000000,	-4.255574,	-2.172588,	-0.753357
2.000000,	-6.526494,	-3.495266,	-1.002170
2.000000,	-8.122284,	-4.494902,	-1.186633
2.000000,	-9.161065,	-5.092820,	-1.261623
2.000000,	-9.813933,	-5.440345,	-1.285709
2.000000,	-9.925577,	-5.539268,	-1.234719
2.000000,	-9.524486,	-5.340362,	-1.130930
2.000000,	-8.688844,	-4.878077,	-0.992080
2.000000,	-7.524641,	-4.226702,	-0.818069
2.000000,	-6.137253,	-3.452480,	-0.624983
2.000000,	-4.635603,	-2.614942,	-0.430586
2.000000,	-3.120425,	-1.767616,	-0.243532
2.000000,	-1.701941,	-0.987089,	-0.063020
2.000000,	406.496786,	184.559328,	116.322587
2.000000,	393.006466,	159.187793,	30.216972
2.000000,	329.940442,	104.115135,	15.882207
2.000000,	220.336779,	73.935069,	5.974338
2.000000,	94.712537,	67.557480,	8.395261
2.000000,	-5.900088,	52.880762,	13.600944
2.000000,	-8.119324,	-11.021815,	-7.982948
2.000000,	-79.595448,	-21.308559,	16.976123
2.000000,	-124.290755,	-57.344591,	-26.753948
2.000000,	-147.106921,	-71.300853,	-11.063311
2.000000,	-175.346834,	-85.741599,	-40.191325
2.000000,	-172.277942,	-91.478134,	-5.729434
0.000000,	-122.791598,	9.769553,	-59.447319
2.000000,	-82.271155,	-141.769704,	87.132821
0.000000,	-130.757862,	-6.377972,	-104.065238
2.000000,	-122.658777,	-129.319886,	64.055760
0.000000,	-119.287422,	-11.117972,	-87.892955
2.000000,	-111.000679,	-106.898383,	58.882692
0.000000,	-82.775897,	-6.204431,	-69.598672
2.000000,	-79.690828,	-75.965999,	45.786507
0.000000,	-36.057085,	8.423418,	-50.313856
2.000000,	-33.938734,	-33.220845,	33.791571
2.000000,	-47.879438,	-20.561433,	-45.863437
2.000000,	11.035281,	20.981840,	35.264522
2.000000,	37.375293,	12.852257,	-20.205486
2.000000,	64.241513,	41.391701,	30.568752
2.000000,	74.839395,	35.781482,	-7.575972
2.000000,	90.647562,	49.945170,	30.212577
2.000000,	81.982027,	41.155586,	-5.791929
2.000000,	89.345114,	47.641250,	30.203496
2.000000,	68.487241,	34.605862,	-8.845511
2.000000,	70.486163,	36.132354,	29.161208
2.000000,	40.448326,	21.240503,	-16.295254
2.000000,	45.426218,	20.123485,	31.160087
2.000000,	-229.131835,	192.321594,	-264.337791
2.000000,	-5.951851,	304.398861,	-288.497771
2.000000,	292.329663,	-78.402833,	-15.032113
2.000000,	-40.132052,	-274.471701,	-103.628548
2.000000,	-162.042984,	-106.031438,	18.776500
2.000000,	-110.096672,	-107.139546,	-19.903952
2.000000,	-95.402946,	-42.516452,	-7.630549
2.000000,	-63.508527,	13.854442,	-27.059866
2.000000,	-32.577037,	56.466373,	-10.857282
2.000000,	6.437455,	54.601154,	-0.580202
2.000000,	33.294727,	52.433615,	-0.264048
2.000000,	53.728154,	53.767615,	6.265427
2.000000,	74.327497,	56.190548,	12.642767
2.000000,	89.080277,	52.443265,	16.086670
2.000000,	94.501148,	50.134854,	13.024783
2.000000,	90.802545,	47.621721,	12.089537
2.000000,	81.816244,	42.728988,	10.407008
2.000000,	69.338054,	35.574823,	9.125986
2.000000,	54.442267,	27.615728,	7.395525
2.000000,	37.699043,	21.014723,	5.244024
2.000000,	22.034960,	11.477065,	4.007043
2.000000,	6.943850,	3.383404,	0.261613
2.000000,	-7.048883,	-3.278301,	-0.547376
2.000000,	-17.701583,	-9.074452,	-2.982061
2.000000,	-26.172190,	-13.276421,	-3.282247
2.000000,	-31.226311,	-16.530101,	-4.491490
2.000000,	-34.120487,	-17.992617,	-4.669582
2.000000,	-34.346416,	-18.394998,	-4.763412
2.000000,	-32.665118,	-17.464203,	-4.471924
2.000000,	-29.401077,	-15.656114,	-3.952352
2.000000,	-24.873689,	-13.305228,	-3.329485
2.000000,	-19.629050,	-10.492736,	-2.627383
2.000000,	-14.061167,	-7.474704,	-1.880508
2.000000,	-8.512968,	-4.419758,	-1.145579
2.000000,	-3.248220,	-1.547291,	-0.432852
2.000000,	1.451005,	0.963401,	0.226097
2.000000,	5.379258,	3.115083,	0.753523
2.000000,	8.441508,	4.720644,	1.196216
2.000000,	10.536255,	5.819417,	1.426464
2.000000,	11.691633,	6.382179,	1.652002
2.000000,	12.017954,	6.468319,	1.670277
2.000000,	-206.937739,	-24.318035,	-103.649952
2.000000,	-144.883744,	-55.620715,	35.799805
2.000000,	-47.304679,	-86.597849,	9.090245
2.000000,	-17.726245,	-52.828794,	30.910806
2.000000,	15.534404,	-21.583349,	15.172424
2.000000,	39.562540,	3.699894,	16.579578
2.000000,	58.451802,	23.089168,	13.268193
2.000000,	70.476885,	35.885661,	9.850790
2.000000,	75.509168,	40.675931,	6.834376
2.000000,	72.270032,	39.833008,	7.263532
2.000000,	64.693354,	36.150072,	6.857993
2.000000,	54.623562,	31.418802,	5.819446
2.000000,	43.154498,	25.579628,	4.125589
2.000000,	30.878640,	19.387881,	2.764838
2.000000,	19.253456,	13.483594,	1.533470
2.000000,	8.951817,	7.567374,	0.278639
2.000000,	0.048119,	2.118625,	-1.560419
2.000000,	-7.619758,	-2.570908,	-2.867034
2.000000,	-13.647980,	-6.242095,	-3.115935
2.000000,	-17.551547,	-8.725219,	-3.122936
2.000000,	-19.412137,	-9.894686,	-2.827558
2.000000,	-19.520451,	-9.999587,	-2.335546
2.000000,	-18.160959,	-9.439857,	-1.866550
2.000000,	-15.811043,	-8.309086,	-1.360029
2.000000,	-12.818894,	-6.854581,	-0.787240
2.000000,	-9.482838,	-5.216131,	-0.273156
2.000000,	-6.102693,	-3.516353,	0.122755
2.000000,	-3.003014,	-1.921326,	0.274248
2.000000,	-0.370365,	-0.550526,	0.450147
2.000000,	1.766888,	0.587481,	0.619085
2.000000,	3.379520,	1.477801,	0.710651
2.000000,	4.453660,	2.104580,	0.733543
2.000000,	5.016758,	2.472455,	0.700809
2.000000,	5.127439,	2.603313,	0.626461
2.000000,	4.864337,	2.533048,	0.523215
2.000000,	4.317753,	2.304269,	0.403266
2.000000,	3.579894,	1.962155,	0.278070
2.000000,	2.737446,	1.548799,	0.158946
2.000000,	1.870898,	1.111789,	0.047821
2.000000,	1.043411,	0.683347,	-0.046936
2.000000,	0.303869,	0.290892,	-0.121892
2.000000,	-0.314061,	-0.045897,	-0.174443
2.000000,	-0.791542,	-0.314783,	-0.205937
2.000000,	-1.123092,	-0.510684,	-0.217696
2.000000,	-1.314320,	-0.633842,	-0.212643
2.000000,	-1.379254,	-0.689996,	-0.194643
2.000000,	-1.337738,	-0.688373,	-0.166794
2.000000,	-1.212841,	-0.640145,	-0.132833
2.000000,	-1.028988,	-0.557368,	-0.096535
2.000000,	-0.809857,	-0.452788,	-0.060719
2.000000,	-0.577751,	-0.337011,	-0.028108
2.000000,	-0.350518,	-0.220618,	0.000391
2.000000,	-0.142956,	-0.111910,	0.022790
2.000000,	0.034391,	-0.015779,	0.039695
2.000000,	0.175695,	0.062251,	0.050604
2.000000,	0.277603,	0.121327,	0.055193
2.000000,	0.340809,	0.160492,	0.055454
2.000000,	319.479240,	-25.349991,	-8.550657
2.000000,	167.032183,	188.503652,	46.088492
2.000000,	161.281231,	230.342935,	98.410433
2.000000,	161.604974,	244.436965,	185.916868
2.000000,	244.197021,	57.194171,	-56.228636
2.000000,	84.663987,	-12.287769,	-154.705041
2.000000,	-10.781671,	18.624862,	8.983637
2.000000,	-15.620697,	-39.285247,	5.884281
2.000000,	-175.447514,	-115.788325,	25.887516
2.000000,	-135.523615,	-84.184576,	19.753134
2.000000,	-168.197050,	-79.570970,	-63.832690
2.000000,	-211.135181,	-97.140319,	-20.234725
2.000000,	-200.149378,	-103.635584,	-30.168345
2.000000,	-193.217621,	-98.508937,	-25.839541
2.000000,	-172.636478,	-91.758680,	-20.143365
2.000000,	-141.782802,	-77.294994,	-9.830914
2.000000,	-104.564955,	-57.399884,	-6.974590
2.000000,	-67.785425,	-35.747633,	-3.380101
2.000000,	-31.032204,	-14.123072,	-6.767889
2.000000,	-1.633933,	2.987782,	-5.110869
2.000000,	22.568692,	16.003563,	0.420365
2.000000,	43.403414,	27.478201,	5.409423
2.000000,	62.206791,	32.472158,	9.344339
2.000000,	73.157163,	38.841424,	10.191204
2.000000,	77.648801,	40.709768,	10.760484
2.000000,	76.690358,	40.501971,	9.953811
2.000000,	71.554735,	37.204794,	9.196150
2.000000,	62.897874,	32.833550,	7.932528
2.000000,	52.527595,	26.320525,	6.835976
2.000000,	40.116871,	20.253312,	5.160935
2.000000,	26.981399,	13.267230,	3.660352
2.000000,	14.076978,	6.543299,	2.393157
2.000000,	2.194146,	0.730486,	0.172772
2.000000,	-8.491575,	-4.368608,	-1.460210
2.000000,	-17.037332,	-8.931181,	-2.457717
2.000000,	-23.450770,	-12.100260,	-3.464746
2.000000,	-27.857638,	-13.903550,	-4.008665
2.000000,	-29.628631,	-15.282983,	-3.923878
2.000000,	-29.341951,	-15.121439,	-4.003202
2.000000,	-27.255797,	-14.258562,	-3.733855
2.000000,	-23.911849,	-12.544319,	-3.193204
2.000000,	-19.544902,	-10.323821,	-2.267148
2.000000,	-14.698724,	-7.036817,	-1.834761
2.000000,	-9.436402,	-4.669480,	-1.024817
2.000000,	-4.317534,	-2.002530,	-0.467027
2.000000,	0.272683,	0.310217,	0.116725
2.000000,	4.219634,	2.329701,	0.578543
2.000000,	7.332385,	3.882199,	1.048785
2.000000,	386.153318,	164.116814,	160.894247
2.000000,	317.352037,	35.052836,	4.511981
2.000000,	188.589893,	23.888431,	23.790097
2.000000,	45.803109,	44.401202,	2.196435
2.000000,	-54.880028,	70.346246,	-48.010064
2.000000,	-130.118861,	87.163892,	-85.611068
2.000000,	-172.993913,	79.376074,	-83.070770
2.000000,	-173.820770,	44.306885,	-70.627929
2.000000,	-131.472968,	22.502115,	-45.915360
2.000000,	-69.486107,	0.677348,	-20.210675
2.000000,	-27.072407,	-7.555581,	3.132969
2.000000,	-3.308928,	3.729972,	5.102353
2.000000,	-14.022259,	31.873694,	14.074306
2.000000,	102.534246,	-67.474469,	88.596301
2.000000,	68.394793,	-46.857780,	15.353774
2.000000,	21.503144,	-8.984492,	-4.515286
2.000000,	-5.944601,	3.080305,	-1.764647
2.000000,	-13.949722,	-3.169831,	-3.853834
2.000000,	-20.036310,	-7.485083,	-4.352588
2.000000,	-24.786168,	-10.271637,	-4.916813
2.000000,	-27.655161,	-12.724136,	-4.624265
2.000000,	-28.955477,	-14.808927,	-4.014299
2.000000,	-28.938806,	-15.120469,	-2.837459
2.000000,	-27.008132,	-14.637094,	-2.208177
2.000000,	-23.894739,	-13.108972,	-1.596566
2.000000,	-19.789756,	-10.979668,	-1.016336
2.000000,	-15.081337,	-8.454783,	-0.371175
2.000000,	-10.113123,	-5.814786,	0.190058
2.000000,	-5.296226,	-3.270102,	0.557932
2.000000,	-1.252432,	-0.987358,	0.851470
2.000000,	2.439919,	1.066159,	1.141943
2.000000,	5.318779,	3.035159,	1.401392
2.000000,	7.613678,	4.360988,	1.287444
2.000000,	9.143292,	5.088546,	1.240034
2.000000,	9.887441,	5.351024,	1.125681
2.000000,	9.733769,	5.226882,	0.925856
2.000000,	8.977843,	4.804787,	0.733760
2.000000,	7.791156,	4.154613,	0.527183
2.000000,	6.314776,	3.355510,	0.317046
2.000000,	4.694149,	2.481887,	0.117049
2.000000,	3.048361,	1.600592,	-0.060898
2.000000,	1.426294,	0.745766,	-0.221865
2.000000,	-0.055088,	-0.032248,	-0.345909
2.000000,	-1.291792,	-0.682805,	-0.422644
2.000000,	-2.228888,	-1.185796,	-0.464364
2.000000,	-2.821223,	-1.499204,	-0.449399
2.000000,	-3.144240,	-1.619885,	-0.445772
2.000000,	-3.206747,	-1.646358,	-0.388132
2.000000,	-3.056500,	-1.590978,	-0.305160
2.000000,	339.805031,	238.027712,	52.759916
2.000000,	336.258750,	186.700068,	52.774026
2.000000,	310.205845,	110.478016,	54.219583
2.000000,	227.303889,	27.803292,	42.504548
2.000000,	99.134235,	-18.618026,	-17.825393
2.000000,	-48.893239,	-4.178295,	-25.442609
2.000000,	-141.760056,	-8.492280,	-21.643381
0.000000,	-13.984064,	77.432396,	-72.107934
0.000000,	-117.725867,	78.148964,	41.390122
0.000000,	-160.350421,	-51.340923,	-39.044325
0.000000,	-188.790645,	-86.945851,	-25.182441
0.000000,	-201.215180,	-103.335531,	-28.309116
0.000000,	-200.445388,	-104.784198,	-21.877266
2.000000,	89.260190,	-134.654645,	309.156106
2.000000,	37.015459,	-74.146240,	109.657841
2.000000,	-23.556572,	-137.642502,	-125.610231
2.000000,	-94.201466,	-6.731852,	-92.609921
0.000000,	68.372054,	135.473399,	-21.725240
0.000000,	63.740024,	128.920194,	-26.881793
0.000000,	45.372727,	92.969875,	-24.705980
0.000000,	33.610935,	36.115019,	-7.514910
0.000000,	23.761712,	6.323179,	14.432426
0.000000,	8.876619,	4.220029,	-3.554453
0.000000,	-2.247138,	-0.516767,	1.374270
0.000000,	-12.884566,	-6.029310,	-3.287440
0.000000,	-22.155201,	-11.467398,	-2.937269
0.000000,	-29.380946,	-15.817784,	-3.753495
0.000000,	-34.344140,	-18.508923,	-3.781111
0.000000,	-36.405466,	-19.975003,	-3.656821
0.000000,	-35.857180,	-19.846545,	-3.180942
0.000000,	-32.962173,	-18.349552,	-2.540542
0.000000,	-28.185347,	-15.739884,	-1.874755
0.000000,	-21.916493,	-12.202521,	-1.326573
0.000000,	-15.007557,	-8.268013,	-0.694912
0.000000,	-8.170889,	-4.413796,	-0.041401
0.000000,	-1.649495,	-0.703826,	0.368121
0.000000,	4.151450,	2.699157,	0.655164
0.000000,	9.012695,	5.540790,	0.890095
0.000000,	12.882598,	7.804734,	1.089929
0.000000,	15.543797,	9.122006,	1.272986
0.000000,	16.890132,	9.677437,	1.463960
0.000000,	16.966240,	9.515797,	1.584304
0.000000,	15.923989,	8.808356,	1.528235
0.000000,	13.972779,	7.635787,	1.342561
0.000000,	11.327678,	6.113402,	1.063767
0.000000,	8.253809,	4.378702,	0.743885
0.000000,	5.001866,	2.553986,	0.417317
0.000000,	1.798106,	0.852436,	-0.004138
0.000000,	-1.144453,	-0.699352,	-0.326045
0.000000,	-3.682725,	-2.060576,	-0.580410
0.000000,	-5.727347,	-3.236245,	-0.713795
0.000000,	266.343733,	129.660422,	101.523788
0.000000,	251.168229,	146.827688,	42.612133
0.000000,	234.415101,	141.376137,	17.667605
0.000000,	208.803427,	137.205021,	10.549575
0.000000,	186.915298,	126.901384,	10.435001
0.000000,	78.562504,	92.231920,	31.986610
0.000000,	-16.861817,	12.261401,	7.617949
0.000000,	-89.037672,	-46.725981,	-20.522132
0.000000,	-144.879083,	-66.463184,	-40.769398
0.000000,	-180.894344,	-72.455593,	-43.521983
0.000000,	-194.828564,	-79.030204,	-42.239778
0.000000,	-196.473323,	-78.475951,	-41.194520
0.000000,	-187.139543,	-73.609042,	-36.542391
0.000000,	-166.185797,	-64.549738,	-27.633051
0.000000,	-136.290238,	-54.205124,	-17.662994
0.000000,	-103.646408,	-42.740462,	-9.134481
0.000000,	-71.520235,	-32.302989,	-2.193923
0.000000,	-42.159928,	-20.730748,	0.965346
0.000000,	-16.964539,	-9.148672,	3.472742
0.000000,	3.639064,	1.737968,	2.538573
0.000000,	19.237658,	10.002805,	3.331174
0.000000,	30.663596,	15.578560,	3.910137
0.000000,	37.926127,	19.536833,	3.621860
0.000000,	41.192529,	20.796533,	4.128322
0.000000,	41.378828,	20.594956,	5.007139
0.000000,	39.351965,	19.173435,	4.835398
0.000000,	35.508907,	17.129355,	4.116044
0.000000,	30.371570,	14.645748,	3.317234
0.000000,	24.570940,	11.853067,	2.553041
0.000000,	18.627905,	8.898221,	1.727958
0.000000,	12.759600,	6.034164,	0.949712
0.000000,	7.306377,	3.375513,	0.245491
0.000000,	2.458649,	1.057474,	-0.400573
0.000000,	-1.665349,	-0.850638,	-0.940589
0.000000,	-4.815830,	-2.402778,	-1.303788
0.000000,	-7.036477,	-3.434187,	-1.501645
0.000000,	-8.374033,	-4.009016,	-1.535109
0.000000,	-8.910501,	-4.232904,	-1.425844
0.000000,	-8.740294,	-4.172943,	-1.283911
0.000000,	-8.047777,	-3.855001,	-1.080133
0.000000,	-6.977961,	-3.356197,	-0.850604
0.000000,	-5.700202,	-2.743842,	-0.613530
0.000000,	-4.333071,	-2.087874,	-0.390110
0.000000,	-2.984039,	-1.440122,	-0.190624
2.000000,	-19.704072,	175.327975,	-84.849680
2.000000,	5.141738,	77.596564,	-11.611090
2.000000,	2.537120,	-29.318295,	77.480668
2.000000,	-14.132920,	-54.520348,	102.097891
2.000000,	-45.923576,	-7.272400,	41.472684
2.000000,	125.691787,	-99.104598,	231.909753
2.000000,	51.550915,	-258.145453,	27.299689
2.000000,	82.507789,	-127.184503,	-140.681111
0.000000,	-384.382686,	-205.351120,	-162.833094
0.000000,	-372.132298,	-230.451763,	-195.287690
0.000000,	-391.081829,	-13.377277,	109.778199
0.000000,	-296.781417,	-58.322993,	67.769369
0.000000,	-143.881939,	-119.998049,	22.250722
0.000000,	-85.386202,	-23.576256,	30.092467
0.000000,	9.567267,	14.101046,	-7.236638
0.000000,	74.938462,	41.548921,	-59.604833
0.000000,	147.340791,	11.368594,	22.180509
0.000000,	108.562951,	84.176187,	-16.048453
0.000000,	179.103008,	83.992812,	65.156758
0.000000,	171.347466,	69.815432,	5.393481
0.000000,	172.240899,	89.513009,	34.402222
0.000000,	173.400285,	83.731437,	24.269136
0.000000,	164.825426,	87.457540,	24.366126
0.000000,	155.719164,	90.562111,	19.905227
0.000000,	148.017888,	96.455321,	19.576572
0.000000,	142.849720,	100.483253,	19.154652
0.000000,	141.967033,	102.104800,	20.381668
0.000000,	144.179773,	94.503821,	23.578484
0.000000,	143.449549,	65.580145,	26.890380
0.000000,	94.587478,	5.680301,	14.915195
0.000000,	-10.373801,	4.539510,	-17.255163
0.000000,	-40.947518,	-36.279630,	3.655666
0.000000,	-92.663933,	-37.521147,	-30.452680
0.000000,	-121.914049,	-74.933559,	-6.709868
0.000000,	-147.743027,	-71.826108,	-32.200791
0.000000,	-154.601127,	-84.218767,	-16.580727
0.000000,	-154.856953,	-79.669233,	-23.674972
0.000000,	-143.333114,	-75.798083,	-17.467583
0.000000,	-124.015941,	-64.610972,	-15.684182
0.000000,	-98.500395,	-50.953455,	-12.304675
0.000000,	-71.041285,	-33.856086,	-11.360928
0.000000,	-42.143200,	-21.619512,	-6.739635
0.000000,	-16.517472,	-7.837023,	-2.923646
0.000000,	6.771516,	4.049537,	0.191680
0.000000,	25.813241,	14.125105,	3.366539
0.000000,	41.870007,	22.270700,	6.047636
0.000000,	53.537428,	28.306735,	7.924345
0.000000,	61.392441,	32.710958,	8.863239
0.000000,	66.115970,	35.087404,	9.796993
0.000000,	67.326219,	35.923400,	9.703926
2.000000,	56.705134,	227.521742,	-267.894239
1.000000,	-432.524488,	-130.377448,	122.039213
2.000000,	-261.596092,	29.233429,	302.172693
2.000000,	-337.607360,	21.854913,	7.012187
2.000000,	-287.816900,	-220.806446,	-88.159345
2.000000,	-183.194461,	-137.670563,	-159.208483
0.000000,	-16.119745,	70.394626,	-52.192269
0.000000,	114.011383,	-5.757596,	81.918013
0.000000,	237.897237,	-51.592282,	-64.443931
0.000000,	154.509622,	86.647630,	-49.895758
0.000000,	217.562774,	32.435101,	71.885608
0.000000,	126.095189,	117.180946,	-20.855893
0.000000,	190.842478,	96.434975,	42.342041
0.000000,	185.740818,	87.694914,	24.166708
0.000000,	172.356721,	94.980616,	24.615474
0.000000,	168.184841,	88.048666,	23.273496
0.000000,	153.010303,	79.720055,	21.537842
0.000000,	131.174297,	67.595308,	18.709605
0.000000,	100.685966,	50.389516,	15.360733
0.000000,	64.858522,	32.673548,	9.088072
0.000000,	30.490575,	13.415421,	5.715922
0.000000,	-2.292904,	-0.562097,	-2.375411
0.000000,	-29.010709,	-16.189046,	-4.513252
0.000000,	-52.108618,	-27.785740,	-7.988519
0.000000,	-67.986658,	-36.492395,	-11.017392
0.000000,	-77.510167,	-40.823585,	-12.825353
0.000000,	-81.307584,	-42.901767,	-12.772554
0.000000,	-80.445037,	-42.625258,	-12.027417
0.000000,	-75.361232,	-39.498121,	-10.969524
0.000000,	-66.487288,	-34.543457,	-9.388102
0.000000,	-55.014750,	-27.988265,	-7.629377
0.000000,	-41.919375,	-20.716961,	-5.504302
0.000000,	-28.251863,	-13.773792,	-3.432643
0.000000,	-15.276392,	-6.846480,	-1.855568
0.000000,	-3.542196,	-0.748064,	-0.159728
0.000000,	6.758854,	4.394821,	1.336984
0.000000,	15.211938,	8.624558,	2.543930
0.000000,	21.699605,	11.778081,	3.330856
0.000000,	26.169819,	13.956086,	4.018867
0.000000,	28.681484,	15.214470,	4.237358
0.000000,	29.436703,	15.501649,	4.249055
0.000000,	28.572799,	14.915116,	4.101411
0.000000,	26.310793,	13.632318,	3.736964
0.000000,	22.992847,	11.797053,	3.243392
0.000000,	18.916568,	9.604825,	2.631317
0.000000,	14.404030,	7.216137,	1.963270
0.000000,	9.728278,	4.791595,	1.224122
0.000000,	5.177274,	2.382588,	0.600854
0.000000,	0.915904,	0.211427,	-0.043680
0.000000,	-2.813173,	-1.703978,	-0.581999
0.000000,	-5.912527,	-3.278079,	-1.010462
0.000000,	-8.295960,	-4.477681,	-1.329861
0.000000,	-9.933981,	-5.285235,	-1.536692
0.000000,	-10.844756,	-5.703181,	-1.654815
0.000000,	-11.040274,	-5.800029,	-1.597150
0.000000,	-10.665805,	-5.520499,	-1.568275
0.000000,	-9.745394,	-5.034491,	-1.390674
0.000000,	-8.460272,	-4.329137,	-1.185104
0.000000,	-152.157464,	222.275892,	-243.154826
2.000000,	-139.590079,	-169.092305,	70.065311
2.000000,	-129.570334,	-91.167428,	71.310055
2.000000,	-184.997424,	38.626925,	44.102230
2.000000,	-36.576114,	30.152201,	92.123645
2.000000,	28.423227,	26.131225,	118.354894
2.000000,	0.866557,	15.685958,	-13.656091
2.000000,	34.441164,	-90.228775,	-139.072681
2.000000,	26.730139,	-92.245604,	-41.662936
2.000000,	-0.488827,	-38.191038,	46.377210
2.000000,	9.453427,	-30.754048,	16.381669
2.000000,	15.575054,	-9.575394,	13.341389
2.000000,	22.695474,	4.943658,	4.948752
2.000000,	31.314493,	19.631863,	0.778550
2.000000,	37.418053,	27.296758,	-1.572484
2.000000,	39.075576,	28.691707,	-1.917083
2.000000,	38.008965,	25.348258,	-1.131048
2.000000,	34.769965,	20.997890,	-0.570551
2.000000,	29.543667,	15.929789,	-0.479325
2.000000,	22.668212,	11.040474,	-0.409209
2.000000,	15.304654,	6.865520,	-0.674774
2.000000,	8.193047,	4.255500,	-1.440389
2.000000,	1.305774,	1.445321,	-1.508641
2.000000,	-4.588506,	-1.042521,	-1.643142
2.000000,	-8.700445,	-2.704330,	-2.017488
2.000000,	-11.857373,	-4.363342,	-2.263330
2.000000,	-13.684151,	-5.922875,	-1.676095
2.000000,	-14.296439,	-7.131057,	-1.018527
2.000000,	-13.946220,	-7.419776,	-0.414505
2.000000,	-12.702886,	-7.001949,	0.108758
2.000000,	-10.740803,	-6.073682,	0.509467
2.000000,	-8.310016,	-4.817611,	0.693543
2.000000,	-5.711372,	-3.395498,	0.851844
2.000000,	-3.192841,	-1.960544,	0.847947
2.000000,	-0.904549,	-0.710723,	0.538029
2.000000,	1.083625,	0.546991,	0.363022
2.000000,	2.748610,	1.541136,	0.272850
2.000000,	4.003188,	2.249092,	0.185455
2.000000,	4.861172,	2.751204,	0.112117
2.000000,	5.330759,	3.103325,	0.060380
2.000000,	5.341531,	3.015322,	0.088569
2.000000,	4.916894,	2.661422,	0.068370
2.000000,	4.133970,	2.178298,	0.014265
2.000000,	3.131113,	1.629257,	-0.050699
2.000000,	2.130556,	1.225558,	-0.179444
2.000000,	1.177875,	0.771474,	-0.219021
2.000000,	0.314613,	0.307364,	-0.231013
2.000000,	-0.444583,	-0.137925,	-0.209673
2.000000,	-1.078764,	-0.528389,	-0.180147
2.000000,	-262.100104,	189.996876,	-264.221082
2.000000,	-112.035261,	155.555845,	-114.083582
2.000000,	8.799139,	44.590112,	78.294443
2.000000,	47.283076,	-39.979480,	132.914169
2.000000,	67.697533,	-78.202899,	116.047734
2.000000,	105.174900,	-91.379114,	28.725870
2.000000,	74.610417,	-61.299167,	34.604871
2.000000,	41.083918,	-63.328718,	12.196251
2.000000,	7.232151,	-58.158406,	2.012221
2.000000,	-11.904309,	-47.388818,	-4.459860
2.000000,	-19.034134,	-35.853878,	-3.291399
2.000000,	-19.226634,	-26.518674,	-3.340499
2.000000,	-14.962771,	-16.630028,	-2.839895
2.000000,	-7.701825,	-9.731325,	-1.100424
2.000000,	-0.641433,	-4.839630,	0.633555
2.000000,	4.287973,	-1.091140,	1.144146
2.000000,	9.575961,	1.595092,	1.431849
2.000000,	13.150897,	4.869946,	1.846883
2.000000,	14.467473,	6.810332,	2.416124
2.000000,	13.764501,	7.706444,	4.569454
2.000000,	13.436812,	8.172123,	3.960662
2.000000,	12.002101,	8.678151,	3.661451
2.000000,	9.965673,	9.111310,	2.181478
2.000000,	7.175864,	9.475363,	0.780775
2.000000,	4.556359,	8.973483,	0.107404
2.000000,	2.801667,	7.531859,	-0.421063
2.000000,	1.231680,	5.533682,	-0.636612
2.000000,	-0.209537,	3.284688,	-0.607321
2.000000,	-1.552235,	0.945911,	-0.348289
2.000000,	-2.759584,	-0.793892,	-0.279415
2.000000,	-3.439754,	-2.252457,	-0.472143
2.000000,	-3.852069,	-3.325659,	-0.572661
2.000000,	-3.991939,	-3.844713,	-0.730809
2.000000,	-3.829763,	-3.907773,	-0.705764
2.000000,	-3.218361,	-3.576833,	-0.573386
2.000000,	-2.358433,	-2.947218,	-0.361377
2.000000,	-1.390411,	-2.157437,	-0.145137
2.000000,	-0.482333,	-1.358598,	0.045702
2.000000,	0.281781,	-0.601210,	0.246815
2.000000,	0.884993,	0.043952,	0.324307
2.000000,	1.263778,	0.538256,	0.384765
2.000000,	1.444925,	0.865993,	0.402464
2.000000,	1.451673,	1.053348,	0.392015
2.000000,	1.325401,	1.113260,	0.350957
2.000000,	1.104223,	1.064390,	0.286153
2.000000,	0.822529,	0.932504,	0.209660
2.000000,	-69.655416,	11.813592,	261.352995
2.000000,	-84.021743,	160.383084,	138.467480
2.000000,	83.173901,	272.636537,	166.654314
2.000000,	65.628851,	237.743790,	32.373091
2.000000,	-10.578196,	145.573906,	-26.266294
2.000000,	-55.822525,	62.974873,	58.492206
2.000000,	-59.082793,	-50.821631,	-51.842191
2.000000,	-95.089541,	-66.734473,	-17.306331
2.000000,	-104.995272,	-81.388636,	-49.594917
2.000000,	-106.130088,	-66.211557,	-22.819847
2.000000,	-87.091601,	-57.411382,	-16.460599
2.000000,	-48.230208,	-69.362620,	-14.804151
2.000000,	23.483690,	-72.282093,	-113.365900
2.000000,	2.508679,	-9.839424,	-69.582215
2.000000,	56.895561,	-21.180970,	58.322899
2.000000,	45.261645,	-8.051468,	50.758386
2.000000,	41.366091,	-1.902562,	24.451135
2.000000,	38.677548,	3.834983,	10.724625
2.000000,	38.491945,	10.240107,	2.252978
2.000000,	39.351314,	14.930494,	-1.336291
2.000000,	39.402311,	15.817110,	-2.383894
2.000000,	36.763240,	15.621704,	-1.760409
2.000000,	32.407385,	13.948451,	-1.303144
2.000000,	26.822242,	10.521889,	-1.000150
2.000000,	19.776211,	6.660591,	-1.135341
2.000000,	12.140530,	3.339402,	-1.123706
2.000000,	5.617802,	1.293599,	-1.463608
2.000000,	0.415568,	-0.660462,	-1.511176
2.000000,	-3.677945,	-2.345271,	-1.508137
2.000000,	-6.615848,	-3.373978,	-1.426397
2.000000,	-8.384880,	-4.242819,	-1.076031
2.000000,	-9.245468,	-4.827577,	-0.873536
2.000000,	-9.385121,	-4.904935,	-0.634099
2.000000,	-8.858653,	-4.634714,	-0.439846
2.000000,	-7.832763,	-4.108942,	-0.261862
2.000000,	-6.414019,	-3.385011,	-0.078890
2.000000,	-4.765735,	-2.552967,	0.072843
2.000000,	-3.032746,	-1.679448,	0.181084
2.000000,	-1.351205,	-0.734935,	0.282046
2.000000,	0.195118,	0.076778,	0.321357
2.000000,	1.483259,	0.724824,	0.331089
2.000000,	2.447759,	1.206129,	0.315899
2.000000,	-291.114635,	123.343292,	-230.784480
2.000000,	-121.453869,	95.369473,	-20.128006
2.000000,	-10.841435,	-12.399569,	59.048293
2.000000,	45.149760,	-78.621636,	59.099473
2.000000,	82.696089,	-112.502122,	50.919495
2.000000,	102.499518,	-121.673727,	43.589753
2.000000,	90.432845,	-97.218215,	60.929123
2.000000,	77.059903,	-6.727230,	26.141904
2.000000,	54.362126,	50.125605,	-6.656540
2.000000,	27.029803,	44.388587,	-19.930846
2.000000,	8.038809,	30.852882,	-16.903973
2.000000,	-3.833415,	19.467697,	-10.646205
2.000000,	-9.779058,	12.156596,	-6.744097
2.000000,	-11.772806,	7.580727,	-5.466656
2.000000,	-11.528677,	4.217672,	-4.236674
2.000000,	-10.162861,	2.063347,	-3.038570
2.000000,	-8.124262,	0.925723,	-2.011546
2.000000,	-5.770016,	0.483409,	-1.201710
2.000000,	-3.456302,	0.518038,	-0.647114
2.000000,	-1.349037,	0.766398,	-0.261734
2.000000,	0.388218,	1.071566,	-0.005228
2.000000,	1.639366,	1.352933,	0.127669
2.000000,	2.422384,	1.538777,	0.177296
2.000000,	2.774341,	1.607169,	0.171375
2.000000,	2.758018,	1.589618,	0.124707
2.000000,	2.484846,	1.452952,	0.066768
2.000000,	2.043135,	1.234036,	0.014016
2.000000,	1.516479,	0.971242,	-0.031332
2.000000,	0.977442,	0.696910,	-0.064553
2.000000,	0.480803,	0.437601,	-0.086437
2.000000,	0.064375,	0.211307,	-0.095905
2.000000,	-0.251784,	0.029479,	-0.095172
2.000000,	-0.463405,	-0.102920,	-0.087113
2.000000,	-0.575517,	-0.187005,	-0.072513
2.000000,	-0.602779,	-0.227896,	-0.055904
2.000000,	-0.564029,	-0.233370,	-0.037668
2.000000,	-0.479614,	-0.211920,	-0.021404
2.000000,	-0.369238,	-0.174111,	-0.007281
2.000000,	-0.250849,	-0.126343,	0.004460
2.000000,	-0.136723,	-0.078675,	0.011412
2.000000,	-0.038253,	-0.035188,	0.016786
2.000000,	0.038999,	0.002473,	0.018561
2.000000,	0.093059,	0.030337,	0.017282
2.000000,	0.124352,	0.048454,	0.015875
2.000000,	0.135827,	0.057850,	0.012584
2.000000,	-45.390400,	307.689874,	-85.200237
2.000000,	-23.448180,	252.157861,	-71.292865
2.000000,	-8.595356,	103.285752,	13.793742
1.000000,	-267.492440,	-111.987546,	17.012249
1.000000,	-169.529964,	-123.182020,	-19.280408
2.000000,	21.628036,	103.057864,	200.109529
2.000000,	-178.210935,	46.712903,	-97.443663
2.000000,	-168.359800,	-102.112655,	-105.563299
0.000000,	-19.927953,	41.577180,	-57.859491
0.000000,	61.512486,	18.245513,	-45.266449
0.000000,	95.930446,	41.768590,	-29.721364
0.000000,	111.617823,	60.869729,	-18.135434
0.000000,	115.806537,	57.257161,	-8.843456
0.000000,	107.570059,	49.848536,	-1.401207
0.000000,	95.663124,	43.063361,	4.880945
0.000000,	83.725244,	35.578233,	6.098646
0.000000,	70.091356,	28.744535,	6.704449
0.000000,	56.253712,	22.215774,	5.655467
0.000000,	41.521033,	15.155990,	4.086381
0.000000,	27.273795,	7.903581,	2.872875
0.000000,	14.711689,	1.486380,	1.499836
0.000000,	4.063939,	-3.665865,	0.064439
0.000000,	-4.293829,	-7.050242,	-1.451980
0.000000,	-10.653916,	-8.199247,	-3.202534
0.000000,	-15.257000,	-8.267466,	-4.139096
0.000000,	-17.016818,	-8.158941,	-3.703526
0.000000,	-16.507018,	-8.036376,	-3.037437
0.000000,	-14.667690,	-7.259308,	-2.323191
0.000000,	-12.130192,	-6.199969,	-1.470065
0.000000,	-9.267288,	-4.957692,	-0.774183
0.000000,	-6.474906,	-3.672369,	-0.236475
0.000000,	-4.004766,	-2.483662,	0.167220
0.000000,	-1.957207,	-1.484548,	0.447358
0.000000,	-0.386722,	-0.687677,	0.587524
0.000000,	0.712222,	-0.079621,	0.613906
0.000000,	1.399183,	0.347760,	0.575505
0.000000,	1.744487,	0.612654,	0.494911
0.000000,	1.831706,	0.744456,	0.393942
0.000000,	1.742579,	0.773923,	0.290910
0.000000,	1.533171,	0.727060,	0.201103
0.000000,	1.261784,	0.629181,	0.123465
0.000000,	0.970892,	0.506731,	0.061006
0.000000,	0.691126,	0.378565,	0.013642
2.000000,	-45.990360,	170.265423,	-225.130961
2.000000,	-90.080320,	98.090960,	-190.830589
2.000000,	-57.418391,	83.178470,	-26.280395
2.000000,	-19.999141,	60.219642,	133.040165
2.000000,	-67.220412,	62.751304,	97.782534
2.000000,	-34.815204,	-15.886577,	48.852174
2.000000,	-41.339695,	-31.916137,	-1.191019
2.000000,	-59.829877,	-72.036151,	-8.441259
2.000000,	-39.942459,	-99.432805,	-7.099313
2.000000,	-0.177181,	-97.671178,	-26.493462
2.000000,	14.034953,	-80.976797,	-29.853125
2.000000,	34.751313,	-50.575847,	-22.723564
2.000000,	36.810437,	2.542452,	5.256537
2.000000,	53.276439,	26.436608,	9.963389
2.000000,	63.768478,	29.319030,	4.212657
2.000000,	64.442382,	33.711019,	7.413194
2.000000,	62.607554,	37.372689,	6.953863
2.000000,	59.445533,	34.403450,	5.269216
2.000000,	54.185692,	29.464331,	4.374779
2.000000,	46.531436,	24.374930,	2.920200
2.000000,	36.761434,	18.220906,	2.210918
2.000000,	26.328408,	11.274697,	1.269260
2.000000,	17.445671,	2.733959,	1.081339
2.000000,	9.280070,	-3.768287,	-0.551179
2.000000,	-0.391818,	-9.016131,	-1.781427
2.000000,	-7.466173,	-13.427297,	-1.123735
2.000000,	-13.129679,	-13.787500,	-0.380832
2.000000,	-17.030822,	-13.515819,	1.394962
2.000000,	-18.465841,	-13.002980,	0.920994
2.000000,	-19.013671,	-12.508059,	0.706988
2.000000,	-18.778067,	-11.920858,	2.639835
2.000000,	-16.813483,	-10.627138,	2.296216
2.000000,	-14.063485,	-8.963192,	1.773391
2.000000,	-11.096675,	-7.269091,	1.532965
2.000000,	-7.964916,	-5.567056,	1.418092
2.000000,	-4.902687,	-3.899170,	1.103948
2.000000,	-2.241812,	-2.436173,	0.851967
2.000000,	-0.129237,	-1.219258,	0.684777
2.000000,	1.401247,	-0.265099,	0.541139
2.000000,	2.382122,	0.424533,	0.411863
2.000000,	2.879768,	0.872790,	0.302195
2.000000,	2.977733,	1.109426,	0.213428
2.000000,	2.698182,	1.168850,	0.150426
2.000000,	2.269298,	1.102194,	0.082801
2.000000,	1.762156,	0.947968,	0.026226
2.000000,	1.238744,	0.744579,	-0.013926
2.000000,	0.748272,	0.526555,	-0.039492
2.000000,	0.323754,	0.317455,	-0.054037
2.000000,	-0.016378,	0.133690,	-0.058694
2.000000,	-0.265230,	-0.014230,	-0.056792
2.000000,	-0.426311,	-0.123565,	-0.050489
2.000000,	-0.508991,	-0.192902,	-0.040967
2.000000,	-0.526832,	-0.229999,	-0.030680
2.000000,	-340.735953,	-184.265465,	-48.274331
2.000000,	-317.453301,	-177.107021,	13.043141
2.000000,	-261.349806,	-178.372944,	25.471410
2.000000,	-182.514303,	-126.902538,	-4.831832
2.000000,	-185.680513,	98.464322,	12.221598
2.000000,	-232.939636,	95.780842,	-26.271903
2.000000,	-320.330086,	41.313060,	-80.679943
2.000000,	-377.749412,	-31.025652,	-173.056394
2.000000,	-502.118753,	-69.216227,	-224.157973
2.000000,	239.980916,	-68.086202,	-180.219929
2.000000,	212.109229,	-1.509272,	-232.801003
2.000000,	231.023052,	14.863914,	-39.906978
2.000000,	-230.193365,	111.859213,	-223.640340
2.000000,	-282.431511,	-0.182866,	-126.131023
2.000000,	-289.224413,	-55.610240,	42.169560
2.000000,	-163.849262,	-69.973831,	22.978743
2.000000,	-150.099232,	-82.913582,	-17.204086
2.000000,	-45.772517,	-111.803853,	-144.109631
2.000000,	-29.795792,	-338.491096,	25.727379
2.000000,	-56.161377,	-71.658338,	-104.747890
2.000000,	9.224497,	65.139604,	-2.245847
0.000000,	-124.543617,	112.056784,	-180.182215
2.000000,	-217.847864,	-269.506215,	-102.266126
0.000000,	-27.382823,	-116.740526,	142.902214
0.000000,	-54.415068,	-64.855789,	58.849812
0.000000,	-57.969174,	-25.116025,	-24.127494
0.000000,	-51.271675,	1.149933,	-50.145236
0.000000,	-27.139198,	21.721127,	-76.831986
0.000000,	32.220653,	-29.537468,	61.428761
0.000000,	-7.798657,	45.248998,	-46.596017
0.000000,	62.512633,	-22.359194,	59.800470
0.000000,	11.249735,	59.615364,	-49.024676
0.000000,	81.576998,	-11.125418,	69.020872
0.000000,	20.755582,	61.365418,	-55.163822
0.000000,	84.059345,	-2.848321,	72.602643
0.000000,	20.254572,	53.595074,	-55.468729
0.000000,	72.131403,	-4.438619,	68.910446
0.000000,	10.625039,	44.402252,	-55.061361
0.000000,	54.973380,	-13.187172,	66.181963
0.000000,	-4.778345,	35.490945,	-56.453604
0.000000,	36.156916,	-23.343237,	63.156283
0.000000,	-20.959362,	26.384260,	-57.407513
0.000000,	18.892904,	-31.064544,	58.370534
0.000000,	-33.508622,	18.464455,	-55.633347
0.000000,	5.988617,	-36.064123,	52.040811
0.000000,	-40.898699,	12.879743,	-51.517311
0.000000,	-1.790541,	-37.058927,	44.890376
0.000000,	-42.024145,	9.644090,	-45.495672
0.000000,	-4.291346,	-34.507988,	37.905416
0.000000,	-37.691935,	8.595828,	-39.022167
0.000000,	-2.298838,	-29.439914,	32.406729
0.000000,	-29.789386,	9.247706,	-33.013512
0.000000,	2.420929,	-22.823532,	28.303438
0.000000,	-20.156217,	11.319445,	-27.694270
0.000000,	8.639501,	-16.872415,	25.620001
0.000000,	-11.422598,	13.846122,	-23.876121
0.000000,	14.455260,	-12.172132,	24.551774
0.000000,	-5.069921,	16.105857,	-22.246134
0.000000,	18.891512,	-9.330995,	25.130497
0.000000,	-1.586971,	17.758689,	-22.375715
0.000000,	21.304193,	-8.375127,	26.481179
0.000000,	-0.907706,	18.520376,	-23.573364
0.000000,	21.592713,	-8.980393,	27.992879
0.000000,	-2.518589,	18.387444,	-25.323770
0.000000,	-236.453071,	106.070568,	-246.854094
0.000000,	-175.698639,	-149.528208,	87.480446
0.000000,	-154.648696,	-122.342569,	48.102239
2.000000,	-79.950492,	-50.012773,	177.483593
2.000000,	21.674134,	-110.849289,	81.783072
2.000000,	99.281601,	-206.356005,	63.897658
2.000000,	33.963698,	-92.829922,	-89.509064
2.000000,	-25.201118,	84.675584,	-65.282155
2.000000,	35.811357,	134.663553,	-20.853596
2.000000,	101.603818,	150.483043,	-13.730234
2.000000,	140.395325,	131.697687,	-11.238371
2.000000,	150.033680,	97.473800,	2.891695
2.000000,	141.204446,	72.020993,	10.792378
2.000000,	121.676276,	50.094913,	13.020989
2.000000,	95.075525,	34.337762,	8.268343
2.000000,	63.565295,	20.127602,	2.390114
2.000000,	27.967316,	9.299200,	-2.195597
2.000000,	-4.974684,	-0.495762,	-6.642450
2.000000,	-31.017244,	-9.216763,	-10.242936
2.000000,	-48.151449,	-13.658721,	-11.026069
2.000000,	-57.169632,	-20.186051,	-9.578854
2.000000,	-61.546311,	-25.103858,	-8.186931
2.000000,	-61.218018,	-25.648494,	-7.837550
2.000000,	-56.496473,	-24.864227,	-5.965801
2.000000,	-49.206664,	-22.828832,	-4.646687
2.000000,	-40.398358,	-19.207681,	-2.770390
2.000000,	-30.453891,	-14.917920,	-1.229758
2.000000,	-20.159831,	-10.200628,	0.122325
2.000000,	-10.234106,	-5.610074,	1.126329
2.000000,	-1.661470,	-1.801347,	1.625073
2.000000,	5.485438,	3.559376,	1.540759
2.000000,	12.551441,	8.241924,	1.297686
2.000000,	18.082267,	10.372613,	1.800434
2.000000,	21.085914,	10.992321,	1.972898
2.000000,	21.659476,	10.827834,	1.954205
2.000000,	20.184632,	9.679581,	1.576714
2.000000,	17.181141,	8.136639,	1.081898
2.000000,	13.468442,	6.270532,	0.595250
2.000000,	9.468597,	4.277271,	0.205615
2.000000,	5.478835,	2.339211,	-0.110119
2.000000,	1.835732,	0.661440,	-0.378287
2.000000,	-23.041948,	241.553030,	-195.507002
2.000000,	102.778328,	201.843311,	-127.871467
2.000000,	171.050363,	25.235370,	19.824907
2.000000,	63.324782,	-96.189777,	158.597687
2.000000,	-43.872976,	-83.530621,	162.923710
1.000000,	-88.609293,	-188.666690,	-92.493894
1.000000,	-45.769796,	-133.682205,	-74.317877
1.000000,	-38.811760,	-75.582745,	-38.933706
1.000000,	-48.252678,	-28.099031,	-3.332027
1.000000,	-51.417123,	12.839848,	24.072439
0.000000,	-146.283895,	51.773992,	-101.846101
0.000000,	-192.825001,	63.730473,	-12.305569
2.000000,	145.963456,	73.736732,	-104.568399
2.000000,	124.847652,	134.574124,	-131.626956
2.000000,	48.725299,	-135.271422,	314.191529
2.000000,	58.032844,	-67.893398,	186.372672
2.000000,	-365.264949,	51.752830,	-203.757534
2.000000,	-333.304293,	178.156606,	-220.473613
2.000000,	-108.857856,	144.261802,	122.623914
2.000000,	82.695407,	-4.835215,	236.151509
2.000000,	198.501899,	-117.669685,	119.475502
2.000000,	211.974939,	-144.159626,	-32.094215
2.000000,	218.373965,	21.855917,	70.192244
2.000000,	244.926591,	14.522299,	59.491210
2.000000,	211.111278,	35.340947,	44.140411
2.000000,	126.102457,	34.761038,	65.807470
2.000000,	61.036214,	44.850759,	-32.564640
2.000000,	27.288577,	-2.223710,	14.375894
2.000000,	-31.750696,	-11.564633,	-16.879462
2.000000,	-70.247307,	-39.415243,	1.543560
2.000000,	-92.578301,	-38.269283,	-22.930033
2.000000,	-110.160316,	-63.393114,	-5.577525
2.000000,	-114.601239,	-51.096304,	-25.229041
2.000000,	-116.760032,	-68.609516,	-5.253584
2.000000,	-107.225148,	-47.063751,	-23.644375
2.000000,	-96.791116,	-57.489073,	-4.624479
2.000000,	-77.286273,	-32.775763,	-15.964350
2.000000,	-58.796587,	-37.076804,	-3.586158
2.000000,	-37.762315,	-15.001963,	-6.976972
2.000000,	-18.636711,	-10.909497,	-1.758856
2.000000,	-0.128645,	2.353023,	-0.194599
2.000000,	15.813795,	8.887605,	2.715710
2.000000,	28.975797,	15.897256,	4.263871
2.000000,	38.495925,	20.066531,	5.532778
2.000000,	44.112711,	23.209222,	5.706217
2.000000,	46.265484,	24.043194,	6.103280
2.000000,	45.568854,	23.789693,	5.766411
2.000000,	314.525416,	106.806330,	200.840515
2.000000,	242.892900,	-82.058346,	125.146003
2.000000,	109.392474,	-204.295634,	2.333031
2.000000,	-89.406291,	-101.163932,	23.871197
2.000000,	-64.808037,	-164.347405,	-137.330580
2.000000,	-200.553696,	20.892026,	-205.360040
2.000000,	-250.032608,	215.274570,	-17.265068
2.000000,	-265.132383,	140.792067,	-10.269627
2.000000,	-12.027532,	79.069413,	-20.124176
2.000000,	136.440142,	40.121331,	83.737594
2.000000,	101.623318,	18.545134,	16.052065
2.000000,	68.447587,	19.939133,	21.673081
2.000000,	48.393367,	11.990365,	8.905457
2.000000,	27.156286,	6.893854,	6.479872
2.000000,	10.711220,	0.394268,	2.002584
2.000000,	-3.182049,	-3.958843,	-0.328941
2.000000,	-13.313427,	-7.475882,	-2.420223
2.000000,	-20.679730,	-10.295925,	-3.305564
2.000000,	-25.595848,	-12.258747,	-3.916702
2.000000,	-28.339084,	-13.335416,	-4.008663
2.000000,	-28.918806,	-13.419352,	-3.747425
2.000000,	-27.602972,	-12.533689,	-3.716909
2.000000,	-24.717991,	-10.921303,	-3.244598
2.000000,	-20.600290,	-9.044175,	-2.548669
2.000000,	-15.826493,	-6.500611,	-1.799405
2.000000,	-10.342060,	-3.776326,	-1.065679
2.000000,	-4.347305,	-0.737240,	-0.518741
2.000000,	1.619500,	1.859235,	0.274284
2.000000,	6.715976,	3.836865,	1.024944
2.000000,	10.533291,	5.139374,	1.565806
2.000000,	12.797259,	5.822482,	1.885731
2.000000,	13.613821,	5.944161,	1.976341
2.000000,	13.208293,	5.593233,	1.957855
2.000000,	11.821730,	4.865377,	1.694253
2.000000,	9.715925,	3.965862,	1.346630
2.000000,	7.275075,	2.905414,	0.941996
2.000000,	4.746057,	1.822678,	0.555685
2.000000,	2.274342,	0.890107,	0.217160
2.000000,	0.166856,	-0.036934,	-0.111506
2.000000,	-1.628056,	-0.825180,	-0.341519
2.000000,	0.236215,	-75.617815,	90.229904
2.000000,	-63.056723,	-67.023184,	-46.542057
2.000000,	-110.040284,	-5.726258,	-18.020243
2.000000,	-48.724434,	-4.462782,	-27.919797
2.000000,	-1.731363,	14.601616,	3.122546
2.000000,	29.929174,	10.409081,	2.639180
2.000000,	30.386738,	16.101052,	3.802889
2.000000,	35.227759,	18.460804,	4.814694
2.000000,	37.218274,	18.760308,	4.639442
2.000000,	36.027384,	18.275954,	4.735506
2.000000,	32.892738,	16.718730,	4.076163
2.000000,	28.486344,	14.553651,	3.745518
2.000000,	23.022623,	11.690286,	2.722724
2.000000,	17.062996,	8.727632,	2.159215
2.000000,	10.940228,	5.500977,	1.126981
2.000000,	5.016809,	2.544350,	0.515467
2.000000,	-0.401267,	-0.354760,	-0.281835
2.000000,	-5.241894,	-2.824703,	-0.808101
2.000000,	-9.219149,	-4.802532,	-1.436079
2.000000,	-12.031209,	-6.190923,	-1.667283
2.000000,	-13.703543,	-7.081227,	-1.944051
2.000000,	-14.375318,	-7.444863,	-2.002958
2.000000,	-14.242137,	-7.312305,	-1.948520
2.000000,	-13.297202,	-6.800187,	-1.762137
2.000000,	-11.752284,	-5.992452,	-1.540295
2.000000,	-9.756519,	-4.951662,	-1.231974
2.000000,	-7.486313,	-3.783866,	-0.926834
2.000000,	-5.098347,	-2.549987,	-0.586401
2.000000,	-2.737725,	-1.345004,	-0.280977
2.000000,	-0.527849,	-0.210282,	0.016727
2.000000,	1.452374,	0.803932,	0.257593
2.000000,	-143.088554,	-286.214548,	-4.259038
2.000000,	-58.397119,	-158.218962,	-81.219712
2.000000,	-64.158088,	-317.661092,	-67.807796
2.000000,	49.748488,	-57.898628,	-27.888703
2.000000,	118.765289,	204.246678,	-83.987597
2.000000,	205.459321,	138.178378,	-117.790853
2.000000,	64.017288,	51.095403,	-95.359323
2.000000,	-124.769326,	-385.153767,	154.432138
2.000000,	-79.179383,	-238.080748,	154.409247
2.000000,	9.512774,	7.934034,	118.263093
2.000000,	70.521244,	164.640366,	146.095620
2.000000,	44.637072,	179.854687,	179.536996
0.000000,	277.877918,	-174.143367,	206.430468
0.000000,	274.972202,	-138.201966,	94.892570
1.000000,	-153.717838,	-261.697872,	-62.367087
1.000000,	-107.707671,	-191.942483,	-70.347179
1.000000,	-78.767346,	-47.563441,	24.399830
1.000000,	-15.658258,	63.719857,	39.447921
1.000000,	-10.743394,	126.706305,	7.299491
1.000000,	-110.985957,	204.291624,	1.051925
1.000000,	-173.347391,	-21.245282,	39.475034
1.000000,	-122.019998,	-42.299991,	36.517137
1.000000,	-71.975519,	-25.145776,	18.732101
1.000000,	-33.628909,	-9.895137,	5.487992
1.000000,	-7.277849,	-0.613855,	-8.645756
1.000000,	3.653554,	-1.259659,	-11.098927
1.000000,	9.327862,	-1.517220,	-1.982138
1.000000,	17.906474,	6.066682,	0.431016
1.000000,	25.227077,	11.471689,	3.346606
1.000000,	31.595999,	16.161375,	4.364973
1.000000,	36.132861,	19.018214,	5.217842
1.000000,	39.095458,	20.626820,	5.586646
1.000000,	40.411728,	21.186411,	5.674622
1.000000,	40.141993,	20.877276,	5.513273
1.000000,	38.369511,	19.803522,	5.187636
1.000000,	35.246954,	18.071634,	4.739848
1.000000,	31.007208,	15.805962,	4.068554
1.000000,	25.808867,	13.016987,	3.347807
1.000000,	19.981544,	9.922712,	2.479845
1.000000,	13.731184,	6.704424,	1.601355
1.000000,	7.377000,	3.464286,	0.824394
1.000000,	1.277347,	0.367868,	-0.055256
1.000000,	-4.390520,	-2.550743,	-0.728505
1.000000,	-9.363256,	-5.061103,	-1.479609
1.000000,	-13.561282,	-7.204122,	-2.036105
1.000000,	-16.807138,	-8.824411,	-2.468156
1.000000,	-19.041813,	-9.942724,	-2.736016
1.000000,	-20.240247,	-10.547800,	-2.851965
1.000000,	-20.445797,	-10.622427,	-2.851264
1.000000,	-19.764325,	-10.223539,	-2.725485
1.000000,	-18.326086,	-9.414285,	-2.498898
1.000000,	-16.262118,	-8.291036,	-2.178928
1.000000,	-13.708600,	-6.928892,	-1.798740
1.000000,	-10.826373,	-5.397121,	-1.336896
1.000000,	-7.744697,	-3.767204,	-0.925682
1.000000,	-4.659580,	-2.167267,	-0.509499
1.000000,	-1.682483,	-0.628295,	-0.103487
1.000000,	1.085377,	0.786674,	0.271266
1.000000,	3.554299,	2.037678,	0.599117
1.000000,	5.652368,	3.091365,	0.872503
1.000000,	7.334443,	3.931963,	1.128701
1.000000,	8.592831,	4.563873,	1.250300
1.000000,	9.373562,	4.925217,	1.330777
1.000000,	9.708425,	5.049979,	1.337927
2.000000,	-52.399125,	-201.069680,	71.904359
2.000000,	-24.975107,	-44.327300,	163.666514
2.000000,	50.932109,	19.565766,	166.387379
2.000000,	89.499001,	257.294866,	35.028795
2.000000,	-13.694546,	255.168219,	-200.082969
2.000000,	33.721753,	103.525351,	-105.182614
2.000000,	49.389494,	53.228747,	104.601663
2.000000,	65.630718,	34.656350,	-92.135195
2.000000,	46.322039,	2.422395,	121.848698
2.000000,	91.780997,	-35.414927,	-77.568676
2.000000,	103.218995,	-130.805603,	-23.946650
2.000000,	3.303102,	-300.215404,	-55.338912
2.000000,	5.166075,	133.818024,	-5.554337
2.000000,	134.739262,	86.141201,	15.039457
2.000000,	154.705710,	26.399119,	13.548998
2.000000,	111.909961,	5.870453,	31.042794
2.000000,	60.877477,	0.115279,	15.955412
2.000000,	12.918735,	-4.500430,	3.779884
2.000000,	-20.427155,	-11.543769,	-3.854012
2.000000,	-45.785928,	-21.492871,	-6.990014
2.000000,	-63.655040,	-29.257766,	-9.682993
2.000000,	-74.849904,	-30.931734,	-11.427574
2.000000,	-77.565240,	-32.320104,	-11.262990
2.000000,	-75.762017,	-30.766842,	-11.775952
2.000000,	-67.792497,	-28.047132,	-8.763324
2.000000,	-55.567008,	-25.629386,	-4.986412
2.000000,	-43.304264,	-20.280269,	-3.551294
2.000000,	-30.321459,	-13.955557,	-1.578082
2.000000,	-16.805161,	-7.887667,	0.049188
2.000000,	-4.240265,	-2.270610,	1.510688
2.000000,	5.724691,	1.955522,	2.341788
2.000000,	13.146526,	5.452324,	2.727592
2.000000,	18.414928,	8.252921,	2.777113
2.000000,	21.641448,	10.360087,	2.570311
2.000000,	23.252920,	11.290623,	1.991581
2.000000,	23.127118,	11.589277,	1.605326
2.000000,	21.820255,	10.631934,	1.352830
2.000000,	19.273983,	8.732899,	1.280009
2.000000,	15.406454,	6.808228,	0.966707
2.000000,	10.912423,	4.752778,	0.436209
2.000000,	6.282273,	2.930635,	0.020271
2.000000,	2.096071,	1.323059,	-0.443610
2.000000,	-1.373712,	-0.057334,	-0.755168
2.000000,	-4.019013,	-1.300727,	-0.887189
2.000000,	-5.920840,	-2.271292,	-0.911997
2.000000,	-7.111789,	-2.931717,	-0.877581
2.000000,	-7.643825,	-3.285239,	-0.796134
2.000000,	-7.595051,	-3.365201,	-0.684084
2.000000,	-7.059702,	-3.214954,	-0.544769
2.000000,	-6.168293,	-2.884562,	-0.392012
2.000000,	-5.029816,	-2.462859,	-0.233793
2.000000,	-3.767994,	-2.050916,	-0.064387
2.000000,	-2.581112,	-1.486368,	0.044718
2.000000,	-1.423574,	-0.894690,	0.106697
2.000000,	-0.350079,	-0.331201,	0.162213
2.000000,	0.591997,	0.162570,	0.199430
2.000000,	1.359862,	0.565830,	0.226189
2.000000,	1.928249,	0.866601,	0.237035
2.000000,	2.287632,	1.061047,	0.231173
2.000000,	2.460302,	1.091169,	0.231443
2.000000,	-232.674861,	-148.234443,	46.995035
2.000000,	-212.030627,	-167.041028,	-24.161909
2.000000,	-213.406442,	-101.034228,	-3.887048
2.000000,	-153.217196,	-64.383980,	-36.238617
2.000000,	-94.610114,	-7.262589,	-34.959228
2.000000,	-12.352281,	26.809389,	-28.827524
2.000000,	61.337745,	60.591313,	-0.837539
2.000000,	128.608476,	73.120620,	28.744204
2.000000,	167.216090,	78.328780,	14.830956
2.000000,	172.572748,	97.735918,	27.817322
2.000000,	179.526186,	95.578884,	25.574785
2.000000,	172.932603,	88.268531,	25.897470
2.000000,	153.872591,	77.263058,	17.693461
2.000000,	123.262431,	64.160484,	17.039212
2.000000,	90.825329,	45.875171,	11.344709
2.000000,	53.753243,	26.951153,	8.143180
2.000000,	18.884606,	10.716664,	0.685560
2.000000,	-11.460231,	-4.527334,	0.028094
2.000000,	-34.949548,	-18.633996,	-7.387328
2.000000,	-55.150619,	-26.262513,	-7.007388
2.000000,	-65.579836,	-34.344231,	-9.759215
2.000000,	-71.865980,	-38.098224,	-9.689110
2.000000,	-72.654662,	-39.025880,	-10.673090
2.000000,	-69.476032,	-35.985250,	-9.294830
2.000000,	-61.143282,	-31.689044,	-8.006238
2.000000,	-49.857162,	-25.816305,	-5.936783
2.000000,	-36.820214,	-18.995232,	-4.546273
2.000000,	-23.402739,	-11.302451,	-2.902421
2.000000,	-9.899430,	-4.021682,	-1.201121
2.000000,	2.608315,	2.360967,	0.516547
2.000000,	13.196146,	7.585170,	1.824189
2.000000,	21.329774,	11.609986,	3.024761
2.000000,	26.894921,	14.263373,	3.691710
2.000000,	29.768038,	15.687787,	4.089192
2.000000,	30.253487,	15.859319,	4.117954
2.000000,	28.676164,	14.899478,	3.903580
2.000000,	25.386824,	13.021424,	3.421108
2.000000,	20.769735,	10.536895,	2.759195
2.000000,	15.324817,	7.729358,	1.935068
2.000000,	9.594491,	4.782734,	1.188633
2.000000,	4.015681,	1.850470,	0.357282
2.000000,	-1.103144,	-0.777171,	-0.261723
2.000000,	-5.405084,	-3.032592,	-0.873237
2.000000,	-8.793605,	-4.722671,	-1.279563
2.000000,	-11.083414,	-5.878138,	-1.573749
2.000000,	-190.193103,	29.686025,	-127.521152
2.000000,	-88.594948,	-4.159474,	26.005407
2.000000,	-8.159790,	-71.632544,	36.535272
2.000000,	12.982768,	-69.465253,	49.944397
2.000000,	28.845375,	-62.988702,	37.805705
2.000000,	32.568002,	-49.466565,	33.288283
2.000000,	35.494096,	-31.284036,	24.798798
2.000000,	35.560838,	-9.771831,	15.341128
2.000000,	33.158426,	6.267975,	7.943822
2.000000,	30.563780,	11.990074,	3.339485
2.000000,	26.941665,	11.909640,	0.319283
2.000000,	21.362484,	10.488076,	-0.708103
2.000000,	14.794672,	7.983592,	-1.013827
2.000000,	161.054867,	-13.346488,	-78.327462
2.000000,	114.505397,	2.826289,	-59.557482
2.000000,	44.606292,	16.923518,	-10.722168
2.000000,	-17.480462,	37.085327,	34.092682
2.000000,	-28.093120,	23.614931,	32.928788
2.000000,	-27.758115,	-0.282960,	13.071004
2.000000,	-36.498942,	-15.476984,	4.571149
2.000000,	-42.401475,	-19.849531,	-0.297692
2.000000,	-44.423078,	-20.989197,	-1.087322
2.000000,	-44.059169,	-21.123157,	-0.400694
2.000000,	-41.326793,	-20.565402,	0.658089
2.000000,	-36.948898,	-19.291723,	1.729636
2.000000,	-31.517814,	-17.538235,	2.754373
2.000000,	-25.922492,	-15.182518,	3.102314
2.000000,	-20.515194,	-11.459591,	3.477303
2.000000,	-15.010301,	-8.219219,	3.444924
2.000000,	-9.495565,	-5.493628,	3.203809
2.000000,	-4.505242,	-2.992912,	2.920684
2.000000,	0.116082,	-1.117187,	2.782388
2.000000,	4.041922,	0.438922,	2.517008
2.000000,	7.562374,	1.523303,	1.959021
2.000000,	9.780078,	2.366896,	1.516945
2.000000,	10.938886,	2.905693,	1.361025
2.000000,	11.186756,	3.120180,	1.150459
2.000000,	10.587001,	3.003057,	0.936805
2.000000,	9.336926,	2.620460,	0.714501
2.000000,	7.546935,	2.236113,	0.434829
2.000000,	5.308772,	2.091738,	0.005404
2.000000,	3.241816,	1.667345,	-0.515685
2.000000,	1.449712,	1.054096,	-0.899776
2.000000,	-0.096715,	0.461980,	-1.044380
2.000000,	-1.374736,	0.169078,	-1.153461
2.000000,	-2.212193,	-0.146932,	-1.078582
2.000000,	-2.703538,	-0.373290,	-0.839013
2.000000,	-2.862448,	-0.558644,	-0.546913
2.000000,	-2.785651,	-0.657580,	-0.323846
2.000000,	-2.520998,	-0.675510,	-0.148502
2.000000,	-2.102309,	-0.615515,	-0.016485
2.000000,	-1.632425,	-0.508022,	0.061002
2.000000,	-1.152093,	-0.371146,	0.097757
2.000000,	-0.691325,	-0.218697,	0.103606
2.000000,	-0.273803,	-0.062910,	0.092083
2.000000,	383.380362,	-24.091287,	165.856933
2.000000,	304.666431,	-105.640995,	110.399295
2.000000,	121.000409,	-93.954269,	110.137624
0.000000,	-114.307439,	-137.209730,	-75.767159
0.000000,	-220.040458,	-15.853224,	-48.357601
0.000000,	-165.631884,	71.410201,	-79.146389
0.000000,	-148.319598,	113.478370,	-52.265656
0.000000,	-146.654191,	74.437496,	-78.592790
0.000000,	-136.293760,	5.998959,	-64.615226
0.000000,	-110.248174,	-39.301338,	-22.427706
0.000000,	-76.342514,	-37.278280,	-6.745255
0.000000,	-42.721393,	-18.657737,	-4.666217
0.000000,	-11.568197,	-2.497631,	-2.802634
0.000000,	13.782493,	10.681856,	-1.148856
0.000000,	34.688482,	18.863509,	3.259499
0.000000,	49.652941,	27.050382,	6.492637
0.000000,	61.321895,	33.034020,	8.171424
0.000000,	69.194262,	36.909302,	10.324008
0.000000,	72.702443,	38.931684,	10.434217
0.000000,	73.017576,	38.784019,	10.942796
0.000000,	69.693524,	37.135106,	9.997953
0.000000,	64.193041,	33.732202,	9.422083
0.000000,	55.560348,	29.376111,	7.961599
2.000000,	185.588686,	281.718525,	16.731894
2.000000,	175.043000,	277.852429,	-1.840452
2.000000,	149.075008,	218.248752,	60.748972
2.000000,	135.320178,	-272.625403,	87.811956
2.000000,	120.494259,	-438.017595,	-100.426377
2.000000,	-166.828399,	-414.525057,	-77.824946
0.000000,	116.797885,	-87.014017,	-46.201295
0.000000,	76.271727,	139.475025,	108.795721
0.000000,	-49.092571,	186.548984,	-35.528182
0.000000,	-105.330055,	197.206777,	-17.549157
0.000000,	-176.710416,	-45.593817,	-40.291489
0.000000,	-178.310170,	-110.938982,	-0.743691
0.000000,	-170.265859,	-100.935145,	-20.952817
0.000000,	-154.630577,	-83.887657,	-12.833975
0.000000,	-130.115210,	-69.062107,	-12.197505
0.000000,	-100.483917,	-50.124220,	-10.344888
0.000000,	-68.840069,	-32.394992,	-9.009960
0.000000,	-37.770007,	-16.688901,	-6.837809
2.000000,	73.986498,	242.859332,	-274.250744
2.000000,	72.113243,	164.211652,	-229.906822
2.000000,	92.419213,	-96.665113,	39.481637
1.000000,	-254.694621,	-241.048245,	30.200010
2.000000,	144.947304,	36.270501,	-127.225230
2.000000,	110.796013,	22.490733,	-173.977419
2.000000,	142.971304,	117.623974,	-26.986080
2.000000,	150.420582,	62.177931,	193.132715
2.000000,	60.112127,	112.817900,	81.334334
2.000000,	5.905414,	106.429190,	1.121182
2.000000,	11.179800,	86.910233,	18.518559
2.000000,	-20.393780,	60.330686,	14.783343
2.000000,	-66.552050,	45.100606,	2.092557
2.000000,	-97.674405,	37.072598,	-0.304609
2.000000,	-156.171612,	35.730615,	-26.696880
2.000000,	-187.374889,	-24.434943,	-21.545923
2.000000,	-119.633911,	-19.720058,	9.032587
2.000000,	-42.052378,	-6.109349,	9.216735
2.000000,	-16.386656,	-16.355188,	-6.781868
2.000000,	-14.076556,	-25.516102,	1.868847
2.000000,	-4.489988,	-19.275346,	6.858427
2.000000,	3.104156,	-12.570752,	6.388747
2.000000,	3.756014,	-8.617234,	4.398558
2.000000,	3.061770,	-6.979191,	2.663482
2.000000,	1.994773,	-4.965445,	1.134908
2.000000,	0.738516,	-6.799179,	3.124115
2.000000,	0.383507,	-6.977995,	2.732593
2.000000,	-0.050379,	-5.815071,	1.818391
2.000000,	-0.583678,	-4.335815,	1.169203
2.000000,	-0.902420,	-3.005961,	0.707371
2.000000,	-1.070747,	-2.033286,	0.476595
2.000000,	-1.103027,	-1.576540,	0.255339
2.000000,	-1.122586,	-0.951050,	-0.066139
2.000000,	-1.116486,	-0.352193,	-0.231233
2.000000,	-1.084992,	-0.088164,	-0.131217
2.000000,	-0.960697,	0.066681,	-0.040477
2.000000,	-0.788224,	0.182619,	0.019588
2.000000,	-0.640967,	0.260864,	0.056731
2.000000,	-0.532238,	0.304036,	0.076227
2.000000,	-0.449890,	0.315615,	0.088499
2.000000,	-0.390326,	0.307085,	0.091888
2.000000,	-0.349098,	0.285251,	0.088631
2.000000,	-0.321463,	0.254758,	0.080332
2.000000,	-0.302505,	0.219592,	0.069940
2.000000,	-0.287936,	0.183047,	0.058940
2.000000,	-0.276387,	0.157468,	0.018081
2.000000,	-0.271902,	0.123084,	-0.001824
2.000000,	-0.259506,	0.081887,	0.001511
2.000000,	-0.234978,	0.048975,	0.006466
2.000000,	-0.206952,	0.025749,	0.010649
2.000000,	-0.179233,	0.012145,	0.014901
2.000000,	-0.154181,	0.006088,	0.017632
2.000000,	-0.133013,	0.004925,	0.019064
2.000000,	25.024683,	-13.146767,	-16.052045
2.000000,	-0.642732,	24.069337,	6.853537
2.000000,	0.986750,	31.410615,	-2.486119
2.000000,	1.582017,	45.162696,	-9.542894
2.000000,	6.391150,	54.781264,	-4.471988
2.000000,	18.053594,	55.915027,	-3.857427
2.000000,	35.900692,	54.433545,	2.932453
2.000000,	55.804321,	52.284196,	-0.694993
2.000000,	71.319426,	36.986107,	12.094392
2.000000,	75.865114,	20.861761,	17.179501
2.000000,	73.776031,	9.077618,	19.164533
2.000000,	59.505218,	-7.081574,	22.854113
2.000000,	37.060831,	-10.857782,	17.129619
2.000000,	8.726091,	-8.418379,	10.869248
2.000000,	-18.043078,	-15.049197,	1.291377
2.000000,	-41.999229,	-33.518492,	5.546151
2.000000,	-57.925358,	-21.511616,	-8.033091
2.000000,	-70.683283,	-39.765057,	-13.133117
2.000000,	-79.449451,	-41.221350,	-12.322643
2.000000,	-80.978954,	-42.175678,	-11.350393
2.000000,	-76.798882,	-39.846260,	-8.067201
2.000000,	-67.359968,	-35.329196,	-5.983264
2.000000,	-54.825663,	-29.471663,	-5.398319
2.000000,	-41.560454,	-23.029942,	-3.165510
2.000000,	-27.552318,	-15.799820,	-1.280048
2.000000,	-14.301283,	-8.316346,	-0.352145
2.000000,	-3.193427,	-1.842383,	1.254877
2.000000,	6.076595,	3.626962,	2.010167
2.000000,	12.362558,	9.502033,	1.834258
2.000000,	17.451609,	11.900223,	0.922794
2.000000,	21.673712,	12.331580,	2.042714
2.000000,	23.972771,	12.868379,	2.999655
2.000000,	24.668968,	13.018828,	3.236300
2.000000,	24.054069,	12.610040,	3.084714
2.000000,	22.332522,	11.665167,	2.741188
2.000000,	19.916016,	10.139799,	2.562402
2.000000,	16.797878,	8.543215,	2.178559
2.000000,	13.206194,	6.760526,	1.555198
2.000000,	9.448996,	4.755494,	0.881912
2.000000,	5.654642,	2.612114,	0.359700
2.000000,	30.024579,	17.202678,	11.487837
2.000000,	115.987712,	-251.962101,	-121.667423
2.000000,	8.220171,	-140.627015,	-110.273210
2.000000,	-97.616049,	-41.555914,	-61.875317
2.000000,	-212.178456,	13.734573,	70.192932
2.000000,	-30.965071,	35.171620,	57.645941
2.000000,	28.675619,	43.970980,	-25.367473
2.000000,	11.866907,	43.578072,	10.713833
2.000000,	26.106114,	41.439413,	3.014666
2.000000,	28.524775,	35.258755,	6.614513
2.000000,	30.349838,	31.533493,	6.861588
2.000000,	31.185950,	28.453392,	5.746241
2.000000,	29.477570,	24.917977,	5.256499
2.000000,	26.120660,	21.034914,	4.648041
2.000000,	20.133291,	17.890021,	3.791714
2.000000,	15.884155,	15.698813,	0.625312
2.000000,	15.502169,	11.378942,	1.724046
2.000000,	13.046897,	7.934132,	1.652711
2.000000,	9.312672,	5.804991,	0.859805
2.000000,	5.866507,	3.409796,	0.610202
2.000000,	2.638292,	1.682213,	0.306021
2.000000,	-0.149259,	0.100655,	-0.024683
2.000000,	-2.487957,	-1.069615,	-0.514287
2.000000,	-4.292975,	-2.192828,	-0.808488
2.000000,	-5.634213,	-3.027930,	-0.877670
2.000000,	-6.469874,	-3.444762,	-0.941062
2.000000,	-6.784000,	-3.661501,	-0.921294
2.000000,	-6.657961,	-3.617115,	-0.836903
2.000000,	-6.194433,	-3.387469,	-0.824842
2.000000,	-5.497211,	-3.043631,	-0.678709
2.000000,	-4.608526,	-2.539062,	-0.515196
2.000000,	-3.599732,	-1.967799,	-0.350823
2.000000,	-2.545023,	-1.375610,	-0.187119
2.000000,	-1.512179,	-0.794495,	-0.037729
2.000000,	-0.556848,	-0.248597,	0.087719
2.000000,	0.283854,	0.222283,	0.191125
2.000000,	0.979677,	0.611453,	0.267547
2.000000,	1.515271,	0.907663,	0.317204
2.000000,	1.886189,	1.107735,	0.341424
2.000000,	2.098053,	1.217303,	0.343329
2.000000,	2.163451,	1.243234,	0.325470
2.000000,	113.633670,	112.342112,	177.352799
2.000000,	97.671737,	-25.262644,	152.696313
2.000000,	41.453458,	-292.152563,	85.262111
2.000000,	12.771053,	-339.458506,	40.399229
2.000000,	0.411054,	-201.640928,	-107.993473
2.000000,	-111.961736,	92.631955,	-44.225035
2.000000,	-37.980629,	23.464805,	-35.108715
2.000000,	37.233243,	-47.245417,	-39.512490
2.000000,	16.485477,	-107.380915,	-132.859726
2.000000,	-66.130147,	-47.685729,	-100.976120
2.000000,	-150.611103,	111.884767,	-34.453986
2.000000,	-187.798443,	-57.278755,	-134.961865
2.000000,	-203.042439,	-100.664589,	-106.167676
1.000000,	-97.900147,	-264.617654,	-58.141646
1.000000,	-123.615756,	-177.263888,	9.070198
2.000000,	-46.192756,	-49.068123,	-34.974873
2.000000,	-31.871012,	-31.707332,	-2.155322
2.000000,	-18.938798,	-42.860994,	11.096554
2.000000,	-6.688590,	-54.911880,	16.387071
2.000000,	24.824340,	-62.036305,	35.260748
2.000000,	78.446010,	-5.105124,	55.133748
2.000000,	145.531102,	-51.505756,	29.682821
2.000000,	165.195469,	-76.892486,	-39.027468
2.000000,	98.353094,	27.758303,	-19.953367
2.000000,	58.757423,	6.609837,	9.903344
2.000000,	52.132781,	-9.182005,	3.791335
2.000000,	35.082689,	-7.621390,	4.799034
2.000000,	22.466074,	-7.742612,	0.057559
2.000000,	12.168230,	-7.565852,	-0.901556
2.000000,	5.524397,	-6.057987,	-0.858181
2.000000,	2.391830,	-4.687116,	-0.755332
2.000000,	1.312009,	-3.491192,	-0.074455
2.000000,	1.359906,	-2.493285,	0.341170
2.000000,	1.718270,	-1.467295,	0.581269
2.000000,	2.324042,	-0.611476,	0.650002
2.000000,	3.014312,	0.074963,	0.629869
2.000000,	3.689958,	0.555806,	0.505394
2.000000,	4.011438,	1.033932,	0.446476
2.000000,	4.172093,	1.422886,	0.437274
2.000000,	4.158797,	1.712794,	0.379173
2.000000,	4.004653,	1.892139,	0.331018
2.000000,	3.733484,	1.964525,	0.283932
2.000000,	3.365653,	1.940766,	0.235181
2.000000,	2.912959,	1.845091,	0.195723
2.000000,	2.409993,	1.681748,	0.150477
2.000000,	1.889917,	1.443601,	0.080149
2.000000,	1.352749,	1.158809,	0.016408
2.000000,	0.822054,	0.846742,	-0.036135
2.000000,	0.316633,	0.533183,	-0.076911
2.000000,	-0.137143,	0.226781,	-0.106096
2.000000,	-0.528667,	-0.052963,	-0.122307
2.000000,	-0.836100,	-0.294052,	-0.127651
2.000000,	-1.080041,	-0.471090,	-0.104411
2.000000,	-1.235956,	-0.606399,	-0.093248
2.000000,	-1.295328,	-0.714586,	-0.079009
2.000000,	-1.296656,	-0.780212,	-0.067429
2.000000,	-1.267237,	-0.790940,	-0.062698
2.000000,	-1.190970,	-0.765474,	-0.054973
2.000000,	-1.070745,	-0.711529,	-0.044600
2.000000,	-0.917540,	-0.635632,	-0.031649
2.000000,	-0.742146,	-0.544179,	-0.020763
2.000000,	-0.547642,	-0.449664,	-0.004602
2.000000,	-0.350410,	-0.354134,	0.009747
2.000000,	-0.165479,	-0.247225,	0.019915
2.000000,	0.001587,	-0.139992,	0.028946
2.000000,	0.148000,	-0.039271,	0.034502
2.000000,	0.271255,	0.051842,	0.038489
2.000000,	0.368675,	0.129633,	0.040001
2.000000,	319.410085,	-219.611705,	278.941885
2.000000,	201.749424,	-215.754461,	149.380033
2.000000,	80.776646,	-132.501937,	-50.934958
2.000000,	39.308619,	80.430556,	-71.419227
2.000000,	-151.792257,	75.899004,	-167.829363
2.000000,	-225.740274,	183.630696,	18.998684
2.000000,	-36.103281,	181.336621,	-24.496361
2.000000,	-7.650818,	79.208678,	-35.576446
2.000000,	-7.713772,	17.488882,	-15.883816
2.000000,	-16.370626,	0.317751,	-6.795435
2.000000,	-21.495840,	-8.509674,	-6.896395
2.000000,	-25.121950,	-13.042814,	-5.972403
2.000000,	-26.966955,	-14.529365,	-5.279691
2.000000,	-27.194854,	-14.838720,	-4.768137
2.000000,	-26.068454,	-14.470878,	-4.114890
2.000000,	-23.906117,	-13.541906,	-3.364559
2.000000,	-21.027466,	-12.206698,	-2.707168
2.000000,	-17.761821,	-10.542656,	-2.038306
2.000000,	-14.340049,	-8.781864,	-1.459318
2.000000,	-10.982734,	-6.898919,	-0.959123
2.000000,	-7.741470,	-4.878490,	-0.562838
2.000000,	-4.657200,	-3.096062,	-0.114863
2.000000,	-1.905435,	-1.519307,	-0.042278
2.000000,	0.367757,	-0.172238,	0.122926
2.000000,	2.226534,	0.980711,	0.345130
2.000000,	3.712620,	1.882863,	0.513030
2.000000,	4.773184,	2.619049,	0.601033
2.000000,	-158.254893,	57.942042,	-204.878548
2.000000,	-172.319948,	28.943747,	-105.504016
2.000000,	-170.191428,	34.331776,	86.978733
2.000000,	-78.818012,	50.655931,	49.234129
2.000000,	-93.642822,	36.316755,	40.441307
2.000000,	-68.320462,	14.450932,	43.395590
2.000000,	-20.994485,	-17.186496,	-14.763457
2.000000,	55.163628,	-28.147611,	-88.050259
2.000000,	66.643320,	-108.994630,	-185.400270
2.000000,	65.931300,	-49.602735,	44.811184
2.000000,	74.660171,	-1.948974,	72.744678
2.000000,	72.473975,	44.846757,	20.517147
2.000000,	79.316202,	53.329200,	6.731660
2.000000,	84.296142,	49.677935,	5.708379
2.000000,	82.785280,	45.182779,	5.580139
2.000000,	76.102362,	38.562020,	4.953684
2.000000,	65.037801,	33.265339,	4.694479
2.000000,	52.912430,	28.483675,	4.190538
2.000000,	41.080004,	22.999790,	2.821987
2.000000,	-381.108941,	36.543361,	-184.624085
2.000000,	-299.062142,	40.723753,	-112.065250
2.000000,	-155.965985,	-2.970299,	72.280623
2.000000,	-28.706624,	-121.889566,	92.711147
2.000000,	79.515269,	-207.883641,	100.683302
2.000000,	151.997956,	-274.727689,	72.918996
2.000000,	144.537878,	-97.548344,	-27.361981
2.000000,	7.610298,	39.447138,	-36.809477
2.000000,	28.753641,	77.682646,	40.725448
2.000000,	27.664505,	66.742029,	83.891826
2.000000,	-15.240216,	48.888084,	92.801356
2.000000,	-49.655090,	49.235921,	66.672756
2.000000,	-42.761128,	33.316457,	38.914480
2.000000,	-15.288453,	25.033057,	18.491055
2.000000,	13.634752,	16.799269,	1.627333
2.000000,	34.740757,	14.637831,	-6.828622
2.000000,	46.207821,	14.713459,	-6.577427
2.000000,	47.270788,	14.101281,	-3.147941
2.000000,	40.880040,	11.008258,	-3.650484
2.000000,	34.553578,	9.470785,	-2.370488
2.000000,	28.465117,	10.466638,	4.149911
2.000000,	25.643951,	7.330393,	0.341712
2.000000,	21.215656,	6.970872,	-3.506347
2.000000,	19.581469,	7.886492,	-1.973839
2.000000,	17.474424,	8.276509,	0.152819
2.000000,	14.987227,	9.433195,	4.257415
2.000000,	13.745731,	9.761009,	1.742410
2.000000,	10.636452,	12.946185,	1.775652
2.000000,	9.620502,	13.659550,	1.238286
2.000000,	8.722575,	14.029352,	0.632316
2.000000,	7.612790,	14.541519,	0.226839
2.000000,	6.672024,	13.961727,	-0.351963
2.000000,	5.249642,	12.531722,	-0.647591
2.000000,	3.712132,	10.319453,	-1.204950
2.000000,	1.907788,	6.638969,	-0.234061
2.000000,	-0.121498,	3.114906,	-0.382321
2.000000,	-2.238903,	0.285631,	-0.344670
2.000000,	-4.150985,	-1.779156,	0.086685
2.000000,	-5.722224,	-3.274163,	-0.153136
2.000000,	-6.973440,	-4.269252,	-0.343823
2.000000,	-7.713641,	-4.759873,	-0.265625
2.000000,	-7.849146,	-5.048990,	-0.265402
2.000000,	151.815369,	-206.028715,	340.363546
2.000000,	69.756491,	-199.094681,	109.203153
2.000000,	-22.048009,	-150.545284,	-126.463365
2.000000,	-2.082215,	67.604748,	-92.435728
2.000000,	-2.338111,	161.968202,	-102.477970
2.000000,	-93.782243,	80.381750,	-55.035209
2.000000,	-28.456908,	160.104184,	61.060459
2.000000,	53.492302,	180.608034,	14.008340
2.000000,	61.200078,	127.255524,	-2.284134
2.000000,	57.643846,	68.233941,	-0.200936
2.000000,	45.775921,	34.318496,	0.757353
2.000000,	15.074371,	8.253099,	-2.014649
2.000000,	-19.619752,	-8.195361,	-6.407928
2.000000,	-50.612728,	-14.680826,	-11.122326
2.000000,	-67.713177,	-17.594441,	-17.810662
2.000000,	-73.637251,	-12.700108,	-20.791161
2.000000,	-66.939114,	-7.477536,	-16.235311
2.000000,	-51.003042,	-3.848682,	-11.500701
2.000000,	-32.587183,	-3.035225,	-4.553037
2.000000,	-16.376599,	-3.731119,	0.286109
2.000000,	-4.670128,	-4.921909,	3.252220
2.000000,	2.245838,	-5.172819,	4.750897
2.000000,	4.777922,	-3.268032,	1.415367
2.000000,	5.306811,	-1.130473,	1.989585
2.000000,	5.887603,	0.293117,	1.316575
2.000000,	6.201104,	1.356648,	1.279277
2.000000,	6.678690,	2.436916,	1.237794
2.000000,	6.905688,	3.022187,	0.991122
2.000000,	6.705439,	3.227571,	0.829647
2.000000,	6.071328,	3.122097,	0.669688
2.000000,	5.074171,	2.778930,	0.504526
2.000000,	3.898771,	2.307205,	0.324450
2.000000,	2.657644,	1.787870,	0.172470
2.000000,	1.467638,	1.266281,	0.038851
2.000000,	0.414120,	0.784387,	-0.067205
2.000000,	130.586021,	-13.814384,	-13.910656
2.000000,	71.137327,	-0.546414,	-21.301120
2.000000,	41.974159,	-3.188839,	-17.705095
2.000000,	37.062272,	122.403683,	-170.056250
2.000000,	27.402602,	71.403152,	-224.574573
2.000000,	-114.069592,	142.166268,	22.577230
2.000000,	-33.916306,	134.594422,	82.344029
2.000000,	151.413949,	0.681642,	101.232018
2.000000,	148.332799,	-108.955299,	-31.946381
2.000000,	-17.482554,	-20.809454,	-12.408693
2.000000,	-87.513636,	17.404189,	-16.924527
2.000000,	-61.861331,	-20.791203,	17.147940
2.000000,	-58.534109,	-55.192360,	-25.397812
2.000000,	-95.817228,	-38.490480,	-5.563313
2.000000,	-86.610794,	-47.640531,	-16.753909
2.000000,	-85.893493,	-41.670026,	-8.318554
2.000000,	-73.039301,	-40.523172,	-10.179935
2.000000,	-63.292009,	-32.269734,	-7.203019
2.000000,	-48.069824,	-24.217163,	-6.228050
2.000000,	-31.778017,	-14.793889,	-3.630731
2.000000,	-14.517987,	-6.209406,	-1.657689
2.000000,	1.121683,	1.660147,	0.309045
2.000000,	14.443889,	8.128453,	2.095144
2.000000,	24.642717,	13.172380,	3.260646
2.000000,	31.614425,	16.739189,	4.304436
2.000000,	35.632768,	18.581570,	4.751941
2.000000,	36.600024,	18.981945,	4.911508
2.000000,	34.902445,	18.139745,	4.660842
2.000000,	31.171552,	16.165368,	4.213358
2.000000,	25.910927,	13.211894,	3.406805
2.000000,	19.430773,	9.804626,	2.494837
2.000000,	12.478931,	6.198291,	1.524225
2.000000,	5.622158,	2.649768,	0.600351
2.000000,	-0.681285,	-0.605971,	-0.254113
2.000000,	-6.085830,	-3.368118,	-0.958550
2.000000,	-10.322773,	-5.521636,	-1.502420
2.000000,	-13.263722,	-6.995634,	-1.858973
2.000000,	-14.878149,	-7.781418,	-2.043204
2.000000,	131.340852,	159.125958,	4.268599
2.000000,	174.161908,	116.262405,	26.695015
2.000000,	176.709634,	49.590091,	42.110481
2.000000,	134.760534,	19.013913,	23.014802
2.000000,	69.443844,	-6.294421,	7.785537
2.000000,	-2.423314,	-8.086352,	-9.462657
2.000000,	-56.825523,	-18.955453,	-16.818383
2.000000,	-95.211454,	-34.688433,	-17.654283
2.000000,	-118.466605,	-42.028354,	-35.419616
2.000000,	-131.912245,	-37.023988,	-25.753216
2.000000,	-122.770209,	-41.792985,	-26.375519
2.000000,	-111.670375,	-43.628754,	-13.427958
2.000000,	-96.844617,	-42.209609,	-10.280700
2.000000,	-81.741306,	-35.884928,	-5.821218
2.000000,	-63.949858,	-27.617472,	-4.062952
2.000000,	-44.428655,	-17.459197,	-1.487085
2.000000,	-23.411034,	-7.363889,	-3.642207
2.000000,	-2.890541,	1.498673,	-2.495543
2.000000,	14.932514,	7.785081,	1.338460
2.000000,	27.756695,	12.775727,	3.806440
2.000000,	36.727815,	16.694057,	4.490769
2.000000,	40.987269,	19.173985,	4.686029
2.000000,	41.728749,	20.012789,	4.285148
2.000000,	40.148735,	19.583981,	3.791103
2.000000,	36.857514,	18.146621,	2.930565
2.000000,	32.002201,	15.444600,	2.332313
2.000000,	25.681870,	11.776099,	1.731017
2.000000,	17.840534,	6.579597,	1.295143
2.000000,	8.942760,	2.198548,	0.762369
2.000000,	0.436175,	-1.446649,	-0.183509
2.000000,	-7.110616,	-4.319444,	-1.139663
2.000000,	-13.264365,	-6.288367,	-2.330451
2.000000,	-17.104974,	-7.527674,	-2.655360
2.000000,	-18.658765,	-7.990850,	-2.744951
2.000000,	-18.436466,	-7.705540,	-2.530144
2.000000,	-16.783243,	-6.847827,	-2.154574
2.000000,	-14.068440,	-5.602686,	-1.658660
2.000000,	-10.696351,	-4.142897,	-1.108059
2.000000,	-7.057493,	-2.621413,	-0.566808
2.000000,	-3.493682,	-1.153061,	-0.080037
2.000000,	-0.272590,	0.152913,	0.311643
2.000000,	2.410962,	1.231990,	0.600184
2.000000,	4.444058,	2.040834,	0.781878
2.000000,	5.785431,	2.561331,	0.863317
2.000000,	6.451512,	2.799245,	0.862990
2.000000,	6.507135,	2.780249,	0.796020
2.000000,	6.049670,	2.547324,	0.682893
2.000000,	5.199265,	2.152527,	0.537594
2.000000,	-139.399583,	146.771149,	-213.095359
2.000000,	42.500732,	76.638830,	-18.501215
2.000000,	94.850970,	-4.535661,	68.964942
2.000000,	54.182267,	-31.897808,	80.236500
2.000000,	-13.251290,	-37.773710,	66.585430
2.000000,	-46.643673,	-31.555663,	36.343124
2.000000,	86.559929,	-38.718274,	255.507017
2.000000,	-1.395704,	64.451801,	60.641821
2.000000,	-3.578102,	42.523107,	13.468915
2.000000,	-58.734510,	68.814972,	-99.859496
2.000000,	-22.819301,	76.475547,	-58.882608
2.000000,	9.307658,	96.091157,	-24.399960
2.000000,	20.230023,	93.452740,	-2.294356
2.000000,	18.110577,	77.940926,	9.077188
2.000000,	19.485530,	55.587432,	12.035987
2.000000,	15.499046,	33.126281,	9.115308
2.000000,	10.884890,	10.206931,	6.292982
2.000000,	10.197406,	-6.728337,	3.363561
2.000000,	10.175164,	-17.742386,	-8.415329
2.000000,	-3.106005,	-20.398009,	-15.805225
2.000000,	-14.079987,	-12.384162,	-9.153463
2.000000,	-19.099071,	13.669713,	-2.941413
2.000000,	-15.558118,	32.035769,	3.283733
2.000000,	-8.394195,	34.682970,	3.603315
2.000000,	-9.044944,	30.061842,	0.868208
2.000000,	-8.597804,	16.956266,	2.600700
2.000000,	-9.652976,	6.238168,	0.437082
2.000000,	-12.377451,	-3.179590,	-1.210977
2.000000,	-13.413607,	-3.283547,	-5.405853
2.000000,	-14.864630,	0.402722,	-3.644088
2.000000,	-13.931489,	1.251431,	-2.406625
2.000000,	-10.153970,	-0.579084,	0.007649
2.000000,	-5.987071,	-2.695223,	1.169632
2.000000,	-3.060042,	-2.840884,	1.239656
2.000000,	-1.532900,	-2.801114,	1.091048
2.000000,	-0.607317,	-2.716507,	1.214854
2.000000,	0.062119,	-2.594182,	1.150898
2.000000,	0.448536,	-2.367071,	1.011704
2.000000,	0.615834,	-2.056749,	0.839660
2.000000,	-235.245379,	183.938398,	-211.099253
2.000000,	-215.608979,	87.548571,	-105.265297
2.000000,	-128.976972,	-28.522869,	26.807774
2.000000,	-47.399743,	-91.943224,	84.860679
2.000000,	30.267247,	-137.672468,	39.315586
2.000000,	56.713208,	-96.737252,	31.144335
2.000000,	82.314705,	-47.204856,	42.312859
2.000000,	91.914837,	-14.026420,	30.872711
2.000000,	89.011961,	3.588397,	21.828749
2.000000,	80.485860,	9.322516,	11.805523
2.000000,	64.460312,	16.471676,	4.241464
2.000000,	51.205829,	21.806641,	-3.431327
2.000000,	40.118147,	24.399132,	-3.891785
2.000000,	31.307062,	23.684427,	-3.110366
2.000000,	24.225009,	21.562531,	-1.920621
2.000000,	18.387037,	18.704738,	-1.584756
2.000000,	13.335745,	15.529615,	-1.325282
2.000000,	9.176942,	11.670232,	-0.971781
2.000000,	6.331272,	7.183854,	-0.520175
2.000000,	3.315061,	3.788006,	-0.298610
2.000000,	0.356710,	0.943713,	0.027923
2.000000,	-2.646564,	-1.265818,	0.649784
2.000000,	-5.224782,	-2.916251,	0.584952
2.000000,	-6.955177,	-4.023367,	0.291789
2.000000,	-8.083205,	-5.038043,	0.577912
2.000000,	-8.418888,	-5.734240,	0.474098
2.000000,	-8.551088,	-5.924413,	0.298832
2.000000,	-8.366459,	-5.781262,	0.191765
2.000000,	-7.854805,	-5.416781,	0.167883
2.000000,	-7.061299,	-4.921016,	0.153010
2.000000,	-6.073708,	-4.333826,	0.133473
2.000000,	-4.984306,	-3.663792,	0.106173
2.000000,	-3.852859,	-2.972523,	0.072965
2.000000,	-2.742358,	-2.272823,	0.016858
2.000000,	-1.697724,	-1.558161,	-0.085090
2.000000,	-0.732011,	-0.971040,	-0.031423
2.000000,	0.098593,	-0.497258,	0.008567
2.000000,	0.755416,	-0.103372,	0.025694
2.000000,	1.235767,	0.287829,	-0.060679
2.000000,	1.577647,	0.618340,	-0.108212
2.000000,	1.800648,	0.853390,	-0.114835
2.000000,	1.913230,	1.002839,	-0.107369
2.000000,	1.932581,	1.076420,	-0.096084
2.000000,	1.869296,	1.089303,	-0.083335
2.000000,	1.738749,	1.054799,	-0.068948
2.000000,	1.559045,	0.982846,	-0.054725
2.000000,	1.343983,	0.882964,	-0.045604
2.000000,	1.110049,	0.765104,	-0.036280
2.000000,	-72.979942,	-156.225633,	336.064824
2.000000,	-122.840979,	-145.520273,	194.639498
0.000000,	-50.342669,	-290.297581,	-130.274528
2.000000,	-30.704666,	-155.696941,	-69.871027
2.000000,	-315.614512,	21.893652,	-145.819337
2.000000,	-301.407269,	136.410633,	-111.629913
2.000000,	-0.386276,	29.899540,	-116.661106
2.000000,	72.581933,	13.280981,	-51.570034
2.000000,	102.069020,	-6.357956,	5.282475
2.000000,	99.424844,	-8.928866,	7.752546
0.000000,	64.438676,	107.066050,	29.854626
0.000000,	81.471828,	159.068210,	62.867778
2.000000,	83.788801,	-8.541263,	10.507964
2.000000,	80.501182,	-12.396745,	-21.203782
0.000000,	90.792709,	234.709653,	8.789415
2.000000,	-22.688204,	-148.317634,	-188.055309
2.000000,	-284.903049,	120.351308,	0.833155
2.000000,	-227.258391,	141.963686,	-0.813210
2.000000,	-103.479462,	76.013291,	36.136688
2.000000,	17.398049,	-7.617201,	42.932451
1.000000,	-67.807045,	-66.922673,	-66.016685
0.000000,	-62.228451,	-162.678068,	-57.052083
0.000000,	172.669912,	-51.087977,	29.337914
0.000000,	67.541751,	32.438785,	-12.263459
0.000000,	46.737335,	22.710730,	10.269775
0.000000,	48.741461,	38.613948,	7.126104
0.000000,	66.213220,	37.089629,	15.540553
0.000000,	73.028716,	45.712591,	9.454839
0.000000,	82.274428,	41.325675,	14.876158
0.000000,	79.711505,	46.279456,	9.186130
0.000000,	80.664798,	39.356485,	12.367491
0.000000,	72.179320,	39.522887,	8.789440
0.000000,	65.589969,	32.169068,	9.376925
0.000000,	53.701976,	27.947947,	6.943398
0.000000,	42.590140,	20.915657,	5.694048
0.000000,	29.985875,	15.091204,	3.430925
0.000000,	18.378567,	8.473035,	2.301158
0.000000,	6.838242,	3.421362,	0.315937
0.000000,	-2.676373,	-1.996260,	-0.395259
0.000000,	-11.264871,	-5.754224,	-1.964724
0.000000,	-17.554730,	-9.533392,	-2.277573
0.000000,	-22.695487,	-11.468513,	-3.366901
0.000000,	-25.628553,	-13.390401,	-3.322584
0.000000,	-27.482845,	-13.888481,	-3.947869
0.000000,	-27.413255,	-14.170022,	-3.476337
0.000000,	-26.547943,	-13.349964,	-3.665245
0.000000,	-24.445434,	-12.471058,	-3.025784
0.000000,	-21.870826,	-10.904347,	-2.920296
0.000000,	-18.550401,	-9.429740,	-2.260164
0.000000,	-15.132485,	-7.502306,	-1.996763
0.000000,	-11.393068,	-5.761233,	-1.335915
0.000000,	-7.841166,	-3.798831,	-1.019071
0.000000,	-4.301172,	-2.129468,	-0.423211
0.000000,	-1.174911,	-0.411829,	-0.139346
0.000000,	1.703087,	0.941030,	0.352862
0.000000,	4.033193,	2.234469,	0.543174
0.000000,	6.001006,	3.115525,	0.899544
0.000000,	140.528520,	68.811153,	67.391867
1.000000,	8.624724,	32.376448,	-87.418860
0.000000,	123.065114,	22.876231,	88.931568
1.000000,	-18.650919,	33.136273,	-85.867822
0.000000,	90.860874,	-3.625562,	105.795402
1.000000,	-38.412156,	46.059933,	-106.523436
0.000000,	62.931787,	-42.713185,	110.190899
1.000000,	-57.179446,	52.061775,	-117.398303
0.000000,	37.079337,	-78.075756,	126.233898
1.000000,	-65.318395,	60.887790,	-131.492231
0.000000,	18.763931,	-99.610835,	135.794254
1.000000,	-70.166898,	43.355707,	-134.450732
0.000000,	13.264052,	-85.968040,	136.580281
1.000000,	-87.421040,	21.468258,	-127.276142
0.000000,	13.423541,	-72.085601,	128.224719
1.000000,	-96.640901,	10.315754,	-120.977535
0.000000,	17.837947,	-63.325960,	123.136147
1.000000,	-94.392249,	7.099736,	-116.447858
0.000000,	26.824615,	-54.668248,	120.253233
1.000000,	-84.686276,	10.435668,	-114.092601
0.000000,	37.848956,	-49.287484,	122.663180
1.000000,	-70.575494,	20.495779,	-115.463004
0.000000,	48.489588,	-48.725530,	129.706218
1.000000,	-54.917777,	33.254798,	-119.688861
0.000000,	56.775429,	-50.602763,	137.119576
1.000000,	-41.812552,	45.005302,	-124.918642
0.000000,	61.737494,	-54.476541,	143.961709
1.000000,	-32.771905,	56.457444,	-130.705582
1.000000,	-117.466379,	-323.521392,	-99.209952
1.000000,	-121.987682,	-313.360326,	-124.959415
1.000000,	-131.568503,	-291.826695,	-114.584859
1.000000,	-167.347707,	-257.142987,	-56.069984
0.000000,	272.678935,	-273.693664,	23.751804
2.000000,	317.166237,	-222.168057,	2.723028
2.000000,	98.414897,	-164.809871,	61.079094
2.000000,	-99.572782,	-87.182239,	94.200855
2.000000,	-145.808052,	-161.468759,	24.718962
2.000000,	-188.780888,	-219.462850,	-76.359631
2.000000,	-309.506384,	-70.791173,	-86.887097
2.000000,	-318.683654,	30.060827,	-96.751356
2.000000,	-255.159159,	83.374679,	-44.649270
2.000000,	11.512565,	4.883122,	75.040866
2.000000,	97.403839,	-39.284988,	-34.594510
2.000000,	67.537693,	71.641112,	33.401305
2.000000,	127.880855,	87.005810,	6.566445
2.000000,	161.111075,	83.826441,	48.865195
2.000000,	174.574753,	86.284460,	-6.935002
2.000000,	156.157663,	86.289521,	57.725535
2.000000,	153.493157,	73.847288,	-23.600776
2.000000,	110.743987,	62.181747,	73.501227
2.000000,	101.200506,	36.271740,	-59.810970
2.000000,	28.337166,	40.080455,	98.349373
2.000000,	46.282085,	-14.390618,	-98.675327
2.000000,	-51.992763,	26.435775,	115.718952
2.000000,	3.371382,	-63.285009,	-122.339681
2.000000,	-105.302791,	17.766436,	110.228547
2.000000,	-25.477579,	-83.470258,	-116.765675
2.000000,	-117.384468,	6.247620,	89.059530
2.000000,	-36.134990,	-79.689939,	-95.843694
2.000000,	-101.640224,	1.387423,	66.307323
2.000000,	-27.294245,	-61.189860,	-70.224241
2.000000,	-68.188134,	4.049354,	46.682011
2.000000,	-6.936172,	-35.152377,	-45.697320
2.000000,	-27.926875,	10.895126,	32.539672
2.000000,	14.982497,	-9.716493,	-25.465195
2.000000,	7.034240,	17.097706,	22.204616
2.000000,	31.122243,	8.333641,	-10.936775
2.000000,	-551.550655,	1.949471,	-265.835636
2.000000,	-394.722047,	81.158289,	-114.274487
2.000000,	-222.388839,	23.871870,	75.939213
2.000000,	18.951792,	-201.202645,	88.600368
2.000000,	114.730476,	-492.673768,	104.184850
2.000000,	249.608045,	-564.742280,	62.411230
2.000000,	163.600943,	-105.172344,	-12.471352
2.000000,	257.259662,	67.970002,	-76.681860
2.000000,	176.586200,	115.931381,	-132.501783
2.000000,	105.641643,	143.982998,	-149.775716
2.000000,	159.974512,	36.834873,	-104.691840
2.000000,	106.952764,	2.586246,	-131.615526
2.000000,	55.492899,	0.824870,	-137.716719
2.000000,	-69.138213,	60.937807,	23.689570
0.000000,	22.219224,	-14.880164,	53.096820
0.000000,	40.032919,	-24.892721,	6.475832
0.000000,	11.970231,	-11.305230,	-30.103938
0.000000,	-15.872571,	3.401386,	-30.731619
0.000000,	-21.346116,	6.594279,	-18.645149
0.000000,	-13.345488,	5.643940,	-9.256055
0.000000,	-5.447321,	4.230838,	-4.190716
0.000000,	-0.278329,	2.952932,	-1.436802
0.000000,	2.845292,	1.282075,	-0.168181
0.000000,	3.925995,	-0.196185,	0.496935
0.000000,	4.577492,	-1.412738,	0.796540
0.000000,	5.698789,	-0.804979,	1.011412
0.000000,	6.257715,	-0.360512,	1.361295
0.000000,	6.537748,	0.295663,	1.227823
2.000000,	20.306305,	3.446571,	-2.537752
2.000000,	7.765094,	0.908575,	2.836982
2.000000,	3.868626,	0.900754,	0.605463
2.000000,	0.470208,	1.359914,	-0.218501
0.000000,	-10.054614,	6.127986,	1.165623
0.000000,	-6.138430,	2.792107,	-0.571226
2.000000,	8.413368,	-0.403761,	-7.524053
2.000000,	0.168701,	-0.518884,	1.744398
2.000000,	0.108652,	0.059385,	0.219430
2.000000,	-0.717398,	0.329497,	0.313918
2.000000,	-0.863636,	0.487533,	-0.024140
2.000000,	-0.946741,	0.543033,	-0.060323
2.000000,	-0.868934,	0.517247,	-0.058508
2.000000,	-0.722333,	0.438666,	-0.004940
2.000000,	-0.542218,	0.335882,	0.056475
2.000000,	-0.382643,	0.223136,	0.101654
2.000000,	-0.239558,	0.129469,	0.137240
2.000000,	-0.121533,	0.058955,	0.156476
2.000000,	-0.035001,	0.010381,	0.162372
2.000000,	0.022476,	-0.017402,	0.155004
2.000000,	0.056231,	-0.028636,	0.140014
2.000000,	0.061637,	-0.028621,	0.125524
2.000000,	0.059381,	-0.021543,	0.103022
2.000000,	0.052143,	-0.010757,	0.081327
2.000000,	0.042356,	0.000780,	0.062213
2.000000,	0.037761,	0.003065,	0.068334
2.000000,	0.043296,	-0.003875,	0.079546
2.000000,	0.049235,	-0.005442,	0.066162
2.000000,	0.046223,	-0.000947,	0.051905
2.000000,	0.038452,	0.006310,	0.038090
2.000000,	0.030518,	0.014416,	0.027359
2.000000,	0.021133,	0.021278,	0.018806
2.000000,	0.013956,	0.026189,	0.013376
2.000000,	0.009163,	0.029605,	0.010055
2.000000,	0.004721,	0.030707,	0.006717
2.000000,	0.003237,	0.031087,	0.005792
0.000000,	116.728343,	-267.396651,	166.744333
0.000000,	153.194977,	-186.010348,	133.008647
0.000000,	172.064105,	-46.570081,	96.873858
0.000000,	168.137818,	65.792595,	-1.894438
0.000000,	132.445952,	186.935427,	-17.374115
0.000000,	-15.573419,	229.013461,	29.686977
0.000000,	12.917863,	-36.451695,	-32.154988
0.000000,	-73.491121,	-72.793867,	79.467163
0.000000,	-115.587733,	-53.029596,	-60.997701
0.000000,	-130.309597,	-59.595719,	-6.691588
0.000000,	-137.998903,	-74.744859,	-25.597473
0.000000,	-137.318064,	-69.759705,	-15.314715
0.000000,	-127.484751,	-65.532701,	-19.456549
0.000000,	-112.033338,	-56.875725,	-15.635247
0.000000,	-92.339248,	-47.294650,	-12.758967
0.000000,	-70.468778,	-35.491465,	-9.922658
0.000000,	-47.525086,	-24.305028,	-7.132192
0.000000,	-25.563032,	-12.739418,	-3.583721
0.000000,	-4.615924,	-1.832743,	-0.949297
0.000000,	13.211761,	7.172220,	2.294824
0.000000,	27.891772,	15.483975,	4.023348
0.000000,	40.448208,	21.363451,	6.031805
0.000000,	48.959225,	26.273317,	7.029701
0.000000,	54.599749,	28.592401,	8.100662
0.000000,	56.314493,	30.046488,	7.842265
0.000000,	55.532129,	28.383971,	8.187988
0.000000,	50.682440,	26.759385,	7.054302
0.000000,	44.411514,	22.525548,	6.935012
0.000000,	35.274915,	18.668095,	4.451125
0.000000,	26.346805,	12.618345,	4.214911
0.000000,	15.706893,	8.891560,	1.360114
0.000000,	7.105256,	2.095231,	1.767145
0.000000,	-3.004289,	-0.366365,	-1.779126
0.000000,	-9.253201,	-7.031540,	-0.195137
0.000000,	-17.279540,	-6.991635,	-4.268862
0.000000,	-19.692795,	-13.195868,	-1.135190
0.000000,	-24.977224,	-10.088512,	-5.724611
0.000000,	-23.283766,	-15.569781,	-1.308612
0.000000,	-25.950115,	-9.886800,	-6.017434
0.000000,	-20.785430,	-14.694535,	-0.627904
0.000000,	-21.683818,	-6.890257,	-5.720393
0.000000,	-13.916870,	-12.030446,	1.093856
0.000000,	-14.736471,	-1.869426,	-5.658342
0.000000,	-4.785045,	-9.175871,	3.794366
0.000000,	-7.579839,	4.427014,	-6.409206
0.000000,	4.815081,	-7.608794,	7.547853
0.000000,	-2.241526,	11.462748,	-8.554139
0.000000,	13.825222,	-8.263031,	12.590822
0.000000,	0.052097,	18.733263,	-12.572074
0.000000,	21.667622,	-11.669809,	19.123143
0.000000,	-1.146241,	26.179430,	-18.653427
0.000000,	28.525237,	-18.837427,	27.855496
0.000000,	-5.715583,	35.571529,	-28.057635
0.000000,	246.499965,	76.683786,	125.054380
0.000000,	147.311724,	122.803612,	-64.854559
0.000000,	164.403717,	114.455967,	36.226148
0.000000,	145.729165,	46.124928,	25.035852
0.000000,	60.177217,	34.040902,	3.351204
0.000000,	16.165217,	-0.182710,	6.347384
0.000000,	-33.720423,	-15.150688,	-13.932301
0.000000,	-66.369534,	-38.660080,	-3.753659
0.000000,	-96.474355,	-47.494480,	-22.828018
0.000000,	-110.225527,	-59.797467,	-12.406647
0.000000,	-121.458125,	-61.151534,	-22.653025
0.000000,	-121.431755,	-63.434130,	-15.222456
0.000000,	-118.327292,	-59.723987,	-18.049915
0.000000,	-108.440214,	-55.448214,	-13.521114
1.000000,	-222.460202,	-204.096021,	-86.419989
0.000000,	-135.809758,	-259.460988,	-93.318227
0.000000,	-170.427731,	-199.548992,	-107.577458
0.000000,	-201.806155,	-85.168838,	-14.101520
0.000000,	-148.183531,	41.088536,	85.304443
0.000000,	-52.335958,	-8.023280,	-18.272054
0.000000,	-25.273828,	37.433544,	-13.254698
0.000000,	27.659043,	45.918120,	4.608733
0.000000,	80.511213,	39.342178,	25.591321
0.000000,	98.034463,	67.761724,	5.136647
0.000000,	132.555074,	57.502527,	30.949125
0.000000,	125.844961,	78.718449,	8.828515
0.000000,	141.506678,	70.500155,	27.125470
0.000000,	129.949999,	69.220545,	14.542059
0.000000,	121.473587,	64.032510,	17.391961
0.000000,	106.538682,	54.887495,	15.095593
0.000000,	87.012208,	44.444594,	13.359302
0.000000,	64.878228,	33.605621,	8.991131
0.000000,	42.779606,	21.331485,	7.135881
0.000000,	20.081176,	10.367476,	1.854446
0.000000,	0.421789,	-1.462216,	0.875528
0.000000,	-18.631281,	-9.498124,	-4.529983
0.000000,	-32.282857,	-18.828182,	-3.500436
0.000000,	-44.953053,	-22.406376,	-8.963946
0.000000,	-50.110533,	-28.191515,	-5.446491
0.000000,	-55.420877,	-26.885301,	-10.607246
0.000000,	-53.320309,	-29.623823,	-5.392791
0.000000,	-53.024978,	-25.405185,	-9.522246
0.000000,	-45.823971,	-26.052578,	-3.881555
0.000000,	-41.936814,	-18.786285,	-8.095833
0.000000,	-31.273155,	-18.943134,	-1.578909
0.000000,	-26.254097,	-9.664552,	-6.477588
0.000000,	-13.846738,	-11.152056,	2.000628
2.000000,	325.121558,	171.077459,	-116.581601
0.000000,	257.352762,	143.203910,	227.484329
0.000000,	252.835478,	130.241719,	101.208561
0.000000,	217.208436,	90.596850,	29.577097
0.000000,	151.293338,	59.475061,	0.974045
0.000000,	60.685402,	32.762753,	-0.857707
1.000000,	43.019557,	-16.967235,	44.610482
1.000000,	44.319930,	-7.992689,	-33.822551
1.000000,	-64.255119,	23.807314,	-38.246360
1.000000,	-155.711587,	-39.987383,	15.276817
1.000000,	-173.417056,	-57.986550,	-19.476522
1.000000,	-192.539962,	-95.714555,	-19.464558
1.000000,	-198.310354,	-92.940885,	-28.336912
1.000000,	-194.038983,	-97.948884,	-23.641515
1.000000,	-179.660127,	-90.590223,	-25.003797
1.000000,	-160.864775,	-81.316758,	-18.547348
1.000000,	-135.578077,	-68.032278,	-17.069405
1.000000,	-109.453959,	-54.043550,	-12.660121
1.000000,	-81.077213,	-38.132499,	-8.496050
1.000000,	-51.537749,	-21.151387,	-1.920670
1.000000,	-22.161975,	-5.522204,	0.786713
1.000000,	3.002282,	6.377864,	4.812710
1.000000,	25.635051,	16.676878,	5.669777
1.000000,	42.430552,	24.253320,	7.940914
1.000000,	55.727834,	30.579129,	8.282110
1.000000,	64.797535,	33.930572,	9.297783
1.000000,	70.562550,	36.416376,	8.689679
1.000000,	72.679168,	36.711903,	8.130333
1.000000,	71.479609,	35.490582,	6.979174
1.000000,	67.279924,	32.806331,	5.914795
1.000000,	60.948981,	28.900663,	4.994126
1.000000,	52.496998,	24.284358,	4.071980
1.000000,	42.679089,	19.445011,	2.921780
1.000000,	32.099694,	14.244322,	1.934881
2.000000,	62.562624,	-128.076241,	223.586786
2.000000,	71.771963,	-12.779595,	230.889335
2.000000,	102.926908,	64.414686,	122.484010
2.000000,	53.851562,	171.791345,	-171.619684
2.000000,	104.795628,	55.113456,	-151.600268
2.000000,	-226.422553,	-215.217935,	-162.020020
2.000000,	-166.397128,	167.565269,	217.720882
2.000000,	109.474126,	247.824930,	45.651283
2.000000,	104.914223,	218.115196,	-54.591333
2.000000,	102.421459,	129.286813,	-9.257563
2.000000,	87.200985,	55.986915,	23.784697
2.000000,	67.999929,	22.859017,	-4.144533
2.000000,	25.641608,	10.350159,	-7.313909
2.000000,	-5.403162,	1.575732,	-6.019112
2.000000,	-32.860202,	-6.717747,	-7.284933
2.000000,	-54.438229,	-22.150250,	-7.164246
2.000000,	-73.771213,	-32.971270,	-14.698536
2.000000,	-89.034695,	-38.257286,	-12.299040
2.000000,	-93.930853,	-45.765732,	-14.494416
2.000000,	-95.783313,	-47.085053,	-14.570049
2.000000,	-90.428680,	-44.775916,	-12.334500
2.000000,	-80.318220,	-41.058572,	-8.650106
2.000000,	-68.007036,	-35.243138,	-7.182040
2.000000,	-53.835797,	-28.853914,	-4.158543
2.000000,	-39.209523,	-21.605367,	-1.694865
2.000000,	-25.398929,	-13.914090,	-0.323534
2.000000,	-12.051417,	-6.169751,	1.188239
2.000000,	0.315749,	1.039886,	2.312587
2.000000,	11.245608,	6.838764,	3.146736
2.000000,	20.000825,	11.470691,	3.550970
2.000000,	135.945010,	-84.959020,	-74.678429
2.000000,	18.505304,	-34.013062,	-30.812807
2.000000,	-56.189673,	14.793848,	45.369260
2.000000,	-44.186694,	25.516364,	28.880053
2.000000,	-16.331658,	15.672353,	-1.526439
2.000000,	-15.729631,	17.518533,	-3.397150
2.000000,	-12.170014,	17.540507,	-6.604826
2.000000,	-9.587316,	20.054288,	-8.294817
2.000000,	-6.857666,	24.621536,	-9.352076
2.000000,	-3.296569,	31.658115,	-11.302364
2.000000,	0.414980,	40.480121,	-12.077524
2.000000,	9.898981,	45.728677,	-13.344270
2.000000,	18.740648,	50.867114,	-13.229625
2.000000,	29.005355,	50.035213,	-6.214973
2.000000,	41.653772,	35.337261,	-0.857565
2.000000,	50.718840,	21.375784,	10.517018
2.000000,	63.202477,	10.395595,	12.508581
2.000000,	64.406375,	8.694527,	15.202358
2.000000,	54.526161,	25.988064,	13.688403
2.000000,	41.989380,	42.191325,	6.634851
2.000000,	58.836262,	185.449648,	-34.674227
2.000000,	152.832021,	81.937370,	58.281886
2.000000,	178.679434,	13.145265,	71.383397
2.000000,	86.229239,	-45.545801,	63.414131
2.000000,	-48.364079,	-67.405938,	20.443851
2.000000,	-125.191494,	-72.960925,	-60.026860
0.000000,	-85.930674,	68.626767,	-114.741782
0.000000,	-156.525609,	83.578514,	-51.959023
0.000000,	-186.726666,	52.660171,	-56.753426
0.000000,	-172.101459,	6.752535,	-35.877865
0.000000,	-131.061962,	-24.000163,	-13.114920
0.000000,	-82.489908,	-38.128615,	4.523995
0.000000,	-33.832148,	-36.803400,	14.245899
0.000000,	3.077279,	-26.530443,	17.092027
0.000000,	22.507339,	-13.973984,	11.649041
0.000000,	27.321771,	-3.641448,	6.952494
0.000000,	28.523122,	3.598775,	5.398576
0.000000,	28.235194,	6.671190,	3.409646
2.000000,	13.188892,	9.540762,	-16.809018
2.000000,	10.396700,	13.016985,	-1.283819
2.000000,	13.056778,	10.601091,	-0.967282
2.000000,	13.553571,	8.806491,	-0.326414
2.000000,	12.814901,	7.176983,	0.304540
2.000000,	11.185808,	5.693955,	0.831721
2.000000,	8.917559,	4.190636,	0.922288
2.000000,	6.227078,	2.912065,	0.727802
2.000000,	3.492960,	1.859259,	0.395314
2.000000,	0.994905,	0.990468,	0.093069
2.000000,	-1.132691,	0.339581,	-0.213140
2.000000,	-2.611094,	-0.053151,	-0.569665
2.000000,	-3.591351,	-0.332202,	-0.661466
2.000000,	-4.075249,	-0.520338,	-0.678247
2.000000,	-4.168555,	-0.627240,	-0.618017
2.000000,	-3.951291,	-0.658041,	-0.518759
2.000000,	-3.504055,	-0.622065,	-0.399088
2.000000,	-2.910724,	-0.522882,	-0.302189
2.000000,	-2.229517,	-0.354523,	-0.258406
2.000000,	-1.514927,	-0.183375,	-0.136145
2.000000,	-0.824717,	-0.032878,	-0.018558
2.000000,	-0.206265,	0.097400,	0.080373
2.000000,	0.304992,	0.200334,	0.156456
2.000000,	0.695395,	0.300219,	0.195924
2.000000,	122.105923,	93.642315,	-80.015144
2.000000,	128.243629,	45.144003,	-3.085234
0.000000,	63.205975,	-73.806941,	122.847564
0.000000,	42.636310,	15.963526,	108.012937
0.000000,	31.816404,	36.808805,	54.063355
0.000000,	50.153995,	-8.128219,	-97.313840
0.000000,	-14.912979,	17.951628,	-74.317454
0.000000,	-64.937085,	27.447521,	-14.494564
0.000000,	-73.662525,	4.233077,	-31.821297
0.000000,	-78.624356,	-7.464495,	-20.566007
0.000000,	-72.002912,	-17.578412,	-17.367990
0.000000,	-62.198478,	-19.325659,	-12.583622
0.000000,	-49.744500,	-17.412788,	-8.061292
0.000000,	-36.784805,	-13.998858,	-4.503367
0.000000,	-24.716226,	-9.976650,	-1.611620
0.000000,	-14.402779,	-6.170427,	0.259471
0.000000,	-6.031922,	-2.823842,	1.380023
0.000000,	0.377585,	-0.098612,	2.092558
0.000000,	4.951058,	1.921685,	2.380466
0.000000,	7.807263,	3.360054,	2.407807
0.000000,	9.378098,	4.127867,	2.157984
0.000000,	9.866764,	4.426449,	1.782862
0.000000,	9.570883,	4.407438,	1.404610
0.000000,	8.740778,	4.121661,	1.046665
2.000000,	87.492995,	198.553328,	-24.252796
2.000000,	95.494363,	155.377903,	-5.940429
2.000000,	33.947044,	54.493062,	101.925916
2.000000,	68.554511,	-58.169980,	98.427758
2.000000,	103.721512,	-33.031857,	-18.822302
0.000000,	126.588010,	-170.461788,	-147.597943
0.000000,	127.878495,	2.050079,	97.568097
0.000000,	-61.135647,	9.812141,	-38.852134
0.000000,	-182.717462,	68.169532,	-71.337848
0.000000,	-215.737831,	103.752275,	-30.455983
0.000000,	-194.008513,	64.314679,	-16.312777
0.000000,	-121.282213,	13.789199,	-23.001026
0.000000,	-61.763487,	-5.528613,	-0.360069
0.000000,	-22.392878,	-10.618704,	6.032167
0.000000,	1.463456,	-4.247320,	9.425666
2.000000,	240.520111,	169.832066,	-209.504949
2.000000,	171.070778,	87.736278,	-236.832968
1.000000,	205.197848,	-167.853764,	-109.049185
2.000000,	36.764437,	-142.439469,	165.502167
0.000000,	-41.628954,	-388.091995,	-154.692612
0.000000,	30.599800,	-321.924435,	-74.232535
0.000000,	98.637217,	-200.447128,	-53.074537
0.000000,	176.844252,	-51.015763,	-65.825629
0.000000,	243.550381,	184.920308,	109.126663
0.000000,	93.577047,	273.104872,	42.535866
0.000000,	27.002822,	381.066065,	84.235667
0.000000,	-139.429211,	113.556672,	98.732834
0.000000,	-28.607503,	-167.908272,	56.847560
0.000000,	-136.076996,	43.769544,	-10.709761
0.000000,	-88.263518,	-122.769229,	-67.194806
0.000000,	-139.993742,	-50.656224,	-2.249855
0.000000,	-119.258273,	-78.206932,	-20.392050
0.000000,	-114.383453,	-51.639034,	-15.250315
0.000000,	-89.918222,	-52.867704,	-13.785152
0.000000,	-73.378340,	-33.300187,	-10.379492
0.000000,	-47.663307,	-26.960139,	-7.710837
0.000000,	-28.050495,	-11.839843,	-4.270214
0.000000,	-5.481146,	-3.973623,	-0.041959
0.000000,	11.056698,	8.020781,	0.958163
0.000000,	28.498312,	13.536438,	4.927899
0.000000,	38.496334,	22.489989,	4.233510
0.000000,	49.413634,	23.540604,	8.675766
0.000000,	51.375321,	30.014045,	5.188932
0.000000,	56.854155,	25.950300,	10.817554
0.000000,	50.807653,	30.894535,	4.165197
0.000000,	51.764321,	21.731902,	11.481855
0.000000,	39.501913,	26.133748,	0.904987
0.000000,	38.194547,	13.078909,	11.070211
0.000000,	21.789597,	18.065957,	-3.559564
0.000000,	20.359471,	2.189737,	10.173774
0.000000,	2.380977,	9.861655,	-8.251722
0.000000,	3.438985,	-8.854472,	9.806955
0.000000,	-14.550995,	3.190104,	-12.111480
0.000000,	-9.356522,	-16.913197,	8.759815
0.000000,	-25.702887,	-1.852904,	-14.268882
0.000000,	-16.592884,	-20.990366,	8.320128
0.000000,	-30.150796,	-3.532586,	-15.159852
0.000000,	-17.241151,	-21.986685,	8.370029
0.000000,	-28.864149,	-1.678393,	-14.747359
0.000000,	-12.423390,	-20.684809,	9.151401
0.000000,	-23.560099,	2.742798,	-14.190314
0.000000,	-4.060354,	-18.243572,	11.156881
0.000000,	-16.636432,	8.648045,	-14.543906
0.000000,	5.810742,	-15.988306,	14.765046
0.000000,	-10.290091,	15.299023,	-16.358838
0.000000,	15.566843,	-15.176188,	19.686124
0.000000,	-6.155694,	22.066683,	-19.697005
0.000000,	23.983836,	-16.563957,	25.885747
0.000000,	-5.051328,	28.673647,	-25.066246
0.000000,	31.332054,	-20.998671,	34.417925
0.000000,	-6.921659,	37.027747,	-33.686581
0.000000,	39.276341,	-29.552249,	46.976234
2.000000,	-126.334030,	-52.437140,	-149.644529
2.000000,	-80.398771,	38.851368,	-328.302306
2.000000,	-74.600293,	127.769373,	-174.147832
2.000000,	-167.185155,	122.733934,	-283.864895
2.000000,	-29.156206,	165.168695,	-252.029299
2.000000,	56.328221,	16.269658,	-77.055863
2.000000,	-78.740586,	117.215662,	101.639858
2.000000,	-68.780571,	51.202118,	58.909614
0.000000,	64.135894,	-26.140140,	54.058112
0.000000,	27.664944,	-47.139603,	-67.802461
0.000000,	-2.751532,	-77.346601,	-74.543286
0.000000,	-41.814715,	-3.106607,	-21.930041
0.000000,	-33.456013,	27.707525,	-14.766779
0.000000,	-19.732913,	33.186543,	-15.191124
0.000000,	-6.476883,	29.152486,	-10.738153
0.000000,	4.339061,	22.015368,	-6.931554
0.000000,	11.729402,	17.637757,	-3.458452
0.000000,	16.071981,	14.902408,	-1.624289
0.000000,	18.303329,	12.836225,	-0.500828
0.000000,	19.270807,	12.112789,	-0.020464
0.000000,	18.860293,	11.271935,	0.102437
0.000000,	17.408879,	10.136185,	0.184652
0.000000,	15.341069,	8.646615,	0.409681
0.000000,	12.857800,	6.956698,	0.259089
0.000000,	10.071212,	5.374968,	0.085622
0.000000,	7.205639,	3.873251,	-0.120698
0.000000,	4.520297,	2.470158,	-0.305890
0.000000,	2.186922,	1.217224,	-0.430450
0.000000,	0.295503,	0.166213,	-0.497954
0.000000,	-1.115067,	-0.651223,	-0.510961
0.000000,	-2.056385,	-1.225017,	-0.484180
0.000000,	-2.579302,	-1.569560,	-0.426927
0.000000,	-2.752114,	-1.714768,	-0.348957
0.000000,	-2.658764,	-1.698312,	-0.265705
0.000000,	-2.375125,	-1.568066,	-0.170104
0.000000,	-1.974707,	-1.358812,	-0.088889
0.000000,	-1.527968,	-1.104187,	-0.026973
0.000000,	-1.083546,	-0.839444,	0.021786
0.000000,	-0.677105,	-0.581272,	0.053684
0.000000,	-0.328950,	-0.348290,	0.072500
0.000000,	-0.052462,	-0.155307,	0.079682
0.000000,	0.150961,	-0.009569,	0.079165
0.000000,	0.285613,	0.093404,	0.073555
0.000000,	0.359403,	0.159271,	0.062195
0.000000,	0.382945,	0.192770,	0.049293
0.000000,	0.368742,	0.200634,	0.035501
0.000000,	0.331615,	0.191035,	0.023939
0.000000,	0.278839,	0.167406,	0.014118
0.000000,	0.218405,	0.136029,	0.005483
0.000000,	0.157443,	0.103748,	-0.002413
0.000000,	0.100703,	0.071540,	-0.006989
0.000000,	0.052174,	0.041589,	-0.009115
0.000000,	0.012115,	0.017111,	-0.011914
0.000000,	-0.015848,	-0.001397,	-0.010658
0.000000,	-0.037888,	-0.017424,	-0.010707
0.000000,	-0.050154,	-0.025257,	-0.010459
0.000000,	-0.053108,	-0.029856,	-0.006343
0.000000,	-0.052676,	-0.031330,	-0.006033
0.000000,	-0.049855,	-0.029747,	-0.005299
0.000000,	-0.040247,	-0.025687,	-0.001117
0.000000,	-0.030915,	-0.021527,	-0.000496
0.000000,	-0.020708,	-0.015834,	0.001271
0.000000,	-0.014944,	-0.011556,	-0.000408
0.000000,	-0.008386,	-0.007120,	0.001507
2.000000,	-280.181286,	36.850188,	-174.060578
2.000000,	-280.702416,	63.132361,	-94.233524
2.000000,	-214.913128,	73.752039,	24.994029
2.000000,	-25.291009,	-51.027887,	75.129889
2.000000,	84.703971,	-176.978515,	81.584274
2.000000,	-81.098521,	-107.122378,	-81.237680
2.000000,	-26.638202,	90.955001,	-9.658299
2.000000,	44.307017,	163.201381,	-24.311458
2.000000,	101.556410,	156.014939,	-33.038822
2.000000,	152.127185,	111.880002,	-18.582953
2.000000,	172.565507,	76.302370,	12.175898
2.000000,	163.065264,	77.721622,	19.591400
2.000000,	147.070597,	72.896110,	13.650226
2.000000,	123.029116,	63.047998,	14.584690
2.000000,	100.066694,	50.141019,	10.213876
2.000000,	74.438171,	37.217909,	5.737257
2.000000,	49.521595,	27.048074,	3.735258
2.000000,	27.609856,	17.813179,	2.517654
2.000000,	9.841368,	8.788367,	0.904013
2.000000,	-4.871638,	0.385331,	-0.663582
2.000000,	-18.466383,	-6.880414,	-1.456230
